node 1135 iteration 0
0 0
1 0
2 0
last timestep 2
node 1135 iteration 1
0 0
1 2
2 0
3 0
last timestep 3
node 1135 iteration 2
0 0
1 3
2 6
3 5
4 3
5 3
6 8
7 21
8 27
9 29
10 35
11 37
12 50
13 56
14 81
15 65
16 58
17 63
18 46
19 41
20 42
21 35
22 14
23 14
24 8
25 3
26 3
27 0
28 1
29 0
last timestep 29
node 1135 iteration 3
0 0
1 8
2 17
3 25
4 24
5 38
6 72
7 104
8 111
9 130
10 108
11 89
12 57
13 51
14 30
15 20
16 10
17 4
18 4
19 3
20 3
21 1
22 0
23 0
last timestep 23
node 1135 iteration 4
0 0
1 3
2 5
3 8
4 15
5 33
6 53
7 50
8 69
9 66
10 78
11 83
12 82
13 53
14 48
15 32
16 14
17 7
18 5
19 2
20 2
21 4
22 4
23 2
24 6
25 7
26 3
27 1
28 0
29 0
last timestep 29
node 1135 iteration 5
0 0
1 2
2 7
3 6
4 10
5 19
6 46
7 62
8 83
9 107
10 97
11 97
12 73
13 48
14 40
15 27
16 14
17 12
18 2
19 4
20 1
21 0
22 0
last timestep 22
node 1135 iteration 6
0 0
1 0
2 3
3 4
4 7
5 14
6 18
7 34
8 52
9 55
10 73
11 88
12 99
13 94
14 76
15 61
16 57
17 41
18 26
19 18
20 5
21 5
22 3
23 0
last timestep 23
node 1135 iteration 7
0 0
1 3
2 15
3 20
4 23
5 39
6 57
7 80
8 92
9 100
10 90
11 81
12 62
13 46
14 29
15 10
16 15
17 15
18 12
19 5
20 4
21 2
22 2
23 0
24 1
25 0
last timestep 25
node 1135 iteration 8
0 0
1 2
2 1
3 0
4 0
last timestep 4
node 1135 iteration 9
0 0
1 4
2 3
3 8
4 9
5 13
6 17
7 21
8 37
9 53
10 64
11 72
12 68
13 82
14 75
15 50
16 32
17 19
18 25
19 27
20 24
21 14
22 8
23 9
24 5
25 3
26 2
27 3
28 0
29 0
last timestep 29
