node 2248 iteration 0
0 0
1 1
2 1
3 0
4 0
last timestep 4
node 2248 iteration 1
0 0
1 5
2 9
3 4
4 7
5 7
6 6
7 11
8 12
9 13
10 11
11 18
12 42
13 46
14 46
15 55
16 58
17 57
18 57
19 43
20 43
21 46
22 41
23 26
24 23
25 11
26 9
27 9
28 6
29 6
30 6
31 1
32 1
33 3
34 1
35 1
36 1
37 2
38 0
39 0
last timestep 39
node 2248 iteration 2
0 0
1 4
2 3
3 8
4 17
5 21
6 28
7 54
8 69
9 74
10 107
11 92
12 87
13 58
14 48
15 33
16 19
17 20
18 10
19 4
20 3
21 4
22 6
23 5
24 0
25 0
last timestep 25
node 2248 iteration 3
0 0
1 0
2 0
last timestep 2
node 2248 iteration 4
0 0
1 6
2 6
3 3
4 2
5 11
6 14
7 29
8 54
9 56
10 79
11 100
12 108
13 95
14 87
15 48
16 45
17 46
18 39
19 28
20 16
21 7
22 2
23 2
24 1
25 0
26 0
last timestep 26
node 2248 iteration 5
0 0
1 3
2 2
3 3
4 5
5 8
6 11
7 16
8 25
9 35
10 42
11 51
12 63
13 81
14 92
15 82
16 73
17 78
18 53
19 32
20 20
21 16
22 5
23 8
24 7
25 3
26 2
27 1
28 0
29 0
last timestep 29
node 2248 iteration 6
0 0
1 1
2 3
3 9
4 4
5 6
6 11
7 14
8 11
9 21
10 31
11 31
12 56
13 55
14 76
15 97
16 107
17 94
18 69
19 53
20 29
21 17
22 9
23 9
24 3
25 3
26 1
27 0
28 0
last timestep 28
node 2248 iteration 7
0 0
1 4
2 13
3 16
4 15
5 14
6 22
7 34
8 65
9 77
10 100
11 104
12 94
13 88
14 52
15 45
16 29
17 18
18 14
19 3
20 2
21 1
22 0
23 0
last timestep 23
node 2248 iteration 8
0 0
1 4
2 3
3 7
4 5
5 5
6 14
7 11
8 10
9 22
10 18
11 30
12 23
13 27
14 30
15 52
16 71
17 87
18 72
19 92
20 79
21 67
22 48
23 29
24 18
25 16
26 10
27 1
28 0
29 0
last timestep 29
node 2248 iteration 9
0 0
1 6
2 3
3 3
4 6
5 18
6 24
7 42
8 54
9 57
10 54
11 57
12 69
13 51
14 54
15 50
16 59
17 34
18 22
19 13
20 9
21 12
22 7
23 4
24 1
25 1
26 0
27 0
last timestep 27
