node 125 iteration 0
0 0
1 3
2 1
3 2
4 2
5 4
6 4
7 3
8 3
9 5
10 11
11 20
12 29
13 45
14 46
15 42
16 49
17 55
18 65
19 61
20 58
21 38
22 48
23 32
24 24
25 34
26 11
27 11
28 5
29 5
30 2
31 2
32 2
33 0
34 0
last timestep 34
node 125 iteration 1
0 0
1 5
2 4
3 6
4 9
5 20
6 42
7 50
8 77
9 97
10 124
11 125
12 106
13 63
14 49
15 26
16 19
17 19
18 8
19 4
20 2
21 1
22 0
23 0
last timestep 23
node 125 iteration 2
0 0
1 2
2 1
3 2
4 1
5 0
6 0
last timestep 6
node 125 iteration 3
0 0
1 3
2 6
3 10
4 14
5 19
6 30
7 31
8 46
9 55
10 47
11 52
12 56
13 49
14 53
15 46
16 33
17 47
18 38
19 33
20 35
21 25
22 22
23 13
24 4
25 1
26 0
27 1
28 1
29 1
30 0
last timestep 30
node 125 iteration 4
0 0
1 3
2 6
3 16
4 31
5 54
6 73
7 71
8 104
9 104
10 82
11 68
12 65
13 51
14 36
15 14
16 12
17 3
18 5
19 2
20 0
21 1
22 1
23 2
24 0
last timestep 24
node 125 iteration 5
0 0
1 4
2 8
3 7
4 7
5 7
6 7
7 13
8 14
9 16
10 17
11 26
12 34
13 48
14 38
15 35
16 45
17 24
18 30
19 39
20 45
21 49
22 27
23 24
24 20
25 16
26 12
27 6
28 6
29 4
30 2
31 0
32 0
last timestep 32
node 125 iteration 6
0 0
1 2
2 2
3 4
4 7
5 7
6 19
7 15
8 24
9 44
10 59
11 79
12 89
13 107
14 85
15 84
16 66
17 46
18 45
19 27
20 18
21 8
22 8
23 8
24 3
25 1
26 1
27 0
28 0
last timestep 28
node 125 iteration 7
0 0
1 4
2 11
3 12
4 23
5 26
6 44
7 48
8 75
9 95
10 83
11 70
12 75
13 74
14 42
15 26
16 22
17 9
18 16
19 9
20 3
21 3
22 0
23 1
24 0
last timestep 24
node 125 iteration 8
0 0
1 2
2 1
3 2
4 1
5 2
6 0
7 0
last timestep 7
node 125 iteration 9
0 0
1 2
2 1
3 0
4 0
last timestep 4
