node 1139 iteration 0
0 0
1 0
2 0
last timestep 2
node 1139 iteration 1
0 0
1 2
2 0
3 0
last timestep 3
node 1139 iteration 2
0 0
1 4
2 2
3 3
4 5
5 3
6 0
7 2
8 5
9 11
10 21
11 33
12 51
13 57
14 63
15 94
16 83
17 93
18 70
19 68
20 50
21 16
22 19
23 9
24 10
25 11
26 7
27 8
28 0
last timestep 28
node 1139 iteration 3
0 0
1 2
2 0
3 0
last timestep 3
node 1139 iteration 4
0 0
1 2
2 2
3 3
4 1
5 0
6 0
last timestep 6
node 1139 iteration 5
0 0
1 4
2 8
3 17
4 28
5 36
6 70
7 78
8 108
9 105
10 82
11 70
12 62
13 45
14 23
15 20
16 16
17 12
18 1
19 0
20 0
last timestep 20
node 1139 iteration 6
0 0
1 2
2 4
3 8
4 20
5 30
6 53
7 75
8 86
9 99
10 107
11 99
12 66
13 53
14 29
15 19
16 11
17 3
18 1
19 1
20 0
21 0
last timestep 21
node 1139 iteration 7
0 0
1 1
2 4
3 4
4 22
5 41
6 76
7 83
8 101
9 126
10 102
11 77
12 61
13 44
14 35
15 22
16 20
17 13
18 10
19 8
20 2
21 1
22 0
23 1
24 0
last timestep 24
node 1139 iteration 8
0 0
1 2
2 1
3 0
4 0
last timestep 4
node 1139 iteration 9
0 0
1 6
2 10
3 11
4 20
5 28
6 28
7 26
8 27
9 43
10 76
11 95
12 97
13 83
14 55
15 53
16 52
17 45
18 30
19 26
20 19
21 6
22 5
23 1
24 0
25 0
last timestep 25
