node 1098 iteration 0
0 0
1 2
2 1
3 2
4 14
5 12
6 29
7 29
8 60
9 64
10 74
11 93
12 84
13 53
14 45
15 46
16 44
17 33
18 24
19 18
20 14
21 11
22 8
23 2
24 1
25 2
26 1
27 1
28 3
29 2
30 2
31 1
32 1
33 2
34 1
35 0
36 0
last timestep 36
node 1098 iteration 1
0 0
1 2
2 2
3 2
4 3
5 5
6 6
7 5
8 9
9 11
10 13
11 34
12 29
13 63
14 69
15 95
16 72
17 56
18 43
19 47
20 41
21 31
22 15
23 11
24 6
25 8
26 9
27 5
28 2
29 2
30 0
31 2
32 0
last timestep 32
node 1098 iteration 2
0 0
1 2
2 0
3 0
last timestep 3
node 1098 iteration 3
0 0
1 3
2 2
3 4
4 1
5 10
6 16
7 26
8 47
9 84
10 98
11 108
12 88
13 78
14 62
15 63
16 46
17 32
18 24
19 22
20 12
21 10
22 5
23 10
24 3
25 0
26 0
last timestep 26
node 1098 iteration 4
0 0
1 5
2 6
3 8
4 11
5 23
6 25
7 37
8 47
9 56
10 87
11 71
12 70
13 81
14 64
15 68
16 42
17 37
18 21
19 12
20 12
21 6
22 9
23 3
24 3
25 0
26 1
27 2
28 0
last timestep 28
node 1098 iteration 5
0 0
1 2
2 1
3 1
4 0
5 0
last timestep 5
node 1098 iteration 6
0 0
1 4
2 9
3 13
4 21
5 35
6 48
7 48
8 50
9 57
10 50
11 43
12 58
13 53
14 62
15 43
16 35
17 27
18 28
19 29
20 16
21 15
22 6
23 2
24 0
25 0
last timestep 25
node 1098 iteration 7
0 0
1 3
2 7
3 8
4 22
5 37
6 59
7 73
8 92
9 87
10 77
11 45
12 43
13 44
14 44
15 47
16 39
17 30
18 11
19 9
20 4
21 2
22 4
23 1
24 0
25 0
last timestep 25
node 1098 iteration 8
0 0
1 6
2 7
3 11
4 12
5 9
6 13
7 18
8 40
9 65
10 87
11 81
12 111
13 77
14 63
15 44
16 32
17 23
18 11
19 11
20 10
21 1
22 1
23 0
24 0
last timestep 24
node 1098 iteration 9
0 0
1 6
2 5
3 8
4 11
5 16
6 27
7 30
8 55
9 54
10 58
11 61
12 79
13 79
14 84
15 75
16 60
17 48
18 33
19 24
20 12
21 8
22 7
23 2
24 0
25 2
26 3
27 1
28 0
last timestep 28
