node 762 iteration 0
0 0
1 6
2 5
3 6
4 14
5 24
6 46
7 57
8 81
9 97
10 93
11 58
12 71
13 48
14 42
15 28
16 24
17 15
18 8
19 8
20 3
21 6
22 6
23 3
24 1
25 0
26 0
last timestep 26
node 762 iteration 1
0 0
1 1
2 6
3 2
4 9
5 5
6 12
7 30
8 37
9 56
10 82
11 88
12 82
13 75
14 72
15 59
16 41
17 38
18 29
19 16
20 13
21 17
22 10
23 12
24 3
25 0
26 0
last timestep 26
node 762 iteration 2
0 0
1 7
2 3
3 9
4 27
5 26
6 45
7 56
8 70
9 73
10 109
11 88
12 80
13 82
14 70
15 61
16 39
17 23
18 11
19 7
20 5
21 4
22 0
23 0
last timestep 23
node 762 iteration 3
0 0
1 8
2 15
3 36
4 34
5 59
6 85
7 91
8 95
9 93
10 76
11 64
12 48
13 33
14 16
15 9
16 3
17 5
18 3
19 2
20 1
21 0
22 0
last timestep 22
node 762 iteration 4
0 0
1 4
2 12
3 23
4 47
5 61
6 65
7 73
8 89
9 88
10 74
11 95
12 53
13 37
14 32
15 23
16 11
17 8
18 12
19 8
20 5
21 2
22 1
23 1
24 0
25 0
last timestep 25
node 762 iteration 5
0 0
1 4
2 5
3 14
4 20
5 21
6 15
7 24
8 31
9 39
10 63
11 74
12 75
13 47
14 52
15 51
16 53
17 46
18 30
19 22
20 21
21 18
22 19
23 19
24 14
25 7
26 4
27 1
28 2
29 3
30 2
31 1
32 0
33 0
last timestep 33
node 762 iteration 6
0 0
1 1
2 1
3 3
4 4
5 5
6 4
7 2
8 6
9 6
10 6
11 7
12 14
13 17
14 32
15 44
16 70
17 75
18 101
19 103
20 85
21 72
22 52
23 36
24 22
25 14
26 8
27 3
28 0
29 0
last timestep 29
node 762 iteration 7
0 0
1 1
2 4
3 1
4 4
5 6
6 5
7 4
8 5
9 18
10 11
11 20
12 38
13 65
14 62
15 62
16 73
17 72
18 50
19 55
20 52
21 36
22 26
23 19
24 18
25 11
26 10
27 9
28 4
29 2
30 0
31 0
last timestep 31
node 762 iteration 8
0 0
1 8
2 8
3 19
4 30
5 33
6 36
7 70
8 85
9 90
10 84
11 73
12 58
13 50
14 30
15 28
16 14
17 17
18 11
19 10
20 2
21 3
22 5
23 1
24 0
25 0
last timestep 25
node 762 iteration 9
0 0
1 5
2 1
3 4
4 12
5 15
6 22
7 26
8 40
9 46
10 67
11 86
12 83
13 95
14 69
15 56
16 32
17 23
18 6
19 9
20 7
21 4
22 6
23 4
24 4
25 1
26 1
27 2
28 2
29 5
30 0
31 0
last timestep 31
