node 1055 iteration 0
0 0
1 4
2 1
3 7
4 3
5 2
6 0
7 0
last timestep 7
node 1055 iteration 1
0 0
1 5
2 5
3 8
4 16
5 18
6 39
7 48
8 35
9 55
10 71
11 70
12 77
13 74
14 55
15 59
16 44
17 33
18 21
19 17
20 15
21 9
22 10
23 5
24 7
25 3
26 2
27 0
28 0
last timestep 28
node 1055 iteration 2
0 0
1 5
2 3
3 2
4 0
5 0
last timestep 5
node 1055 iteration 3
0 0
1 5
2 3
3 8
4 17
5 24
6 39
7 45
8 80
9 115
10 124
11 106
12 91
13 69
14 52
15 35
16 25
17 15
18 3
19 3
20 3
21 0
22 0
last timestep 22
node 1055 iteration 4
0 0
1 5
2 7
3 6
4 8
5 11
6 13
7 15
8 13
9 21
10 28
11 30
12 20
13 24
14 23
15 32
16 37
17 54
18 51
19 43
20 59
21 52
22 39
23 34
24 34
25 20
26 13
27 13
28 15
29 8
30 8
31 7
32 6
33 3
34 2
35 0
36 0
last timestep 36
node 1055 iteration 5
0 0
1 2
2 0
3 0
last timestep 3
node 1055 iteration 6
0 0
1 5
2 8
3 7
4 4
5 4
6 8
7 8
8 18
9 29
10 31
11 51
12 71
13 77
14 76
15 88
16 76
17 44
18 32
19 27
20 13
21 12
22 7
23 11
24 3
25 5
26 5
27 4
28 4
29 1
30 0
31 0
last timestep 31
node 1055 iteration 7
0 0
1 3
2 2
3 6
4 10
5 18
6 22
7 38
8 31
9 44
10 48
11 76
12 71
13 68
14 53
15 56
16 50
17 43
18 30
19 16
20 24
21 14
22 13
23 13
24 9
25 3
26 6
27 8
28 6
29 0
30 0
last timestep 30
node 1055 iteration 8
0 0
1 5
2 8
3 7
4 17
5 31
6 31
7 51
8 72
9 104
10 111
11 88
12 77
13 62
14 33
15 27
16 21
17 20
18 13
19 8
20 7
21 5
22 10
23 4
24 7
25 1
26 5
27 3
28 5
29 4
30 6
31 5
32 3
33 0
34 0
last timestep 34
node 1055 iteration 9
0 0
1 3
2 3
3 6
4 6
5 3
6 1
7 2
8 0
9 1
10 1
11 1
12 3
13 5
14 15
15 13
16 15
17 28
18 41
19 50
20 58
21 90
22 101
23 96
24 105
25 91
26 52
27 41
28 20
29 16
30 4
31 1
32 3
33 5
34 1
35 0
last timestep 35
