node 1019 iteration 0
0 0
1 7
2 11
3 10
4 10
5 17
6 29
7 38
8 44
9 67
10 65
11 68
12 71
13 40
14 56
15 44
16 34
17 32
18 27
19 13
20 10
21 5
22 5
23 2
24 2
25 0
26 0
last timestep 26
node 1019 iteration 1
0 0
1 3
2 5
3 2
4 3
5 1
6 1
7 2
8 3
9 9
10 13
11 10
12 17
13 36
14 84
15 93
16 119
17 101
18 90
19 61
20 38
21 31
22 26
23 18
24 6
25 6
26 2
27 5
28 0
29 0
last timestep 29
node 1019 iteration 2
0 0
1 10
2 11
3 10
4 17
5 18
6 41
7 49
8 72
9 83
10 83
11 95
12 76
13 60
14 44
15 42
16 44
17 35
18 32
19 22
20 17
21 18
22 6
23 3
24 1
25 1
26 0
27 0
last timestep 27
node 1019 iteration 3
0 0
1 7
2 0
3 0
last timestep 3
node 1019 iteration 4
0 0
1 9
2 5
3 4
4 9
5 20
6 37
7 43
8 58
9 70
10 75
11 78
12 93
13 78
14 57
15 43
16 43
17 27
18 21
19 17
20 8
21 9
22 5
23 5
24 2
25 3
26 1
27 0
28 0
last timestep 28
node 1019 iteration 5
0 0
1 7
2 5
3 3
4 7
5 6
6 18
7 27
8 43
9 36
10 29
11 22
12 29
13 30
14 34
15 31
16 36
17 40
18 44
19 30
20 28
21 31
22 39
23 64
24 29
25 21
26 11
27 11
28 13
29 6
30 14
31 9
32 4
33 2
34 2
35 2
36 1
37 1
38 0
39 0
last timestep 39
node 1019 iteration 6
0 0
1 11
2 5
3 7
4 3
5 4
6 2
7 3
8 5
9 3
10 3
11 1
12 2
13 0
14 0
last timestep 14
node 1019 iteration 7
0 0
1 7
2 9
3 28
4 37
5 48
6 77
7 88
8 92
9 92
10 96
11 71
12 50
13 40
14 33
15 26
16 19
17 11
18 8
19 6
20 4
21 2
22 0
23 0
last timestep 23
node 1019 iteration 8
0 0
1 10
2 12
3 28
4 43
5 54
6 105
7 118
8 112
9 102
10 73
11 53
12 38
13 15
14 5
15 1
16 1
17 0
18 0
last timestep 18
node 1019 iteration 9
0 0
1 6
2 1
3 1
4 1
5 0
6 0
last timestep 6
