node 114 iteration 0
0 0
1 7
2 10
3 14
4 21
5 32
6 37
7 45
8 53
9 54
10 51
11 60
12 58
13 46
14 62
15 45
16 31
17 25
18 18
19 7
20 11
21 6
22 6
23 4
24 1
25 0
26 0
last timestep 26
node 114 iteration 1
0 0
1 3
2 5
3 1
4 2
5 2
6 6
7 11
8 16
9 12
10 21
11 56
12 72
13 93
14 100
15 88
16 86
17 64
18 43
19 31
20 26
21 16
22 11
23 3
24 2
25 0
26 0
last timestep 26
node 114 iteration 2
0 0
1 5
2 1
3 2
4 4
5 4
6 3
7 10
8 20
9 35
10 53
11 67
12 72
13 75
14 92
15 106
16 74
17 48
18 27
19 27
20 29
21 14
22 10
23 5
24 7
25 1
26 1
27 0
28 0
last timestep 28
node 114 iteration 3
0 0
1 7
2 12
3 33
4 37
5 47
6 77
7 102
8 93
9 90
10 84
11 69
12 54
13 36
14 26
15 18
16 5
17 5
18 1
19 0
20 0
last timestep 20
node 114 iteration 4
0 0
1 10
2 14
3 28
4 43
5 48
6 50
7 69
8 78
9 69
10 79
11 52
12 36
13 24
14 17
15 10
16 1
17 1
18 0
19 0
last timestep 19
node 114 iteration 5
0 0
1 5
2 6
3 12
4 17
5 51
6 90
7 88
8 92
9 87
10 77
11 67
12 50
13 33
14 23
15 13
16 16
17 6
18 3
19 2
20 2
21 1
22 1
23 0
24 0
last timestep 24
node 114 iteration 6
0 0
1 9
2 5
3 4
4 5
5 3
6 2
7 2
8 1
9 1
10 0
11 0
last timestep 11
node 114 iteration 7
0 0
1 8
2 17
3 23
4 42
5 55
6 80
7 73
8 96
9 81
10 98
11 84
12 61
13 47
14 42
15 25
16 10
17 5
18 6
19 4
20 3
21 0
22 0
last timestep 22
node 114 iteration 8
0 0
1 7
2 5
3 6
4 9
5 20
6 34
7 50
8 65
9 82
10 72
11 74
12 75
13 57
14 44
15 42
16 32
17 27
18 21
19 15
20 12
21 2
22 3
23 5
24 1
25 1
26 0
27 0
last timestep 27
node 114 iteration 9
0 0
1 5
2 7
3 15
4 15
5 27
6 31
7 52
8 56
9 74
10 87
11 94
12 94
13 71
14 58
15 40
16 32
17 11
18 14
19 8
20 5
21 1
22 1
23 0
24 1
25 0
last timestep 25
