node 773 iteration 0
0 0
1 4
2 4
3 4
4 8
5 19
6 30
7 24
8 37
9 58
10 111
11 95
12 100
13 99
14 57
15 41
16 39
17 32
18 28
19 20
20 15
21 6
22 6
23 3
24 1
25 1
26 0
27 0
last timestep 27
node 773 iteration 1
0 0
1 4
2 7
3 7
4 24
5 31
6 36
7 50
8 77
9 81
10 86
11 87
12 90
13 66
14 51
15 28
16 12
17 2
18 1
19 0
20 0
last timestep 20
node 773 iteration 2
0 0
1 3
2 8
3 8
4 8
5 10
6 29
7 23
8 26
9 39
10 41
11 57
12 63
13 57
14 75
15 72
16 51
17 26
18 37
19 37
20 41
21 23
22 9
23 6
24 5
25 0
26 0
last timestep 26
node 773 iteration 3
0 0
1 1
2 6
3 8
4 16
5 18
6 27
7 37
8 34
9 44
10 56
11 48
12 56
13 82
14 86
15 74
16 62
17 51
18 29
19 23
20 23
21 13
22 1
23 2
24 4
25 1
26 5
27 2
28 2
29 0
30 1
31 0
last timestep 31
node 773 iteration 4
0 0
1 1
2 0
3 2
4 4
5 4
6 12
7 24
8 51
9 60
10 55
11 75
12 77
13 77
14 52
15 50
16 34
17 32
18 24
19 27
20 16
21 6
22 3
23 1
24 2
25 0
last timestep 25
node 773 iteration 5
0 0
1 5
2 17
3 5
4 6
5 8
6 11
7 11
8 7
9 9
10 12
11 9
12 15
13 24
14 30
15 42
16 64
17 69
18 64
19 68
20 66
21 56
22 47
23 33
24 27
25 11
26 12
27 7
28 12
29 3
30 3
31 2
32 1
33 0
34 0
last timestep 34
node 773 iteration 6
0 0
1 2
2 3
3 2
4 4
5 5
6 3
7 24
8 19
9 32
10 38
11 43
12 42
13 40
14 41
15 39
16 44
17 35
18 36
19 39
20 33
21 46
22 35
23 22
24 24
25 15
26 8
27 3
28 1
29 1
30 3
31 1
32 0
33 0
last timestep 33
node 773 iteration 7
0 0
1 0
2 0
last timestep 2
node 773 iteration 8
0 0
1 7
2 12
3 13
4 23
5 24
6 43
7 64
8 103
9 103
10 102
11 105
12 64
13 60
14 63
15 32
16 24
17 12
18 5
19 0
20 0
last timestep 20
node 773 iteration 9
0 0
1 2
2 0
3 0
last timestep 3
