node 1040 iteration 0
0 0
1 2
2 1
3 2
4 11
5 6
6 23
7 37
8 50
9 55
10 72
11 66
12 63
13 52
14 34
15 29
16 21
17 15
18 16
19 18
20 21
21 20
22 13
23 16
24 9
25 4
26 5
27 4
28 6
29 5
30 6
31 0
32 1
33 0
last timestep 33
node 1040 iteration 1
0 0
1 4
2 5
3 5
4 8
5 18
6 13
7 23
8 34
9 39
10 52
11 67
12 62
13 92
14 73
15 59
16 43
17 27
18 21
19 12
20 6
21 4
22 4
23 5
24 4
25 2
26 1
27 1
28 1
29 0
30 0
last timestep 30
node 1040 iteration 2
0 0
1 5
2 5
3 18
4 22
5 29
6 42
7 44
8 63
9 89
10 105
11 76
12 65
13 54
14 45
15 23
16 21
17 22
18 20
19 17
20 15
21 12
22 15
23 7
24 0
25 1
26 0
last timestep 26
node 1040 iteration 3
0 0
1 1
2 6
3 14
4 15
5 25
6 21
7 48
8 54
9 71
10 81
11 78
12 76
13 85
14 72
15 61
16 48
17 37
18 31
19 15
20 14
21 10
22 2
23 6
24 2
25 0
26 0
last timestep 26
node 1040 iteration 4
0 0
1 4
2 6
3 9
4 13
5 20
6 30
7 64
8 74
9 81
10 70
11 65
12 68
13 57
14 59
15 26
16 21
17 9
18 14
19 8
20 3
21 4
22 6
23 4
24 2
25 2
26 1
27 2
28 0
29 0
last timestep 29
node 1040 iteration 5
0 0
1 4
2 1
3 3
4 2
5 10
6 14
7 15
8 19
9 26
10 32
11 27
12 50
13 62
14 64
15 66
16 85
17 70
18 45
19 38
20 30
21 29
22 24
23 25
24 13
25 4
26 4
27 5
28 5
29 2
30 4
31 2
32 2
33 1
34 0
35 0
last timestep 35
node 1040 iteration 6
0 0
1 4
2 6
3 5
4 8
5 15
6 15
7 17
8 16
9 32
10 31
11 36
12 58
13 71
14 98
15 96
16 80
17 63
18 42
19 32
20 24
21 22
22 10
23 1
24 9
25 2
26 3
27 3
28 4
29 2
30 2
31 1
32 0
33 0
last timestep 33
node 1040 iteration 7
0 0
1 2
2 2
3 3
4 6
5 6
6 18
7 17
8 23
9 35
10 49
11 51
12 72
13 87
14 84
15 77
16 87
17 76
18 55
19 38
20 37
21 30
22 11
23 18
24 19
25 11
26 9
27 10
28 3
29 2
30 1
31 1
32 2
33 4
34 2
35 1
36 0
37 0
last timestep 37
node 1040 iteration 8
0 0
1 6
2 4
3 8
4 13
5 11
6 12
7 13
8 24
9 43
10 45
11 62
12 64
13 70
14 98
15 118
16 92
17 62
18 49
19 29
20 21
21 7
22 5
23 3
24 1
25 4
26 1
27 0
28 1
29 1
30 1
31 0
last timestep 31
node 1040 iteration 9
0 0
1 5
2 2
3 2
4 18
5 16
6 14
7 25
8 36
9 51
10 75
11 78
12 76
13 60
14 58
15 44
16 39
17 31
18 22
19 30
20 17
21 20
22 9
23 3
24 2
25 3
26 2
27 4
28 3
29 0
30 0
last timestep 30
