node 748 iteration 0
0 0
1 3
2 1
3 1
4 2
5 3
6 2
7 6
8 17
9 16
10 33
11 42
12 66
13 74
14 81
15 76
16 63
17 47
18 48
19 38
20 27
21 32
22 18
23 9
24 10
25 9
26 7
27 4
28 4
29 1
30 1
31 1
32 3
33 0
34 0
last timestep 34
node 748 iteration 1
0 0
1 11
2 15
3 33
4 46
5 52
6 74
7 79
8 100
9 106
10 80
11 78
12 53
13 51
14 41
15 20
16 25
17 19
18 9
19 4
20 0
21 0
last timestep 21
node 748 iteration 2
0 0
1 2
2 3
3 4
4 3
5 5
6 8
7 5
8 10
9 11
10 18
11 30
12 34
13 34
14 41
15 33
16 49
17 53
18 38
19 42
20 27
21 29
22 33
23 36
24 28
25 14
26 16
27 11
28 8
29 11
30 9
31 7
32 7
33 5
34 2
35 1
36 2
37 2
38 1
39 2
40 3
41 5
42 1
43 2
44 2
45 1
46 0
47 0
last timestep 47
node 748 iteration 3
0 0
1 6
2 4
3 7
4 9
5 23
6 46
7 65
8 67
9 75
10 103
11 102
12 95
13 86
14 57
15 34
16 18
17 12
18 4
19 2
20 1
21 1
22 0
23 0
last timestep 23
node 748 iteration 4
0 0
1 4
2 7
3 9
4 12
5 27
6 33
7 62
8 60
9 71
10 60
11 82
12 79
13 56
14 51
15 31
16 26
17 13
18 14
19 10
20 14
21 14
22 8
23 8
24 10
25 11
26 8
27 2
28 3
29 0
30 0
last timestep 30
node 748 iteration 5
0 0
1 5
2 5
3 10
4 14
5 18
6 37
7 45
8 56
9 78
10 96
11 103
12 104
13 97
14 64
15 45
16 31
17 25
18 13
19 10
20 2
21 1
22 0
23 0
last timestep 23
node 748 iteration 6
0 0
1 3
2 2
3 1
4 6
5 11
6 9
7 17
8 22
9 29
10 32
11 37
12 45
13 55
14 72
15 88
16 87
17 52
18 42
19 24
20 15
21 21
22 14
23 5
24 8
25 5
26 2
27 0
28 1
29 0
last timestep 29
node 748 iteration 7
0 0
1 3
2 3
3 1
4 9
5 17
6 15
7 24
8 22
9 43
10 57
11 69
12 99
13 99
14 90
15 80
16 59
17 44
18 15
19 10
20 8
21 4
22 2
23 1
24 0
25 0
last timestep 25
node 748 iteration 8
0 0
1 3
2 5
3 11
4 9
5 28
6 38
7 67
8 84
9 108
10 104
11 84
12 66
13 59
14 53
15 29
16 27
17 23
18 17
19 13
20 5
21 9
22 0
23 1
24 2
25 0
last timestep 25
node 748 iteration 9
0 0
1 6
2 7
3 10
4 17
5 37
6 42
7 60
8 63
9 69
10 67
11 57
12 56
13 51
14 43
15 31
16 26
17 19
18 26
19 14
20 8
21 3
22 4
23 8
24 1
25 0
26 1
27 0
last timestep 27
