node 456 iteration 0
0 0
1 1
2 0
3 0
last timestep 3
node 456 iteration 1
0 0
1 1
2 1
3 0
4 0
last timestep 4
node 456 iteration 2
0 0
1 6
2 6
3 9
4 18
5 14
6 16
7 13
8 31
9 45
10 59
11 44
12 58
13 62
14 50
15 64
16 42
17 56
18 45
19 30
20 22
21 24
22 14
23 7
24 3
25 3
26 3
27 2
28 3
29 1
30 0
31 0
last timestep 31
node 456 iteration 3
0 0
1 1
2 1
3 8
4 19
5 29
6 27
7 40
8 51
9 85
10 89
11 90
12 81
13 74
14 65
15 47
16 36
17 22
18 18
19 7
20 3
21 3
22 3
23 0
24 0
last timestep 24
node 456 iteration 4
0 0
1 6
2 6
3 5
4 9
5 13
6 21
7 28
8 50
9 76
10 106
11 78
12 60
13 75
14 57
15 54
16 33
17 20
18 16
19 9
20 6
21 6
22 0
23 0
last timestep 23
node 456 iteration 5
0 0
1 1
2 6
3 12
4 12
5 11
6 17
7 29
8 48
9 36
10 48
11 80
12 83
13 75
14 63
15 56
16 41
17 34
18 30
19 26
20 18
21 17
22 8
23 6
24 2
25 1
26 2
27 0
28 0
last timestep 28
node 456 iteration 6
0 0
1 0
2 0
last timestep 2
node 456 iteration 7
0 0
1 0
2 0
last timestep 2
node 456 iteration 8
0 0
1 3
2 4
3 9
4 18
5 31
6 59
7 74
8 84
9 84
10 103
11 97
12 73
13 62
14 38
15 19
16 16
17 16
18 14
19 8
20 6
21 4
22 0
23 0
last timestep 23
node 456 iteration 9
0 0
1 2
2 7
3 9
4 9
5 16
6 16
7 18
8 32
9 24
10 30
11 47
12 55
13 61
14 58
15 57
16 51
17 63
18 52
19 38
20 30
21 41
22 37
23 40
24 20
25 12
26 8
27 4
28 1
29 0
30 0
last timestep 30
