node 156 iteration 0
0 0
1 4
2 2
3 6
4 2
5 1
6 0
7 0
last timestep 7
node 156 iteration 1
0 0
1 5
2 9
3 10
4 12
5 25
6 55
7 48
8 73
9 78
10 75
11 84
12 62
13 36
14 24
15 20
16 25
17 18
18 12
19 4
20 3
21 7
22 1
23 0
24 0
last timestep 24
node 156 iteration 2
0 0
1 4
2 1
3 3
4 10
5 13
6 25
7 27
8 46
9 51
10 73
11 78
12 91
13 93
14 91
15 75
16 54
17 45
18 23
19 22
20 19
21 16
22 4
23 4
24 4
25 1
26 0
27 0
last timestep 27
node 156 iteration 3
0 0
1 7
2 9
3 18
4 23
5 37
6 45
7 41
8 57
9 59
10 54
11 62
12 59
13 66
14 62
15 48
16 41
17 33
18 34
19 21
20 14
21 10
22 5
23 1
24 0
25 0
last timestep 25
node 156 iteration 4
0 0
1 4
2 4
3 10
4 14
5 22
6 26
7 43
8 65
9 69
10 84
11 76
12 53
13 55
14 44
15 35
16 24
17 13
18 16
19 8
20 10
21 10
22 9
23 17
24 6
25 3
26 0
27 0
last timestep 27
node 156 iteration 5
0 0
1 3
2 3
3 1
4 3
5 6
6 4
7 3
8 8
9 18
10 21
11 26
12 28
13 37
14 36
15 41
16 46
17 71
18 62
19 66
20 31
21 25
22 21
23 23
24 22
25 22
26 15
27 12
28 12
29 6
30 5
31 3
32 4
33 2
34 3
35 2
36 1
37 0
38 0
last timestep 38
node 156 iteration 6
0 0
1 3
2 8
3 2
4 3
5 8
6 7
7 6
8 13
9 16
10 31
11 31
12 61
13 77
14 79
15 74
16 70
17 65
18 44
19 44
20 29
21 20
22 17
23 15
24 8
25 4
26 3
27 2
28 0
29 0
last timestep 29
node 156 iteration 7
0 0
1 5
2 11
3 17
4 28
5 42
6 62
7 89
8 92
9 99
10 107
11 86
12 69
13 36
14 27
15 26
16 15
17 9
18 5
19 5
20 8
21 3
22 2
23 0
24 0
last timestep 24
node 156 iteration 8
0 0
1 11
2 23
3 16
4 26
5 49
6 62
7 61
8 74
9 79
10 79
11 70
12 74
13 59
14 32
15 17
16 13
17 8
18 4
19 3
20 1
21 3
22 5
23 2
24 0
25 0
last timestep 25
node 156 iteration 9
0 0
1 9
2 9
3 12
4 16
5 15
6 21
7 38
8 41
9 58
10 89
11 103
12 117
13 97
14 75
15 51
16 37
17 23
18 20
19 11
20 10
21 9
22 3
23 5
24 3
25 2
26 0
27 0
last timestep 27
