node 1491 iteration 0
0 0
1 2
2 1
3 8
4 9
5 15
6 17
7 26
8 35
9 58
10 61
11 69
12 82
13 73
14 67
15 55
16 42
17 32
18 38
19 19
20 18
21 7
22 5
23 5
24 2
25 2
26 1
27 4
28 1
29 5
30 1
31 0
32 1
33 0
last timestep 33
node 1491 iteration 1
0 0
1 5
2 6
3 9
4 18
5 32
6 34
7 52
8 60
9 73
10 107
11 96
12 81
13 83
14 52
15 51
16 30
17 28
18 12
19 11
20 6
21 6
22 5
23 4
24 2
25 0
26 1
27 1
28 0
last timestep 28
node 1491 iteration 2
0 0
1 6
2 4
3 13
4 12
5 15
6 18
7 35
8 52
9 55
10 65
11 71
12 71
13 70
14 61
15 40
16 35
17 18
18 17
19 17
20 12
21 13
22 9
23 8
24 7
25 5
26 3
27 1
28 1
29 1
30 1
31 0
32 0
last timestep 32
node 1491 iteration 3
0 0
1 3
2 3
3 6
4 10
5 16
6 34
7 58
8 84
9 82
10 101
11 93
12 72
13 45
14 50
15 46
16 28
17 19
18 14
19 5
20 4
21 0
22 0
last timestep 22
node 1491 iteration 4
0 0
1 3
2 4
3 9
4 10
5 19
6 27
7 44
8 69
9 84
10 75
11 73
12 75
13 80
14 69
15 42
16 37
17 25
18 23
19 18
20 17
21 11
22 6
23 5
24 5
25 1
26 0
27 1
28 0
last timestep 28
node 1491 iteration 5
0 0
1 3
2 5
3 7
4 10
5 11
6 20
7 24
8 35
9 51
10 73
11 68
12 68
13 86
14 80
15 76
16 49
17 46
18 31
19 21
20 8
21 6
22 5
23 3
24 0
25 1
26 0
last timestep 26
node 1491 iteration 6
0 0
1 3
2 4
3 10
4 14
5 25
6 22
7 36
8 50
9 60
10 59
11 74
12 81
13 83
14 64
15 55
16 39
17 17
18 9
19 6
20 3
21 2
22 6
23 7
24 8
25 8
26 4
27 1
28 0
29 0
last timestep 29
node 1491 iteration 7
0 0
1 3
2 2
3 5
4 6
5 6
6 10
7 24
8 31
9 38
10 58
11 74
12 87
13 109
14 87
15 62
16 53
17 43
18 30
19 26
20 18
21 11
22 4
23 2
24 1
25 1
26 0
27 0
last timestep 27
node 1491 iteration 8
0 0
1 4
2 6
3 9
4 9
5 23
6 35
7 58
8 94
9 98
10 114
11 96
12 87
13 68
14 46
15 38
16 35
17 20
18 20
19 16
20 7
21 12
22 4
23 6
24 4
25 3
26 0
27 1
28 0
last timestep 28
node 1491 iteration 9
0 0
1 3
2 3
3 2
4 0
5 0
last timestep 5
