node 514 iteration 0
0 0
1 4
2 0
3 0
last timestep 3
node 514 iteration 1
0 0
1 2
2 5
3 5
4 9
5 10
6 13
7 14
8 14
9 29
10 33
11 49
12 66
13 75
14 91
15 71
16 71
17 50
18 51
19 27
20 14
21 11
22 12
23 4
24 5
25 1
26 6
27 2
28 5
29 1
30 4
31 1
32 0
33 0
last timestep 33
node 514 iteration 2
0 0
1 6
2 14
3 10
4 15
5 15
6 22
7 37
8 45
9 68
10 94
11 118
12 103
13 81
14 81
15 56
16 44
17 27
18 26
19 23
20 17
21 9
22 6
23 6
24 0
25 1
26 0
last timestep 26
node 514 iteration 3
0 0
1 3
2 5
3 5
4 11
5 10
6 15
7 11
8 10
9 7
10 11
11 11
12 28
13 19
14 21
15 16
16 18
17 21
18 41
19 45
20 59
21 43
22 45
23 55
24 56
25 45
26 43
27 36
28 23
29 20
30 14
31 6
32 5
33 3
34 1
35 3
36 0
37 0
last timestep 37
node 514 iteration 4
0 0
1 2
2 1
3 1
4 2
5 4
6 7
7 8
8 11
9 19
10 27
11 51
12 63
13 68
14 87
15 86
16 83
17 56
18 40
19 33
20 20
21 17
22 10
23 6
24 5
25 0
26 0
last timestep 26
node 514 iteration 5
0 0
1 1
2 2
3 4
4 11
5 8
6 7
7 11
8 11
9 24
10 43
11 39
12 61
13 79
14 72
15 76
16 43
17 47
18 38
19 31
20 22
21 16
22 15
23 8
24 6
25 4
26 3
27 3
28 3
29 1
30 3
31 2
32 2
33 1
34 1
35 1
36 0
37 0
last timestep 37
node 514 iteration 6
0 0
1 2
2 7
3 10
4 20
5 16
6 37
7 62
8 68
9 77
10 75
11 82
12 77
13 65
14 73
15 55
16 37
17 22
18 16
19 8
20 12
21 8
22 2
23 0
24 0
last timestep 24
node 514 iteration 7
0 0
1 4
2 10
3 15
4 21
5 28
6 48
7 69
8 89
9 91
10 106
11 97
12 85
13 80
14 66
15 45
16 23
17 8
18 12
19 4
20 2
21 4
22 1
23 1
24 0
25 0
last timestep 25
node 514 iteration 8
0 0
1 2
2 2
3 5
4 10
5 10
6 14
7 18
8 24
9 39
10 52
11 71
12 48
13 72
14 72
15 69
16 58
17 58
18 36
19 17
20 13
21 10
22 8
23 5
24 6
25 2
26 1
27 2
28 1
29 0
30 0
last timestep 30
node 514 iteration 9
0 0
1 3
2 7
3 6
4 8
5 11
6 8
7 21
8 47
9 71
10 96
11 100
12 116
13 109
14 77
15 74
16 40
17 32
18 30
19 16
20 4
21 3
22 2
23 0
24 1
25 0
last timestep 25
