node 1057 iteration 0
0 0
1 7
2 16
3 10
4 15
5 32
6 39
7 51
8 65
9 64
10 63
11 66
12 44
13 30
14 39
15 30
16 21
17 20
18 24
19 15
20 13
21 5
22 3
23 2
24 4
25 4
26 2
27 4
28 2
29 0
30 0
last timestep 30
node 1057 iteration 1
0 0
1 8
2 10
3 24
4 25
5 24
6 42
7 66
8 97
9 79
10 80
11 77
12 55
13 39
14 37
15 27
16 11
17 7
18 2
19 1
20 0
21 0
last timestep 21
node 1057 iteration 2
0 0
1 8
2 10
3 8
4 9
5 17
6 18
7 22
8 27
9 38
10 53
11 89
12 62
13 58
14 79
15 59
16 51
17 29
18 17
19 14
20 9
21 5
22 1
23 3
24 1
25 0
26 0
last timestep 26
node 1057 iteration 3
0 0
1 5
2 5
3 9
4 19
5 29
6 42
7 47
8 72
9 70
10 78
11 63
12 63
13 67
14 60
15 51
16 43
17 28
18 32
19 26
20 16
21 8
22 2
23 3
24 1
25 0
26 0
last timestep 26
node 1057 iteration 4
0 0
1 8
2 5
3 12
4 15
5 17
6 22
7 38
8 57
9 75
10 87
11 99
12 70
13 64
14 57
15 38
16 31
17 15
18 17
19 12
20 5
21 3
22 0
23 0
last timestep 23
node 1057 iteration 5
0 0
1 7
2 4
3 9
4 2
5 5
6 6
7 8
8 8
9 17
10 15
11 29
12 45
13 50
14 45
15 53
16 61
17 68
18 56
19 66
20 56
21 47
22 29
23 22
24 20
25 10
26 13
27 6
28 7
29 6
30 0
31 0
last timestep 31
node 1057 iteration 6
0 0
1 6
2 12
3 11
4 23
5 28
6 48
7 80
8 89
9 118
10 107
11 88
12 83
13 64
14 37
15 23
16 21
17 13
18 3
19 0
20 0
last timestep 20
node 1057 iteration 7
0 0
1 6
2 10
3 11
4 14
5 19
6 30
7 47
8 69
9 88
10 81
11 91
12 89
13 64
14 43
15 29
16 25
17 27
18 15
19 6
20 6
21 3
22 1
23 1
24 0
25 0
last timestep 25
node 1057 iteration 8
0 0
1 6
2 5
3 11
4 15
5 27
6 41
7 41
8 57
9 86
10 86
11 86
12 79
13 67
14 70
15 54
16 32
17 18
18 18
19 13
20 7
21 2
22 1
23 0
24 0
last timestep 24
node 1057 iteration 9
0 0
1 7
2 14
3 19
4 39
5 43
6 47
7 69
8 82
9 66
10 62
11 63
12 63
13 44
14 33
15 15
16 11
17 8
18 4
19 3
20 4
21 3
22 4
23 5
24 10
25 9
26 3
27 3
28 4
29 2
30 2
31 0
32 0
last timestep 32
