node 728 iteration 0
0 0
1 1
2 0
3 0
last timestep 3
node 728 iteration 1
0 0
1 1
2 1
3 6
4 6
5 2
6 6
7 15
8 22
9 24
10 43
11 72
12 62
13 97
14 97
15 77
16 81
17 66
18 58
19 43
20 30
21 14
22 10
23 7
24 1
25 1
26 0
27 0
last timestep 27
node 728 iteration 2
0 0
1 4
2 1
3 0
4 0
last timestep 4
node 728 iteration 3
0 0
1 3
2 1
3 2
4 4
5 7
6 5
7 12
8 12
9 21
10 22
11 30
12 34
13 41
14 47
15 59
16 65
17 90
18 89
19 73
20 57
21 34
22 30
23 17
24 12
25 9
26 14
27 8
28 5
29 2
30 2
31 0
32 0
last timestep 32
node 728 iteration 4
0 0
1 3
2 1
3 1
4 0
5 0
last timestep 5
node 728 iteration 5
0 0
1 2
2 0
3 0
last timestep 3
node 728 iteration 6
0 0
1 2
2 3
3 8
4 3
5 2
6 5
7 7
8 13
9 14
10 20
11 30
12 48
13 62
14 65
15 51
16 65
17 68
18 65
19 53
20 53
21 49
22 38
23 14
24 7
25 9
26 8
27 4
28 9
29 3
30 1
31 0
32 0
last timestep 32
node 728 iteration 7
0 0
1 2
2 2
3 5
4 7
5 6
6 5
7 5
8 14
9 13
10 14
11 33
12 49
13 57
14 68
15 79
16 88
17 76
18 73
19 61
20 55
21 47
22 24
23 19
24 15
25 6
26 3
27 4
28 1
29 0
30 0
last timestep 30
node 728 iteration 8
0 0
1 4
2 3
3 3
4 5
5 5
6 8
7 13
8 29
9 52
10 54
11 80
12 100
13 108
14 82
15 56
16 32
17 19
18 10
19 2
20 2
21 1
22 1
23 3
24 0
25 0
last timestep 25
node 728 iteration 9
0 0
1 0
2 0
last timestep 2
