node 794 iteration 0
0 0
1 0
2 0
last timestep 2
node 794 iteration 1
0 0
1 2
2 0
3 0
last timestep 3
node 794 iteration 2
0 0
1 4
2 6
3 5
4 2
5 3
6 1
7 4
8 8
9 3
10 1
11 7
12 9
13 12
14 13
15 11
16 10
17 13
18 21
19 24
20 42
21 59
22 85
23 85
24 89
25 83
26 60
27 47
28 21
29 9
30 6
31 2
32 0
33 0
last timestep 33
node 794 iteration 3
0 0
1 2
2 4
3 1
4 1
5 4
6 23
7 26
8 43
9 75
10 99
11 114
12 114
13 88
14 54
15 39
16 38
17 32
18 33
19 18
20 12
21 10
22 6
23 3
24 4
25 1
26 1
27 0
28 2
29 0
last timestep 29
node 794 iteration 4
0 0
1 2
2 2
3 10
4 11
5 26
6 36
7 62
8 77
9 85
10 95
11 118
12 117
13 81
14 40
15 34
16 19
17 12
18 11
19 5
20 7
21 6
22 4
23 4
24 2
25 0
26 0
last timestep 26
node 794 iteration 5
0 0
1 3
2 11
3 27
4 37
5 53
6 62
7 99
8 113
9 114
10 111
11 79
12 73
13 41
14 21
15 13
16 6
17 5
18 0
19 2
20 3
21 0
last timestep 21
node 794 iteration 6
0 0
1 2
2 3
3 9
4 15
5 25
6 39
7 41
8 58
9 66
10 73
11 78
12 76
13 80
14 58
15 50
16 31
17 20
18 11
19 10
20 12
21 9
22 1
23 0
24 0
last timestep 24
node 794 iteration 7
0 0
1 5
2 10
3 22
4 29
5 50
6 50
7 51
8 82
9 82
10 112
11 87
12 57
13 49
14 30
15 11
16 6
17 7
18 2
19 2
20 0
21 0
last timestep 21
node 794 iteration 8
0 0
1 1
2 1
3 1
4 2
5 0
6 1
7 0
last timestep 7
node 794 iteration 9
0 0
1 5
2 6
3 21
4 24
5 31
6 45
7 54
8 64
9 60
10 74
11 69
12 63
13 47
14 33
15 34
16 29
17 29
18 15
19 10
20 3
21 1
22 1
23 1
24 0
25 0
last timestep 25
