node 473 iteration 0
0 0
1 0
2 0
last timestep 2
node 473 iteration 1
0 0
1 2
2 4
3 5
4 11
5 25
6 28
7 33
8 43
9 47
10 68
11 61
12 66
13 75
14 83
15 54
16 44
17 41
18 27
19 14
20 14
21 8
22 1
23 0
24 0
last timestep 24
node 473 iteration 2
0 0
1 2
2 3
3 2
4 8
5 16
6 31
7 49
8 82
9 119
10 119
11 110
12 89
13 57
14 55
15 34
16 19
17 18
18 12
19 11
20 6
21 2
22 1
23 2
24 1
25 1
26 0
27 0
last timestep 27
node 473 iteration 3
0 0
1 5
2 7
3 10
4 10
5 22
6 48
7 79
8 85
9 101
10 95
11 98
12 69
13 50
14 36
15 23
16 13
17 6
18 1
19 0
20 0
last timestep 20
node 473 iteration 4
0 0
1 2
2 5
3 6
4 11
5 21
6 34
7 69
8 80
9 100
10 92
11 83
12 75
13 58
14 55
15 44
16 35
17 20
18 12
19 14
20 9
21 10
22 12
23 10
24 2
25 1
26 1
27 0
28 0
last timestep 28
node 473 iteration 5
0 0
1 1
2 0
3 1
4 2
5 2
6 3
7 9
8 13
9 20
10 31
11 42
12 44
13 67
14 72
15 96
16 88
17 88
18 83
19 62
20 44
21 26
22 11
23 8
24 1
25 1
26 0
last timestep 26
node 473 iteration 6
0 0
1 1
2 0
3 0
last timestep 3
node 473 iteration 7
0 0
1 3
2 8
3 8
4 12
5 21
6 40
7 76
8 64
9 71
10 70
11 73
12 77
13 82
14 61
15 46
16 39
17 17
18 6
19 4
20 2
21 1
22 1
23 1
24 0
25 0
last timestep 25
node 473 iteration 8
0 0
1 2
2 1
3 0
4 0
last timestep 4
node 473 iteration 9
0 0
1 2
2 5
3 5
4 11
5 17
6 22
7 26
8 29
9 35
10 75
11 87
12 102
13 93
14 68
15 61
16 35
17 33
18 17
19 5
20 6
21 2
22 0
23 0
last timestep 23
