node 1605 iteration 0
0 0
1 2
2 1
3 0
4 0
last timestep 4
node 1605 iteration 1
0 0
1 5
2 5
3 7
4 7
5 17
6 32
7 49
8 66
9 71
10 67
11 69
12 62
13 53
14 43
15 55
16 54
17 45
18 36
19 33
20 14
21 7
22 2
23 3
24 1
25 2
26 1
27 0
28 0
last timestep 28
node 1605 iteration 2
0 0
1 5
2 4
3 4
4 0
5 1
6 1
7 3
8 5
9 2
10 2
11 2
12 5
13 12
14 16
15 15
16 19
17 32
18 45
19 47
20 80
21 93
22 82
23 54
24 37
25 38
26 17
27 18
28 15
29 6
30 4
31 3
32 3
33 1
34 0
last timestep 34
node 1605 iteration 3
0 0
1 1
2 4
3 3
4 3
5 3
6 2
7 2
8 5
9 3
10 5
11 5
12 8
13 5
14 6
15 5
16 22
17 20
18 34
19 71
20 89
21 88
22 111
23 87
24 83
25 69
26 48
27 28
28 24
29 21
30 10
31 10
32 11
33 5
34 4
35 2
36 1
37 1
38 0
39 0
last timestep 39
node 1605 iteration 4
0 0
1 3
2 6
3 12
4 3
5 10
6 15
7 19
8 33
9 35
10 34
11 52
12 53
13 80
14 80
15 78
16 80
17 52
18 45
19 29
20 23
21 18
22 11
23 10
24 6
25 10
26 2
27 3
28 1
29 1
30 0
31 0
last timestep 31
node 1605 iteration 5
0 0
1 2
2 0
3 0
last timestep 3
node 1605 iteration 6
0 0
1 1
2 0
3 0
last timestep 3
node 1605 iteration 7
0 0
1 3
2 4
3 14
4 16
5 38
6 28
7 42
8 51
9 42
10 45
11 56
12 65
13 58
14 51
15 29
16 23
17 15
18 12
19 4
20 3
21 2
22 3
23 4
24 3
25 4
26 8
27 8
28 4
29 3
30 1
31 4
32 9
33 5
34 2
35 3
36 0
37 1
38 1
39 0
last timestep 39
node 1605 iteration 8
0 0
1 4
2 5
3 4
4 7
5 10
6 10
7 21
8 25
9 37
10 41
11 73
12 80
13 87
14 59
15 41
16 33
17 34
18 26
19 23
20 23
21 11
22 14
23 12
24 12
25 8
26 13
27 7
28 5
29 3
30 3
31 2
32 4
33 6
34 1
35 0
36 0
last timestep 36
node 1605 iteration 9
0 0
1 4
2 10
3 14
4 19
5 21
6 27
7 33
8 42
9 69
10 82
11 79
12 80
13 72
14 48
15 33
16 22
17 13
18 15
19 9
20 10
21 9
22 12
23 1
24 0
25 0
last timestep 25
