node 1054 iteration 0
0 0
1 2
2 3
3 10
4 7
5 29
6 33
7 47
8 67
9 83
10 100
11 88
12 84
13 95
14 84
15 49
16 27
17 17
18 10
19 3
20 3
21 0
22 0
last timestep 22
node 1054 iteration 1
0 0
1 1
2 1
3 1
4 2
5 0
6 3
7 8
8 7
9 6
10 4
11 7
12 4
13 5
14 4
15 2
16 1
17 1
18 2
19 7
20 2
21 10
22 20
23 24
24 40
25 43
26 64
27 73
28 59
29 53
30 59
31 70
32 55
33 32
34 23
35 12
36 5
37 10
38 7
39 1
40 1
41 0
last timestep 41
node 1054 iteration 2
0 0
1 1
2 1
3 9
4 5
5 8
6 9
7 12
8 12
9 26
10 40
11 45
12 61
13 80
14 101
15 90
16 95
17 74
18 54
19 39
20 20
21 18
22 13
23 6
24 5
25 1
26 3
27 3
28 0
29 2
30 2
31 0
last timestep 31
node 1054 iteration 3
0 0
1 2
2 2
3 0
4 2
5 0
last timestep 5
node 1054 iteration 4
0 0
1 8
2 15
3 27
4 36
5 47
6 67
7 51
8 71
9 74
10 66
11 77
12 52
13 35
14 34
15 30
16 22
17 18
18 12
19 11
20 4
21 3
22 2
23 2
24 0
25 0
last timestep 25
node 1054 iteration 5
0 0
1 7
2 6
3 6
4 15
5 24
6 36
7 37
8 50
9 69
10 77
11 99
12 100
13 58
14 49
15 53
16 35
17 30
18 16
19 2
20 4
21 0
22 0
last timestep 22
node 1054 iteration 6
0 0
1 3
2 11
3 11
4 14
5 24
6 28
7 31
8 43
9 57
10 63
11 65
12 55
13 59
14 52
15 45
16 38
17 41
18 35
19 22
20 13
21 7
22 0
23 0
last timestep 23
node 1054 iteration 7
0 0
1 5
2 15
3 15
4 20
5 23
6 29
7 45
8 65
9 81
10 98
11 100
12 78
13 59
14 56
15 37
16 23
17 19
18 9
19 7
20 8
21 2
22 2
23 0
24 0
last timestep 24
node 1054 iteration 8
0 0
1 1
2 6
3 7
4 10
5 7
6 16
7 25
8 35
9 44
10 70
11 73
12 78
13 81
14 79
15 73
16 46
17 49
18 36
19 25
20 17
21 8
22 1
23 2
24 4
25 0
26 0
last timestep 26
node 1054 iteration 9
0 0
1 6
2 7
3 25
4 41
5 41
6 45
7 61
8 72
9 72
10 89
11 115
12 94
13 80
14 48
15 18
16 16
17 15
18 5
19 4
20 3
21 7
22 3
23 0
24 0
last timestep 24
