node 559 iteration 0
0 0
1 4
2 2
3 6
4 7
5 4
6 6
7 8
8 9
9 13
10 18
11 34
12 54
13 61
14 80
15 92
16 90
17 70
18 41
19 38
20 30
21 22
22 17
23 14
24 12
25 5
26 5
27 6
28 7
29 2
30 1
31 0
32 1
33 0
last timestep 33
node 559 iteration 1
0 0
1 3
2 4
3 5
4 8
5 9
6 6
7 15
8 22
9 39
10 57
11 69
12 96
13 116
14 89
15 82
16 44
17 42
18 26
19 20
20 23
21 13
22 12
23 5
24 2
25 0
26 0
last timestep 26
node 559 iteration 2
0 0
1 6
2 2
3 5
4 5
5 10
6 17
7 31
8 45
9 38
10 45
11 49
12 47
13 55
14 64
15 73
16 67
17 55
18 46
19 48
20 39
21 38
22 26
23 11
24 6
25 3
26 5
27 2
28 0
29 1
30 0
last timestep 30
node 559 iteration 3
0 0
1 5
2 11
3 16
4 20
5 17
6 24
7 34
8 65
9 89
10 89
11 83
12 85
13 66
14 50
15 33
16 23
17 11
18 3
19 3
20 0
21 0
last timestep 21
node 559 iteration 4
0 0
1 7
2 10
3 16
4 25
5 46
6 38
7 47
8 49
9 64
10 43
11 49
12 67
13 35
14 34
15 32
16 37
17 25
18 24
19 16
20 10
21 6
22 4
23 5
24 5
25 5
26 0
27 0
last timestep 27
node 559 iteration 5
0 0
1 3
2 1
3 0
4 1
5 0
last timestep 5
node 559 iteration 6
0 0
1 4
2 3
3 6
4 11
5 17
6 27
7 40
8 41
9 70
10 98
11 109
12 129
13 117
14 86
15 50
16 31
17 24
18 17
19 13
20 6
21 3
22 0
23 1
24 0
last timestep 24
node 559 iteration 7
0 0
1 6
2 16
3 16
4 41
5 45
6 69
7 99
8 102
9 114
10 95
11 84
12 57
13 53
14 26
15 14
16 3
17 3
18 2
19 2
20 1
21 1
22 1
23 0
24 0
last timestep 24
node 559 iteration 8
0 0
1 3
2 3
3 1
4 0
5 0
last timestep 5
node 559 iteration 9
0 0
1 5
2 2
3 2
4 7
5 3
6 7
7 14
8 30
9 48
10 74
11 112
12 122
13 105
14 103
15 83
16 52
17 28
18 17
19 13
20 10
21 4
22 5
23 6
24 3
25 2
26 0
27 0
last timestep 27
