node 945 iteration 0
0 0
1 1
2 2
3 8
4 8
5 8
6 2
7 0
8 0
last timestep 8
node 945 iteration 1
0 0
1 1
2 7
3 6
4 6
5 1
6 3
7 3
8 5
9 2
10 2
11 2
12 4
13 4
14 0
15 0
last timestep 15
node 945 iteration 2
0 0
1 2
2 1
3 1
4 4
5 3
6 2
7 19
8 17
9 40
10 39
11 62
12 76
13 89
14 78
15 64
16 71
17 55
18 29
19 27
20 24
21 16
22 10
23 5
24 3
25 4
26 7
27 3
28 1
29 0
30 0
last timestep 30
node 945 iteration 3
0 0
1 3
2 10
3 16
4 25
5 51
6 47
7 59
8 78
9 74
10 75
11 75
12 77
13 46
14 34
15 27
16 16
17 20
18 12
19 15
20 12
21 5
22 2
23 3
24 0
25 0
last timestep 25
node 945 iteration 4
0 0
1 6
2 11
3 8
4 13
5 27
6 27
7 35
8 51
9 76
10 75
11 88
12 97
13 100
14 91
15 70
16 50
17 30
18 18
19 11
20 3
21 1
22 1
23 1
24 1
25 0
26 0
last timestep 26
node 945 iteration 5
0 0
1 4
2 4
3 14
4 10
5 14
6 22
7 48
8 68
9 76
10 106
11 90
12 99
13 65
14 42
15 40
16 22
17 14
18 11
19 4
20 3
21 1
22 0
23 0
last timestep 23
node 945 iteration 6
0 0
1 1
2 1
3 1
4 0
5 0
last timestep 5
node 945 iteration 7
0 0
1 2
2 1
3 4
4 3
5 13
6 13
7 24
8 23
9 29
10 47
11 45
12 38
13 56
14 70
15 78
16 86
17 74
18 48
19 31
20 30
21 12
22 3
23 10
24 7
25 3
26 2
27 1
28 1
29 0
30 0
last timestep 30
node 945 iteration 8
0 0
1 6
2 6
3 8
4 24
5 27
6 46
7 79
8 104
9 105
10 101
11 100
12 92
13 68
14 60
15 29
16 20
17 10
18 10
19 6
20 2
21 2
22 2
23 1
24 0
25 0
last timestep 25
node 945 iteration 9
0 0
1 2
2 0
3 6
4 11
5 17
6 15
7 22
8 40
9 45
10 77
11 63
12 81
13 81
14 107
15 87
16 70
17 46
18 33
19 17
20 9
21 5
22 2
23 2
24 2
25 0
last timestep 25
