node 1458 iteration 0
0 0
1 0
2 0
last timestep 2
node 1458 iteration 1
0 0
1 0
2 0
last timestep 2
node 1458 iteration 2
0 0
1 4
2 5
3 6
4 14
5 19
6 20
7 32
8 53
9 65
10 92
11 87
12 96
13 74
14 59
15 51
16 49
17 34
18 21
19 15
20 8
21 4
22 6
23 2
24 2
25 0
26 3
27 1
28 1
29 4
30 3
31 0
last timestep 31
node 1458 iteration 3
0 0
1 4
2 5
3 1
4 1
5 2
6 2
7 1
8 0
9 0
last timestep 9
node 1458 iteration 4
0 0
1 4
2 7
3 5
4 10
5 17
6 29
7 29
8 44
9 84
10 77
11 91
12 87
13 77
14 83
15 63
16 42
17 42
18 24
19 19
20 14
21 7
22 10
23 6
24 3
25 0
26 0
last timestep 26
node 1458 iteration 5
0 0
1 0
2 0
last timestep 2
node 1458 iteration 6
0 0
1 2
2 2
3 4
4 12
5 9
6 17
7 36
8 52
9 89
10 101
11 92
12 98
13 92
14 69
15 67
16 41
17 36
18 31
19 10
20 4
21 2
22 2
23 2
24 0
25 0
last timestep 25
node 1458 iteration 7
0 0
1 1
2 2
3 2
4 5
5 4
6 4
7 5
8 7
9 11
10 19
11 37
12 46
13 48
14 82
15 113
16 103
17 136
18 97
19 76
20 48
21 41
22 23
23 11
24 5
25 5
26 2
27 4
28 7
29 1
30 0
31 0
last timestep 31
node 1458 iteration 8
0 0
1 0
2 2
3 2
4 2
5 16
6 36
7 57
8 61
9 89
10 85
11 84
12 81
13 64
14 44
15 25
16 29
17 23
18 20
19 15
20 8
21 6
22 6
23 3
24 0
last timestep 24
node 1458 iteration 9
0 0
1 2
2 3
3 8
4 9
5 17
6 37
7 49
8 54
9 86
10 70
11 77
12 90
13 69
14 61
15 40
16 43
17 33
18 27
19 15
20 5
21 8
22 9
23 3
24 3
25 1
26 0
27 0
last timestep 27
