node 602 iteration 0
0 0
1 1
2 0
3 0
last timestep 3
node 602 iteration 1
0 0
1 1
2 0
3 0
last timestep 3
node 602 iteration 2
0 0
1 1
2 2
3 4
4 3
5 3
6 2
7 9
8 10
9 14
10 13
11 21
12 38
13 71
14 53
15 63
16 83
17 78
18 56
19 61
20 47
21 39
22 42
23 27
24 21
25 18
26 7
27 11
28 11
29 6
30 0
31 0
last timestep 31
node 602 iteration 3
0 0
1 4
2 6
3 10
4 17
5 17
6 33
7 45
8 67
9 68
10 94
11 101
12 100
13 85
14 53
15 30
16 19
17 8
18 3
19 2
20 2
21 1
22 0
23 0
last timestep 23
node 602 iteration 4
0 0
1 3
2 5
3 10
4 7
5 23
6 30
7 39
8 49
9 69
10 82
11 70
12 77
13 66
14 62
15 51
16 29
17 20
18 14
19 15
20 15
21 16
22 4
23 3
24 2
25 3
26 2
27 1
28 2
29 2
30 2
31 0
32 0
last timestep 32
node 602 iteration 5
0 0
1 1
2 2
3 6
4 4
5 8
6 14
7 16
8 25
9 28
10 56
11 71
12 90
13 96
14 94
15 88
16 82
17 52
18 39
19 34
20 12
21 6
22 3
23 0
24 0
last timestep 24
node 602 iteration 6
0 0
1 1
2 4
3 5
4 2
5 2
6 2
7 9
8 7
9 13
10 23
11 23
12 43
13 45
14 44
15 51
16 64
17 75
18 74
19 86
20 61
21 35
22 27
23 16
24 11
25 6
26 2
27 0
28 0
last timestep 28
node 602 iteration 7
0 0
1 3
2 1
3 0
4 0
last timestep 4
node 602 iteration 8
0 0
1 3
2 1
3 2
4 7
5 9
6 17
7 36
8 40
9 59
10 54
11 77
12 89
13 94
14 82
15 84
16 79
17 59
18 40
19 26
20 13
21 11
22 7
23 8
24 2
25 1
26 0
27 0
last timestep 27
node 602 iteration 9
0 0
1 1
2 0
3 0
last timestep 3
