node 1077 iteration 0
0 0
1 4
2 4
3 3
4 4
5 4
6 2
7 2
8 3
9 5
10 8
11 5
12 4
13 6
14 4
15 2
16 2
17 13
18 9
19 16
20 41
21 78
22 95
23 128
24 146
25 101
26 88
27 57
28 30
29 16
30 13
31 4
32 4
33 0
34 1
35 0
last timestep 35
node 1077 iteration 1
0 0
1 3
2 11
3 16
4 30
5 21
6 28
7 45
8 51
9 58
10 53
11 41
12 66
13 68
14 50
15 50
16 39
17 19
18 22
19 14
20 8
21 4
22 6
23 2
24 0
25 0
last timestep 25
node 1077 iteration 2
0 0
1 6
2 19
3 42
4 76
5 98
6 96
7 99
8 96
9 69
10 53
11 63
12 34
13 25
14 23
15 20
16 10
17 6
18 0
19 0
last timestep 19
node 1077 iteration 3
0 0
1 7
2 6
3 17
4 17
5 21
6 52
7 50
8 34
9 43
10 49
11 78
12 82
13 80
14 64
15 49
16 31
17 19
18 12
19 10
20 3
21 0
22 0
last timestep 22
node 1077 iteration 4
0 0
1 5
2 9
3 22
4 43
5 61
6 62
7 93
8 97
9 79
10 76
11 41
12 29
13 24
14 21
15 12
16 6
17 6
18 8
19 5
20 8
21 6
22 0
23 0
last timestep 23
node 1077 iteration 5
0 0
1 6
2 4
3 5
4 8
5 6
6 6
7 7
8 3
9 5
10 2
11 7
12 8
13 6
14 8
15 8
16 12
17 16
18 26
19 31
20 61
21 74
22 83
23 98
24 100
25 73
26 52
27 35
28 25
29 22
30 16
31 16
32 9
33 14
34 4
35 2
36 0
37 0
last timestep 37
node 1077 iteration 6
0 0
1 3
2 8
3 14
4 30
5 29
6 26
7 35
8 37
9 38
10 43
11 68
12 59
13 76
14 66
15 57
16 48
17 36
18 33
19 24
20 23
21 21
22 12
23 5
24 2
25 0
26 0
last timestep 26
node 1077 iteration 7
0 0
1 6
2 8
3 25
4 51
5 65
6 64
7 77
8 84
9 57
10 53
11 64
12 45
13 32
14 36
15 31
16 20
17 18
18 10
19 6
20 0
21 0
last timestep 21
node 1077 iteration 8
0 0
1 7
2 7
3 21
4 33
5 58
6 70
7 87
8 84
9 102
10 84
11 100
12 63
13 34
14 28
15 17
16 5
17 8
18 3
19 2
20 2
21 1
22 0
23 0
last timestep 23
node 1077 iteration 9
0 0
1 5
2 6
3 13
4 10
5 19
6 32
7 42
8 54
9 55
10 58
11 72
12 77
13 74
14 49
15 39
16 32
17 38
18 25
19 14
20 5
21 2
22 3
23 6
24 3
25 3
26 4
27 2
28 2
29 6
30 2
31 2
32 1
33 3
34 2
35 0
36 0
last timestep 36
