node 231 iteration 0
0 0
1 0
2 0
last timestep 2
node 231 iteration 1
0 0
1 2
2 0
3 0
last timestep 3
node 231 iteration 2
0 0
1 0
2 4
3 5
4 5
5 12
6 27
7 25
8 34
9 35
10 45
11 47
12 70
13 79
14 59
15 63
16 43
17 32
18 28
19 26
20 22
21 23
22 20
23 13
24 5
25 2
26 0
last timestep 26
node 231 iteration 3
0 0
1 4
2 7
3 7
4 5
5 25
6 25
7 56
8 77
9 81
10 81
11 85
12 78
13 58
14 38
15 38
16 24
17 13
18 7
19 5
20 3
21 13
22 11
23 10
24 8
25 9
26 3
27 3
28 6
29 5
30 2
31 1
32 0
33 0
last timestep 33
node 231 iteration 4
0 0
1 2
2 1
3 6
4 1
5 3
6 2
7 2
8 0
9 0
last timestep 9
node 231 iteration 5
0 0
1 3
2 2
3 7
4 15
5 28
6 34
7 60
8 95
9 124
10 136
11 123
12 77
13 69
14 44
15 36
16 23
17 15
18 8
19 9
20 7
21 3
22 6
23 4
24 3
25 1
26 2
27 2
28 0
29 0
last timestep 29
node 231 iteration 6
0 0
1 5
2 12
3 14
4 24
5 22
6 49
7 67
8 91
9 95
10 103
11 98
12 68
13 53
14 41
15 32
16 23
17 21
18 11
19 7
20 5
21 0
22 2
23 2
24 0
last timestep 24
node 231 iteration 7
0 0
1 2
2 2
3 6
4 4
5 15
6 11
7 18
8 33
9 50
10 59
11 73
12 78
13 74
14 85
15 86
16 63
17 47
18 41
19 34
20 27
21 24
22 18
23 14
24 10
25 4
26 6
27 2
28 1
29 0
30 0
last timestep 30
node 231 iteration 8
0 0
1 0
2 0
last timestep 2
node 231 iteration 9
0 0
1 0
2 1
3 0
last timestep 3
