node 1056 iteration 0
0 0
1 1
2 2
3 4
4 12
5 8
6 8
7 9
8 10
9 12
10 28
11 40
12 55
13 80
14 113
15 97
16 79
17 80
18 46
19 37
20 23
21 14
22 12
23 7
24 4
25 1
26 0
27 0
last timestep 27
node 1056 iteration 1
0 0
1 5
2 8
3 11
4 17
5 25
6 37
7 60
8 57
9 60
10 80
11 73
12 83
13 82
14 60
15 42
16 34
17 24
18 15
19 13
20 4
21 6
22 2
23 2
24 0
25 0
last timestep 25
node 1056 iteration 2
0 0
1 4
2 13
3 13
4 17
5 34
6 31
7 46
8 49
9 64
10 66
11 76
12 83
13 66
14 67
15 67
16 68
17 39
18 23
19 19
20 13
21 8
22 4
23 2
24 1
25 1
26 0
27 0
last timestep 27
node 1056 iteration 3
0 0
1 5
2 8
3 14
4 26
5 40
6 52
7 73
8 116
9 123
10 111
11 83
12 60
13 44
14 23
15 7
16 6
17 2
18 2
19 1
20 1
21 1
22 0
23 0
last timestep 23
node 1056 iteration 4
0 0
1 1
2 1
3 0
4 0
last timestep 4
node 1056 iteration 5
0 0
1 2
2 4
3 2
4 2
5 0
6 0
last timestep 6
node 1056 iteration 6
0 0
1 3
2 1
3 1
4 1
5 1
6 3
7 1
8 2
9 0
10 0
last timestep 10
node 1056 iteration 7
0 0
1 3
2 3
3 4
4 3
5 6
6 7
7 11
8 19
9 16
10 17
11 29
12 49
13 55
14 69
15 78
16 115
17 91
18 63
19 54
20 25
21 14
22 10
23 8
24 5
25 2
26 3
27 4
28 3
29 1
30 1
31 0
32 0
last timestep 32
node 1056 iteration 8
0 0
1 8
2 7
3 6
4 6
5 12
6 13
7 35
8 61
9 83
10 107
11 106
12 110
13 119
14 86
15 56
16 33
17 16
18 9
19 9
20 3
21 5
22 3
23 0
24 0
last timestep 24
node 1056 iteration 9
0 0
1 3
2 3
3 8
4 3
5 3
6 7
7 13
8 19
9 32
10 41
11 51
12 53
13 60
14 75
15 84
16 91
17 71
18 68
19 44
20 32
21 21
22 14
23 12
24 7
25 2
26 1
27 1
28 3
29 1
30 1
31 0
32 0
last timestep 32
