node 853 iteration 0
0 0
1 0
2 0
last timestep 2
node 853 iteration 1
0 0
1 2
2 0
3 1
4 0
last timestep 4
node 853 iteration 2
0 0
1 4
2 5
3 2
4 2
5 1
6 2
7 1
8 2
9 5
10 11
11 12
12 20
13 28
14 26
15 20
16 30
17 45
18 53
19 49
20 70
21 65
22 77
23 42
24 46
25 24
26 33
27 25
28 16
29 6
30 3
31 0
32 0
last timestep 32
node 853 iteration 3
0 0
1 3
2 3
3 9
4 19
5 29
6 37
7 50
8 95
9 90
10 103
11 103
12 76
13 56
14 45
15 43
16 36
17 18
18 10
19 5
20 4
21 4
22 5
23 3
24 2
25 1
26 0
27 0
last timestep 27
node 853 iteration 4
0 0
1 4
2 4
3 18
4 19
5 39
6 68
7 93
8 94
9 91
10 108
11 93
12 55
13 44
14 27
15 19
16 9
17 6
18 3
19 0
20 0
last timestep 20
node 853 iteration 5
0 0
1 5
2 5
3 7
4 14
5 20
6 34
7 57
8 62
9 95
10 99
11 95
12 100
13 83
14 49
15 22
16 19
17 7
18 10
19 6
20 5
21 1
22 0
23 0
last timestep 23
node 853 iteration 6
0 0
1 0
2 0
last timestep 2
node 853 iteration 7
0 0
1 5
2 9
3 21
4 29
5 46
6 53
7 73
8 104
9 89
10 89
11 75
12 62
13 49
14 56
15 40
16 29
17 13
18 16
19 5
20 6
21 3
22 6
23 0
24 0
last timestep 24
node 853 iteration 8
0 0
1 1
2 1
3 0
4 0
last timestep 4
node 853 iteration 9
0 0
1 1
2 1
3 3
4 2
5 2
6 3
7 9
8 22
9 20
10 40
11 48
12 63
13 54
14 63
15 71
16 80
17 98
18 71
19 60
20 55
21 28
22 18
23 13
24 14
25 3
26 1
27 3
28 4
29 1
30 1
31 1
32 1
33 0
34 0
last timestep 34
