node 1084 iteration 0
0 0
1 2
2 8
3 7
4 4
5 7
6 2
7 1
8 0
9 0
last timestep 9
node 1084 iteration 1
0 0
1 6
2 3
3 12
4 4
5 8
6 14
7 16
8 32
9 47
10 58
11 72
12 89
13 82
14 76
15 79
16 53
17 38
18 24
19 18
20 12
21 11
22 13
23 1
24 1
25 0
26 0
last timestep 26
node 1084 iteration 2
0 0
1 5
2 4
3 10
4 21
5 36
6 55
7 76
8 104
9 104
10 97
11 71
12 54
13 40
14 25
15 21
16 11
17 5
18 1
19 0
20 0
last timestep 20
node 1084 iteration 3
0 0
1 7
2 11
3 21
4 47
5 53
6 64
7 94
8 105
9 98
10 81
11 65
12 52
13 46
14 54
15 29
16 13
17 10
18 7
19 4
20 1
21 0
22 0
last timestep 22
node 1084 iteration 4
0 0
1 3
2 6
3 16
4 20
5 42
6 48
7 64
8 47
9 60
10 73
11 68
12 69
13 73
14 85
15 69
16 45
17 25
18 15
19 4
20 6
21 6
22 2
23 2
24 1
25 0
26 0
last timestep 26
node 1084 iteration 5
0 0
1 4
2 1
3 4
4 3
5 0
6 0
last timestep 6
node 1084 iteration 6
0 0
1 4
2 5
3 5
4 12
5 14
6 12
7 14
8 18
9 19
10 33
11 26
12 38
13 39
14 63
15 59
16 69
17 77
18 58
19 53
20 26
21 22
22 8
23 6
24 5
25 3
26 4
27 4
28 5
29 1
30 0
31 0
last timestep 31
node 1084 iteration 7
0 0
1 4
2 2
3 3
4 1
5 0
6 0
last timestep 6
node 1084 iteration 8
0 0
1 4
2 6
3 3
4 3
5 4
6 4
7 8
8 6
9 14
10 14
11 24
12 32
13 33
14 61
15 90
16 91
17 80
18 67
19 65
20 51
21 50
22 36
23 17
24 22
25 17
26 16
27 10
28 9
29 5
30 6
31 1
32 2
33 5
34 2
35 4
36 2
37 0
38 0
last timestep 38
node 1084 iteration 9
0 0
1 2
2 1
3 0
4 0
last timestep 4
