node 1237 iteration 0
0 0
1 1
2 0
3 0
last timestep 3
node 1237 iteration 1
0 0
1 1
2 0
3 0
last timestep 3
node 1237 iteration 2
0 0
1 3
2 4
3 4
4 3
5 8
6 6
7 14
8 13
9 9
10 13
11 29
12 52
13 52
14 62
15 84
16 72
17 68
18 37
19 39
20 46
21 30
22 26
23 25
24 12
25 11
26 11
27 10
28 3
29 9
30 6
31 5
32 7
33 4
34 2
35 2
36 3
37 1
38 1
39 1
40 0
41 1
42 0
last timestep 42
node 1237 iteration 3
0 0
1 2
2 8
3 13
4 21
5 36
6 47
7 68
8 89
9 115
10 130
11 100
12 68
13 47
14 29
15 13
16 12
17 12
18 9
19 11
20 6
21 2
22 2
23 0
24 0
last timestep 24
node 1237 iteration 4
0 0
1 2
2 7
3 5
4 9
5 7
6 14
7 13
8 19
9 37
10 70
11 89
12 65
13 72
14 69
15 73
16 52
17 42
18 34
19 23
20 16
21 10
22 3
23 6
24 6
25 3
26 0
27 0
last timestep 27
node 1237 iteration 5
0 0
1 2
2 0
3 0
last timestep 3
node 1237 iteration 6
0 0
1 1
2 5
3 5
4 6
5 4
6 5
7 9
8 6
9 13
10 17
11 20
12 22
13 50
14 70
15 82
16 71
17 68
18 58
19 64
20 73
21 45
22 25
23 18
24 22
25 18
26 11
27 4
28 3
29 1
30 1
31 0
32 0
last timestep 32
node 1237 iteration 7
0 0
1 3
2 7
3 8
4 3
5 5
6 15
7 18
8 44
9 58
10 59
11 74
12 102
13 99
14 95
15 52
16 39
17 33
18 19
19 8
20 3
21 3
22 2
23 2
24 1
25 0
26 0
last timestep 26
node 1237 iteration 8
0 0
1 2
2 1
3 0
4 2
5 0
last timestep 5
node 1237 iteration 9
0 0
1 1
2 0
3 0
last timestep 3
