node 1107 iteration 0
0 0
1 7
2 16
3 30
4 31
5 66
6 76
7 86
8 97
9 70
10 69
11 48
12 42
13 30
14 16
15 11
16 7
17 2
18 2
19 3
20 3
21 1
22 1
23 0
24 0
last timestep 24
node 1107 iteration 1
0 0
1 6
2 12
3 12
4 12
5 12
6 18
7 45
8 69
9 93
10 101
11 102
12 77
13 55
14 49
15 29
16 16
17 12
18 17
19 4
20 5
21 6
22 5
23 2
24 0
25 0
last timestep 25
node 1107 iteration 2
0 0
1 3
2 3
3 3
4 3
5 1
6 6
7 2
8 4
9 2
10 5
11 2
12 7
13 6
14 3
15 6
16 14
17 10
18 9
19 7
20 17
21 21
22 36
23 51
24 44
25 56
26 45
27 74
28 76
29 55
30 40
31 29
32 28
33 22
34 34
35 26
36 17
37 5
38 0
39 1
40 2
41 1
42 0
last timestep 42
node 1107 iteration 3
0 0
1 9
2 18
3 39
4 61
5 61
6 78
7 92
8 94
9 82
10 64
11 60
12 26
13 14
14 12
15 12
16 7
17 7
18 7
19 5
20 3
21 3
22 1
23 1
24 0
25 0
last timestep 25
node 1107 iteration 4
0 0
1 5
2 7
3 12
4 13
5 17
6 26
7 55
8 52
9 68
10 94
11 71
12 53
13 52
14 38
15 32
16 28
17 22
18 17
19 8
20 6
21 8
22 10
23 2
24 2
25 2
26 1
27 0
28 0
last timestep 28
node 1107 iteration 5
0 0
1 7
2 14
3 22
4 37
5 79
6 69
7 81
8 97
9 76
10 77
11 72
12 63
13 43
14 25
15 11
16 12
17 11
18 5
19 1
20 1
21 3
22 1
23 0
24 0
last timestep 24
node 1107 iteration 6
0 0
1 9
2 5
3 15
4 26
5 50
6 45
7 54
8 62
9 90
10 100
11 119
12 101
13 73
14 49
15 32
16 18
17 10
18 12
19 7
20 2
21 0
22 1
23 1
24 0
last timestep 24
node 1107 iteration 7
0 0
1 10
2 8
3 20
4 32
5 49
6 50
7 58
8 67
9 79
10 79
11 70
12 65
13 66
14 35
15 24
16 22
17 24
18 12
19 8
20 5
21 6
22 5
23 5
24 4
25 2
26 2
27 2
28 1
29 2
30 2
31 0
32 0
last timestep 32
node 1107 iteration 8
0 0
1 4
2 3
3 6
4 11
5 16
6 30
7 40
8 60
9 69
10 77
11 80
12 79
13 72
14 59
15 38
16 50
17 36
18 18
19 18
20 2
21 3
22 0
23 0
last timestep 23
node 1107 iteration 9
0 0
1 7
2 13
3 23
4 24
5 31
6 46
7 52
8 62
9 69
10 81
11 88
12 59
13 60
14 55
15 21
16 28
17 17
18 10
19 5
20 6
21 7
22 6
23 1
24 0
25 0
last timestep 25
