node 770 iteration 0
0 0
1 2
2 1
3 3
4 4
5 10
6 35
7 47
8 69
9 68
10 59
11 87
12 79
13 68
14 52
15 51
16 56
17 33
18 38
19 28
20 28
21 15
22 5
23 3
24 3
25 1
26 0
27 0
last timestep 27
node 770 iteration 1
0 0
1 4
2 2
3 4
4 6
5 8
6 15
7 18
8 37
9 62
10 93
11 113
12 112
13 113
14 86
15 73
16 51
17 26
18 14
19 5
20 4
21 0
22 0
last timestep 22
node 770 iteration 2
0 0
1 5
2 2
3 5
4 6
5 4
6 2
7 1
8 0
9 0
last timestep 9
node 770 iteration 3
0 0
1 4
2 13
3 27
4 32
5 33
6 57
7 55
8 67
9 50
10 52
11 73
12 55
13 38
14 31
15 50
16 27
17 23
18 17
19 19
20 13
21 10
22 5
23 10
24 10
25 11
26 5
27 2
28 2
29 3
30 0
31 1
32 0
last timestep 32
node 770 iteration 4
0 0
1 2
2 3
3 4
4 6
5 9
6 9
7 32
8 32
9 41
10 64
11 81
12 81
13 78
14 79
15 65
16 39
17 34
18 23
19 20
20 15
21 11
22 9
23 7
24 6
25 6
26 4
27 6
28 3
29 1
30 0
31 0
last timestep 31
node 770 iteration 5
0 0
1 3
2 8
3 16
4 21
5 31
6 35
7 38
8 57
9 60
10 77
11 73
12 69
13 44
14 48
15 40
16 40
17 28
18 17
19 6
20 2
21 6
22 12
23 9
24 7
25 3
26 3
27 0
28 0
last timestep 28
node 770 iteration 6
0 0
1 1
2 1
3 2
4 12
5 12
6 28
7 29
8 24
9 52
10 90
11 80
12 94
13 97
14 90
15 74
16 50
17 34
18 26
19 18
20 8
21 7
22 4
23 5
24 4
25 3
26 1
27 0
28 0
last timestep 28
node 770 iteration 7
0 0
1 2
2 2
3 0
4 1
5 1
6 0
last timestep 6
node 770 iteration 8
0 0
1 2
2 1
3 3
4 4
5 2
6 9
7 18
8 20
9 25
10 35
11 20
12 23
13 38
14 51
15 59
16 75
17 71
18 63
19 49
20 51
21 43
22 30
23 18
24 11
25 14
26 7
27 2
28 2
29 1
30 0
31 0
last timestep 31
node 770 iteration 9
0 0
1 4
2 3
3 12
4 17
5 34
6 56
7 96
8 121
9 104
10 98
11 71
12 48
13 42
14 37
15 20
16 22
17 11
18 7
19 6
20 5
21 7
22 1
23 1
24 1
25 0
26 0
last timestep 26
