node 1105 iteration 0
0 0
1 4
2 7
3 15
4 12
5 15
6 16
7 31
8 63
9 131
10 116
11 128
12 86
13 54
14 31
15 30
16 16
17 11
18 8
19 9
20 8
21 7
22 3
23 2
24 0
25 0
last timestep 25
node 1105 iteration 1
0 0
1 4
2 10
3 8
4 15
5 28
6 26
7 53
8 60
9 101
10 95
11 82
12 81
13 71
14 52
15 39
16 30
17 13
18 4
19 3
20 2
21 0
22 0
last timestep 22
node 1105 iteration 2
0 0
1 2
2 2
3 1
4 0
5 0
last timestep 5
node 1105 iteration 3
0 0
1 3
2 4
3 5
4 7
5 9
6 12
7 29
8 25
9 26
10 37
11 59
12 86
13 88
14 127
15 94
16 79
17 59
18 36
19 30
20 18
21 13
22 6
23 7
24 9
25 10
26 3
27 0
28 0
last timestep 28
node 1105 iteration 4
0 0
1 4
2 5
3 9
4 3
5 3
6 4
7 19
8 31
9 40
10 47
11 47
12 68
13 71
14 83
15 80
16 64
17 53
18 45
19 25
20 33
21 23
22 21
23 21
24 15
25 3
26 0
27 0
last timestep 27
node 1105 iteration 5
0 0
1 1
2 1
3 1
4 2
5 0
6 0
last timestep 6
node 1105 iteration 6
0 0
1 4
2 4
3 6
4 5
5 7
6 4
7 11
8 14
9 13
10 18
11 30
12 54
13 56
14 64
15 75
16 73
17 62
18 52
19 48
20 24
21 18
22 14
23 9
24 4
25 4
26 0
27 0
last timestep 27
node 1105 iteration 7
0 0
1 2
2 8
3 17
4 27
5 47
6 76
7 82
8 93
9 83
10 84
11 65
12 71
13 60
14 32
15 31
16 12
17 10
18 6
19 1
20 0
21 0
last timestep 21
node 1105 iteration 8
0 0
1 3
2 0
3 0
last timestep 3
node 1105 iteration 9
0 0
1 5
2 5
3 15
4 18
5 25
6 34
7 43
8 41
9 44
10 44
11 56
12 69
13 59
14 63
15 53
16 59
17 56
18 44
19 24
20 21
21 18
22 10
23 8
24 1
25 1
26 1
27 1
28 0
29 0
last timestep 29
