node 1577 iteration 0
0 0
1 2
2 1
3 3
4 4
5 8
6 11
7 21
8 24
9 35
10 60
11 56
12 54
13 77
14 52
15 57
16 39
17 28
18 22
19 42
20 40
21 30
22 29
23 18
24 12
25 10
26 9
27 5
28 3
29 1
30 0
31 0
last timestep 31
node 1577 iteration 1
0 0
1 5
2 5
3 12
4 19
5 32
6 34
7 41
8 63
9 71
10 84
11 74
12 62
13 58
14 41
15 40
16 32
17 17
18 21
19 7
20 4
21 2
22 3
23 2
24 3
25 1
26 0
27 0
last timestep 27
node 1577 iteration 2
0 0
1 1
2 2
3 3
4 3
5 4
6 11
7 14
8 18
9 31
10 41
11 67
12 75
13 82
14 79
15 76
16 64
17 76
18 62
19 38
20 25
21 20
22 14
23 3
24 1
25 0
26 0
last timestep 26
node 1577 iteration 3
0 0
1 4
2 2
3 6
4 8
5 10
6 14
7 15
8 31
9 39
10 70
11 68
12 81
13 84
14 77
15 69
16 53
17 50
18 40
19 28
20 17
21 9
22 9
23 7
24 2
25 2
26 0
27 0
last timestep 27
node 1577 iteration 4
0 0
1 2
2 7
3 5
4 8
5 5
6 12
7 24
8 36
9 37
10 50
11 52
12 80
13 59
14 74
15 75
16 60
17 43
18 28
19 25
20 21
21 11
22 9
23 7
24 5
25 3
26 1
27 1
28 0
29 0
last timestep 29
node 1577 iteration 5
0 0
1 4
2 1
3 8
4 11
5 29
6 32
7 33
8 64
9 92
10 89
11 99
12 67
13 51
14 38
15 32
16 19
17 19
18 15
19 12
20 11
21 13
22 9
23 4
24 0
25 1
26 0
last timestep 26
node 1577 iteration 6
0 0
1 4
2 9
3 15
4 23
5 30
6 35
7 35
8 34
9 52
10 70
11 70
12 75
13 78
14 71
15 61
16 27
17 25
18 22
19 14
20 13
21 8
22 4
23 4
24 2
25 0
26 0
last timestep 26
node 1577 iteration 7
0 0
1 8
2 3
3 2
4 4
5 6
6 15
7 18
8 29
9 38
10 47
11 61
12 73
13 97
14 97
15 103
16 86
17 55
18 47
19 27
20 19
21 14
22 13
23 8
24 4
25 2
26 0
27 0
last timestep 27
node 1577 iteration 8
0 0
1 2
2 4
3 5
4 4
5 7
6 9
7 24
8 45
9 65
10 81
11 108
12 100
13 101
14 89
15 91
16 59
17 39
18 21
19 12
20 7
21 2
22 2
23 0
24 0
last timestep 24
node 1577 iteration 9
0 0
1 3
2 3
3 7
4 4
5 5
6 6
7 12
8 20
9 24
10 49
11 65
12 75
13 94
14 106
15 104
16 80
17 71
18 47
19 40
20 28
21 14
22 8
23 3
24 3
25 4
26 4
27 2
28 2
29 1
30 1
31 0
32 0
last timestep 32
