node 1081 iteration 0
0 0
1 3
2 2
3 7
4 2
5 2
6 0
7 0
last timestep 7
node 1081 iteration 1
0 0
1 4
2 7
3 10
4 11
5 12
6 26
7 36
8 54
9 69
10 76
11 92
12 78
13 69
14 55
15 53
16 36
17 27
18 18
19 9
20 7
21 11
22 2
23 0
24 1
25 2
26 0
last timestep 26
node 1081 iteration 2
0 0
1 3
2 3
3 4
4 18
5 19
6 52
7 72
8 91
9 138
10 117
11 92
12 90
13 54
14 38
15 28
16 20
17 15
18 15
19 9
20 6
21 7
22 12
23 2
24 0
25 0
last timestep 25
node 1081 iteration 3
0 0
1 2
2 5
3 5
4 4
5 6
6 0
7 0
last timestep 7
node 1081 iteration 4
0 0
1 4
2 2
3 5
4 4
5 12
6 5
7 7
8 5
9 7
10 4
11 5
12 2
13 1
14 5
15 6
16 9
17 12
18 20
19 23
20 28
21 31
22 35
23 36
24 38
25 48
26 64
27 73
28 68
29 67
30 56
31 53
32 28
33 14
34 5
35 2
36 1
37 0
38 0
last timestep 38
node 1081 iteration 5
0 0
1 4
2 4
3 5
4 5
5 6
6 11
7 31
8 37
9 47
10 58
11 59
12 68
13 58
14 77
15 68
16 52
17 47
18 35
19 25
20 6
21 1
22 2
23 1
24 0
25 0
last timestep 25
node 1081 iteration 6
0 0
1 8
2 4
3 6
4 9
5 6
6 5
7 12
8 17
9 23
10 29
11 31
12 41
13 57
14 62
15 75
16 43
17 42
18 48
19 33
20 28
21 29
22 22
23 22
24 25
25 20
26 12
27 9
28 9
29 9
30 7
31 2
32 1
33 0
34 0
last timestep 34
node 1081 iteration 7
0 0
1 4
2 7
3 13
4 18
5 39
6 43
7 71
8 80
9 89
10 116
11 105
12 82
13 44
14 33
15 23
16 15
17 4
18 4
19 3
20 0
21 3
22 2
23 3
24 1
25 0
last timestep 25
node 1081 iteration 8
0 0
1 2
2 4
3 5
4 18
5 46
6 70
7 89
8 136
9 152
10 115
11 97
12 70
13 36
14 22
15 22
16 11
17 3
18 1
19 0
20 0
last timestep 20
node 1081 iteration 9
0 0
1 9
2 7
3 19
4 14
5 16
6 16
7 44
8 66
9 62
10 104
11 91
12 107
13 76
14 63
15 34
16 24
17 22
18 10
19 2
20 2
21 1
22 4
23 5
24 1
25 1
26 1
27 1
28 0
29 0
last timestep 29
