node 91 iteration 0
0 0
1 7
2 5
3 6
4 8
5 13
6 9
7 7
8 9
9 25
10 33
11 47
12 57
13 52
14 63
15 66
16 39
17 29
18 38
19 44
20 38
21 24
22 29
23 27
24 14
25 10
26 9
27 3
28 1
29 0
30 0
last timestep 30
node 91 iteration 1
0 0
1 7
2 3
3 4
4 2
5 7
6 13
7 15
8 13
9 40
10 59
11 101
12 96
13 91
14 86
15 76
16 54
17 40
18 39
19 22
20 10
21 8
22 2
23 1
24 0
25 0
last timestep 25
node 91 iteration 2
0 0
1 10
2 12
3 22
4 36
5 51
6 73
7 90
8 92
9 115
10 83
11 68
12 52
13 49
14 35
15 28
16 15
17 12
18 9
19 3
20 2
21 1
22 0
23 0
last timestep 23
node 91 iteration 3
0 0
1 14
2 12
3 18
4 25
5 46
6 48
7 46
8 70
9 77
10 69
11 68
12 62
13 54
14 34
15 25
16 24
17 17
18 16
19 15
20 15
21 11
22 4
23 6
24 2
25 0
26 0
last timestep 26
node 91 iteration 4
0 0
1 8
2 9
3 11
4 16
5 16
6 16
7 13
8 13
9 17
10 36
11 44
12 56
13 60
14 66
15 56
16 35
17 30
18 29
19 11
20 16
21 2
22 1
23 3
24 2
25 5
26 3
27 5
28 2
29 2
30 1
31 1
32 5
33 6
34 13
35 8
36 6
37 4
38 6
39 3
40 3
41 7
42 9
43 13
44 12
45 9
46 6
47 4
48 0
49 0
last timestep 49
node 91 iteration 5
0 0
1 13
2 7
3 9
4 9
5 19
6 16
7 19
8 25
9 39
10 44
11 66
12 61
13 57
14 51
15 54
16 44
17 37
18 36
19 22
20 10
21 13
22 10
23 7
24 4
25 6
26 2
27 0
28 0
last timestep 28
node 91 iteration 6
0 0
1 8
2 5
3 6
4 15
5 36
6 47
7 69
8 87
9 114
10 111
11 105
12 109
13 70
14 47
15 31
16 10
17 7
18 2
19 2
20 1
21 0
22 0
last timestep 22
node 91 iteration 7
0 0
1 5
2 5
3 9
4 16
5 22
6 39
7 62
8 74
9 76
10 95
11 77
12 68
13 68
14 52
15 32
16 27
17 24
18 13
19 11
20 8
21 4
22 6
23 4
24 6
25 2
26 0
27 1
28 0
last timestep 28
node 91 iteration 8
0 0
1 5
2 5
3 4
4 9
5 12
6 29
7 43
8 53
9 76
10 101
11 99
12 93
13 76
14 51
15 48
16 26
17 15
18 18
19 9
20 5
21 1
22 2
23 6
24 3
25 0
26 1
27 0
last timestep 27
node 91 iteration 9
0 0
1 4
2 4
3 4
4 10
5 20
6 18
7 35
8 53
9 69
10 80
11 86
12 77
13 52
14 36
15 21
16 15
17 20
18 18
19 21
20 6
21 5
22 2
23 0
24 0
last timestep 24
