node 1769 iteration 0
0 0
1 7
2 5
3 13
4 17
5 39
6 52
7 76
8 109
9 107
10 91
11 78
12 70
13 41
14 26
15 15
16 6
17 6
18 0
19 0
last timestep 19
node 1769 iteration 1
0 0
1 5
2 4
3 4
4 2
5 9
6 24
7 27
8 52
9 65
10 81
11 104
12 107
13 87
14 59
15 36
16 40
17 15
18 13
19 12
20 9
21 5
22 3
23 1
24 0
25 0
last timestep 25
node 1769 iteration 2
0 0
1 7
2 8
3 10
4 20
5 28
6 44
7 56
8 59
9 54
10 62
11 100
12 80
13 54
14 56
15 51
16 39
17 36
18 32
19 19
20 19
21 18
22 14
23 2
24 0
25 0
last timestep 25
node 1769 iteration 3
0 0
1 4
2 10
3 14
4 23
5 37
6 54
7 65
8 77
9 85
10 76
11 76
12 61
13 50
14 41
15 37
16 30
17 20
18 14
19 11
20 7
21 2
22 1
23 1
24 0
25 0
last timestep 25
node 1769 iteration 4
0 0
1 8
2 10
3 14
4 20
5 22
6 41
7 45
8 52
9 63
10 52
11 65
12 48
13 49
14 25
15 28
16 24
17 23
18 30
19 28
20 21
21 8
22 13
23 4
24 1
25 0
26 0
last timestep 26
node 1769 iteration 5
0 0
1 4
2 0
3 0
last timestep 3
node 1769 iteration 6
0 0
1 9
2 11
3 9
4 29
5 47
6 40
7 79
8 74
9 88
10 91
11 92
12 61
13 61
14 46
15 35
16 24
17 17
18 8
19 8
20 3
21 5
22 2
23 0
24 0
last timestep 24
node 1769 iteration 7
0 0
1 5
2 2
3 3
4 2
5 3
6 6
7 3
8 2
9 2
10 5
11 2
12 3
13 8
14 19
15 22
16 27
17 34
18 46
19 86
20 97
21 103
22 100
23 75
24 59
25 47
26 33
27 30
28 19
29 12
30 6
31 8
32 3
33 2
34 0
35 0
last timestep 35
node 1769 iteration 8
0 0
1 8
2 11
3 14
4 5
5 8
6 4
7 6
8 14
9 18
10 25
11 55
12 83
13 75
14 98
15 75
16 69
17 65
18 42
19 23
20 25
21 20
22 16
23 12
24 6
25 5
26 2
27 2
28 2
29 0
30 0
last timestep 30
node 1769 iteration 9
0 0
1 3
2 2
3 11
4 10
5 16
6 19
7 32
8 39
9 49
10 61
11 59
12 64
13 61
14 52
15 61
16 49
17 34
18 30
19 11
20 7
21 3
22 5
23 8
24 5
25 0
26 0
last timestep 26
