node 1348 iteration 0
0 0
1 1
2 0
3 0
last timestep 3
node 1348 iteration 1
0 0
1 6
2 11
3 10
4 9
5 13
6 9
7 11
8 17
9 15
10 52
11 50
12 65
13 82
14 86
15 59
16 65
17 64
18 37
19 35
20 22
21 19
22 14
23 5
24 4
25 2
26 3
27 2
28 3
29 3
30 2
31 0
32 0
last timestep 32
node 1348 iteration 2
0 0
1 2
2 6
3 8
4 14
5 32
6 39
7 56
8 63
9 98
10 100
11 113
12 93
13 56
14 38
15 28
16 20
17 18
18 9
19 16
20 7
21 6
22 4
23 0
24 0
last timestep 24
node 1348 iteration 3
0 0
1 3
2 0
3 0
last timestep 3
node 1348 iteration 4
0 0
1 2
2 0
3 0
last timestep 3
node 1348 iteration 5
0 0
1 5
2 2
3 2
4 6
5 11
6 10
7 13
8 18
9 18
10 19
11 18
12 31
13 28
14 45
15 48
16 63
17 73
18 88
19 71
20 55
21 54
22 62
23 32
24 16
25 19
26 14
27 6
28 2
29 1
30 1
31 1
32 4
33 1
34 2
35 0
36 0
last timestep 36
node 1348 iteration 6
0 0
1 2
2 4
3 5
4 11
5 11
6 18
7 26
8 52
9 55
10 84
11 80
12 99
13 99
14 90
15 71
16 42
17 26
18 18
19 11
20 5
21 2
22 3
23 1
24 2
25 0
26 0
last timestep 26
node 1348 iteration 7
0 0
1 3
2 1
3 0
4 0
last timestep 4
node 1348 iteration 8
0 0
1 2
2 7
3 9
4 12
5 15
6 10
7 22
8 33
9 53
10 54
11 70
12 79
13 95
14 90
15 91
16 63
17 31
18 23
19 16
20 10
21 8
22 4
23 2
24 0
25 0
last timestep 25
node 1348 iteration 9
0 0
1 0
2 1
3 0
last timestep 3
