node 119 iteration 0
0 0
1 1
2 1
3 1
4 4
5 8
6 5
7 8
8 13
9 14
10 14
11 24
12 43
13 53
14 79
15 111
16 90
17 73
18 43
19 50
20 21
21 19
22 25
23 12
24 7
25 2
26 0
27 0
last timestep 27
node 119 iteration 1
0 0
1 4
2 12
3 18
4 22
5 28
6 40
7 74
8 71
9 108
10 105
11 96
12 74
13 42
14 32
15 16
16 17
17 17
18 9
19 10
20 2
21 3
22 0
23 0
last timestep 23
node 119 iteration 2
0 0
1 5
2 5
3 4
4 10
5 11
6 17
7 38
8 53
9 76
10 97
11 85
12 90
13 89
14 66
15 42
16 35
17 32
18 23
19 31
20 29
21 11
22 9
23 1
24 1
25 0
26 0
last timestep 26
node 119 iteration 3
0 0
1 4
2 7
3 7
4 6
5 6
6 14
7 31
8 44
9 67
10 82
11 91
12 84
13 89
14 76
15 72
16 58
17 35
18 25
19 15
20 12
21 13
22 2
23 2
24 1
25 0
26 0
last timestep 26
node 119 iteration 4
0 0
1 2
2 3
3 2
4 4
5 2
6 1
7 4
8 7
9 7
10 6
11 8
12 6
13 8
14 7
15 11
16 11
17 15
18 20
19 20
20 35
21 30
22 40
23 63
24 64
25 60
26 62
27 66
28 62
29 54
30 35
31 29
32 19
33 8
34 3
35 5
36 4
37 4
38 4
39 2
40 1
41 1
42 0
43 0
last timestep 43
node 119 iteration 5
0 0
1 1
2 2
3 1
4 1
5 1
6 4
7 5
8 6
9 14
10 13
11 21
12 16
13 36
14 66
15 91
16 98
17 101
18 103
19 95
20 83
21 46
22 36
23 17
24 13
25 4
26 4
27 2
28 0
29 0
last timestep 29
node 119 iteration 6
0 0
1 2
2 1
3 9
4 14
5 5
6 9
7 13
8 12
9 13
10 17
11 29
12 32
13 42
14 63
15 88
16 82
17 95
18 90
19 76
20 58
21 32
22 21
23 25
24 13
25 10
26 6
27 5
28 1
29 0
30 0
last timestep 30
node 119 iteration 7
0 0
1 2
2 5
3 19
4 27
5 31
6 30
7 44
8 49
9 56
10 68
11 66
12 57
13 47
14 49
15 34
16 18
17 15
18 16
19 13
20 24
21 9
22 7
23 1
24 2
25 5
26 4
27 4
28 3
29 5
30 4
31 1
32 2
33 6
34 1
35 2
36 0
37 0
last timestep 37
node 119 iteration 8
0 0
1 0
2 0
last timestep 2
node 119 iteration 9
0 0
1 2
2 7
3 9
4 10
5 33
6 60
7 65
8 67
9 90
10 83
11 77
12 92
13 70
14 41
15 29
16 22
17 19
18 11
19 5
20 3
21 0
22 0
last timestep 22
