node 929 iteration 0
0 0
1 3
2 3
3 5
4 5
5 4
6 5
7 12
8 22
9 26
10 46
11 62
12 81
13 90
14 98
15 71
16 62
17 69
18 57
19 37
20 24
21 14
22 17
23 11
24 9
25 3
26 3
27 5
28 13
29 7
30 0
31 2
32 0
last timestep 32
node 929 iteration 1
0 0
1 5
2 6
3 9
4 10
5 23
6 58
7 71
8 110
9 122
10 109
11 101
12 104
13 75
14 38
15 27
16 12
17 6
18 4
19 2
20 1
21 0
22 0
last timestep 22
node 929 iteration 2
0 0
1 2
2 0
3 0
last timestep 3
node 929 iteration 3
0 0
1 4
2 3
3 4
4 3
5 12
6 16
7 21
8 26
9 26
10 32
11 45
12 57
13 74
14 60
15 63
16 82
17 94
18 68
19 33
20 25
21 18
22 20
23 14
24 7
25 4
26 2
27 1
28 0
29 0
last timestep 29
node 929 iteration 4
0 0
1 6
2 3
3 10
4 12
5 20
6 44
7 50
8 78
9 73
10 85
11 74
12 59
13 40
14 33
15 26
16 22
17 15
18 11
19 9
20 2
21 0
22 0
last timestep 22
node 929 iteration 5
0 0
1 6
2 8
3 7
4 8
5 6
6 5
7 9
8 9
9 11
10 11
11 17
12 21
13 26
14 42
15 59
16 83
17 64
18 55
19 51
20 51
21 32
22 24
23 24
24 26
25 12
26 19
27 12
28 6
29 10
30 4
31 2
32 3
33 1
34 1
35 0
36 0
last timestep 36
node 929 iteration 6
0 0
1 8
2 7
3 15
4 21
5 33
6 41
7 47
8 61
9 95
10 105
11 103
12 95
13 64
14 53
15 32
16 22
17 24
18 15
19 6
20 5
21 2
22 1
23 1
24 0
25 1
26 0
last timestep 26
node 929 iteration 7
0 0
1 6
2 1
3 1
4 0
5 0
last timestep 5
node 929 iteration 8
0 0
1 4
2 5
3 5
4 6
5 8
6 9
7 10
8 10
9 28
10 29
11 44
12 47
13 86
14 106
15 92
16 100
17 108
18 49
19 27
20 24
21 17
22 8
23 2
24 1
25 0
26 6
27 2
28 3
29 2
30 1
31 0
last timestep 31
node 929 iteration 9
0 0
1 2
2 0
3 0
last timestep 3
