node 1652 iteration 0
0 0
1 0
2 0
last timestep 2
node 1652 iteration 1
0 0
1 0
2 0
last timestep 2
node 1652 iteration 2
0 0
1 4
2 5
3 6
4 7
5 10
6 11
7 18
8 46
9 57
10 75
11 105
12 100
13 115
14 91
15 82
16 57
17 40
18 28
19 5
20 5
21 3
22 2
23 2
24 1
25 0
26 0
last timestep 26
node 1652 iteration 3
0 0
1 1
2 0
3 0
last timestep 3
node 1652 iteration 4
0 0
1 4
2 8
3 7
4 15
5 12
6 20
7 30
8 58
9 78
10 84
11 75
12 89
13 87
14 89
15 63
16 60
17 39
18 31
19 17
20 17
21 13
22 10
23 2
24 3
25 2
26 1
27 0
28 0
last timestep 28
node 1652 iteration 5
0 0
1 1
2 6
3 11
4 21
5 28
6 49
7 79
8 86
9 92
10 83
11 105
12 89
13 53
14 50
15 32
16 18
17 8
18 3
19 4
20 2
21 2
22 1
23 2
24 1
25 0
26 0
last timestep 26
node 1652 iteration 6
0 0
1 3
2 8
3 17
4 47
5 73
6 81
7 98
8 105
9 106
10 96
11 73
12 57
13 42
14 27
15 24
16 15
17 11
18 9
19 3
20 2
21 3
22 3
23 2
24 2
25 0
26 0
last timestep 26
node 1652 iteration 7
0 0
1 1
2 2
3 0
4 2
5 0
last timestep 5
node 1652 iteration 8
0 0
1 2
2 0
3 0
last timestep 3
node 1652 iteration 9
0 0
1 6
2 12
3 23
4 32
5 41
6 63
7 71
8 88
9 96
10 96
11 88
12 73
13 60
14 41
15 32
16 21
17 14
18 9
19 5
20 1
21 0
22 0
last timestep 22
