node 2239 iteration 0
0 0
1 1
2 1
3 6
4 9
5 9
6 13
7 14
8 16
9 31
10 61
11 68
12 73
13 92
14 89
15 79
16 76
17 47
18 30
19 24
20 17
21 4
22 2
23 3
24 1
25 0
26 0
last timestep 26
node 2239 iteration 1
0 0
1 4
2 10
3 15
4 25
5 60
6 89
7 94
8 102
9 108
10 98
11 76
12 53
13 40
14 29
15 23
16 11
17 12
18 5
19 0
20 0
last timestep 20
node 2239 iteration 2
0 0
1 7
2 8
3 10
4 13
5 18
6 32
7 54
8 82
9 90
10 93
11 100
12 79
13 79
14 89
15 48
16 33
17 16
18 4
19 3
20 1
21 2
22 0
23 0
last timestep 23
node 2239 iteration 3
0 0
1 5
2 7
3 5
4 4
5 8
6 17
7 24
8 35
9 51
10 69
11 90
12 87
13 86
14 98
15 75
16 49
17 35
18 15
19 3
20 4
21 3
22 1
23 2
24 0
25 0
last timestep 25
node 2239 iteration 4
0 0
1 2
2 3
3 4
4 9
5 11
6 15
7 19
8 26
9 31
10 51
11 47
12 72
13 79
14 81
15 83
16 65
17 45
18 23
19 33
20 26
21 14
22 3
23 2
24 0
25 0
last timestep 25
node 2239 iteration 5
0 0
1 1
2 2
3 3
4 1
5 0
6 0
last timestep 6
node 2239 iteration 6
0 0
1 4
2 4
3 4
4 9
5 7
6 7
7 10
8 22
9 22
10 23
11 52
12 77
13 96
14 92
15 95
16 92
17 79
18 68
19 55
20 45
21 29
22 12
23 9
24 4
25 1
26 0
27 0
last timestep 27
node 2239 iteration 7
0 0
1 4
2 5
3 4
4 1
5 8
6 16
7 21
8 26
9 43
10 58
11 70
12 87
13 93
14 100
15 81
16 57
17 45
18 38
19 25
20 16
21 13
22 11
23 6
24 0
25 0
last timestep 25
node 2239 iteration 8
0 0
1 4
2 5
3 11
4 34
5 48
6 67
7 62
8 84
9 81
10 73
11 76
12 65
13 49
14 47
15 33
16 18
17 9
18 5
19 2
20 3
21 2
22 1
23 0
24 1
25 1
26 3
27 1
28 1
29 0
last timestep 29
node 2239 iteration 9
0 0
1 2
2 2
3 5
4 2
5 3
6 2
7 8
8 6
9 15
10 26
11 40
12 41
13 42
14 39
15 62
16 61
17 60
18 52
19 46
20 50
21 31
22 20
23 13
24 4
25 1
26 0
27 0
last timestep 27
