node 13 iteration 0
0 0
1 2
2 1
3 3
4 12
5 8
6 29
7 48
8 66
9 70
10 69
11 91
12 75
13 81
14 77
15 53
16 39
17 33
18 20
19 13
20 4
21 1
22 1
23 0
24 0
last timestep 24
node 13 iteration 1
0 0
1 4
2 5
3 9
4 9
5 11
6 8
7 13
8 14
9 7
10 10
11 18
12 24
13 37
14 55
15 64
16 75
17 57
18 51
19 29
20 32
21 31
22 37
23 25
24 13
25 15
26 11
27 8
28 2
29 1
30 1
31 4
32 0
33 0
last timestep 33
node 13 iteration 2
0 0
1 1
2 0
3 0
last timestep 3
node 13 iteration 3
0 0
1 4
2 4
3 10
4 17
5 32
6 35
7 39
8 61
9 61
10 83
11 87
12 92
13 76
14 75
15 57
16 42
17 26
18 16
19 13
20 10
21 3
22 0
23 0
last timestep 23
node 13 iteration 4
0 0
1 5
2 7
3 9
4 22
5 22
6 43
7 59
8 70
9 75
10 100
11 93
12 83
13 67
14 51
15 44
16 28
17 20
18 10
19 7
20 2
21 1
22 1
23 1
24 1
25 1
26 1
27 0
28 0
last timestep 28
node 13 iteration 5
0 0
1 4
2 4
3 8
4 13
5 7
6 22
7 15
8 17
9 28
10 31
11 20
12 33
13 31
14 50
15 46
16 54
17 70
18 50
19 43
20 28
21 32
22 30
23 27
24 27
25 26
26 12
27 7
28 5
29 3
30 8
31 4
32 5
33 3
34 1
35 0
36 0
last timestep 36
node 13 iteration 6
0 0
1 1
2 0
3 0
last timestep 3
node 13 iteration 7
0 0
1 5
2 4
3 5
4 2
5 0
6 0
last timestep 6
node 13 iteration 8
0 0
1 1
2 0
3 0
last timestep 3
node 13 iteration 9
0 0
1 2
2 2
3 10
4 25
5 34
6 47
7 64
8 93
9 84
10 76
11 67
12 66
13 65
14 50
15 30
16 18
17 16
18 6
19 6
20 6
21 2
22 2
23 2
24 1
25 0
26 0
last timestep 26
