node 1015 iteration 0
0 0
1 4
2 3
3 4
4 11
5 9
6 14
7 15
8 35
9 46
10 71
11 103
12 120
13 138
14 101
15 79
16 57
17 29
18 13
19 9
20 4
21 3
22 1
23 0
24 0
last timestep 24
node 1015 iteration 1
0 0
1 7
2 12
3 20
4 28
5 26
6 42
7 61
8 81
9 81
10 79
11 85
12 81
13 52
14 24
15 19
16 11
17 7
18 2
19 4
20 1
21 0
22 0
last timestep 22
node 1015 iteration 2
0 0
1 2
2 2
3 0
4 0
last timestep 4
node 1015 iteration 3
0 0
1 5
2 4
3 5
4 3
5 2
6 2
7 3
8 11
9 34
10 42
11 57
12 78
13 76
14 61
15 86
16 75
17 46
18 39
19 36
20 32
21 30
22 18
23 11
24 2
25 2
26 5
27 5
28 0
29 0
last timestep 29
node 1015 iteration 4
0 0
1 4
2 3
3 6
4 5
5 22
6 36
7 50
8 74
9 76
10 98
11 98
12 92
13 62
14 50
15 39
16 21
17 12
18 12
19 6
20 6
21 4
22 2
23 0
24 0
last timestep 24
node 1015 iteration 5
0 0
1 1
2 2
3 1
4 3
5 1
6 5
7 5
8 7
9 5
10 15
11 36
12 54
13 57
14 77
15 77
16 77
17 76
18 75
19 53
20 37
21 29
22 13
23 4
24 1
25 1
26 1
27 0
28 0
last timestep 28
node 1015 iteration 6
0 0
1 4
2 10
3 10
4 20
5 13
6 10
7 10
8 11
9 8
10 4
11 6
12 11
13 13
14 31
15 50
16 63
17 64
18 73
19 69
20 75
21 51
22 37
23 30
24 14
25 11
26 13
27 3
28 5
29 1
30 1
31 0
32 0
last timestep 32
node 1015 iteration 7
0 0
1 9
2 6
3 15
4 15
5 28
6 37
7 65
8 73
9 56
10 60
11 54
12 46
13 36
14 30
15 26
16 25
17 26
18 25
19 15
20 11
21 12
22 13
23 6
24 1
25 1
26 2
27 1
28 1
29 2
30 2
31 1
32 0
33 0
last timestep 33
node 1015 iteration 8
0 0
1 5
2 1
3 0
4 0
last timestep 4
node 1015 iteration 9
0 0
1 2
2 1
3 4
4 9
5 18
6 23
7 34
8 47
9 67
10 85
11 109
12 103
13 93
14 60
15 31
16 33
17 26
18 5
19 2
20 3
21 6
22 1
23 1
24 0
25 0
last timestep 25
