node 1219 iteration 0
0 0
1 1
2 1
3 0
4 0
last timestep 4
node 1219 iteration 1
0 0
1 0
2 0
last timestep 2
node 1219 iteration 2
0 0
1 3
2 5
3 14
4 19
5 13
6 10
7 14
8 25
9 54
10 66
11 70
12 104
13 89
14 81
15 68
16 48
17 48
18 34
19 25
20 20
21 14
22 8
23 2
24 5
25 1
26 0
27 0
last timestep 27
node 1219 iteration 3
0 0
1 0
2 0
last timestep 2
node 1219 iteration 4
0 0
1 3
2 7
3 6
4 6
5 9
6 7
7 14
8 13
9 25
10 33
11 33
12 42
13 59
14 70
15 76
16 96
17 87
18 53
19 41
20 26
21 29
22 16
23 13
24 21
25 9
26 3
27 1
28 1
29 0
30 0
last timestep 30
node 1219 iteration 5
0 0
1 2
2 3
3 3
4 1
5 3
6 1
7 4
8 9
9 12
10 18
11 24
12 37
13 60
14 80
15 72
16 75
17 77
18 67
19 59
20 41
21 42
22 32
23 20
24 9
25 8
26 4
27 3
28 1
29 0
30 0
last timestep 30
node 1219 iteration 6
0 0
1 1
2 0
3 2
4 0
last timestep 4
node 1219 iteration 7
0 0
1 2
2 0
3 0
last timestep 3
node 1219 iteration 8
0 0
1 5
2 7
3 6
4 5
5 6
6 6
7 10
8 17
9 31
10 62
11 93
12 98
13 98
14 82
15 93
16 71
17 55
18 32
19 20
20 15
21 4
22 1
23 0
24 0
last timestep 24
node 1219 iteration 9
0 0
1 3
2 4
3 6
4 6
5 13
6 20
7 18
8 30
9 36
10 35
11 35
12 47
13 50
14 76
15 80
16 75
17 58
18 40
19 34
20 19
21 10
22 7
23 2
24 0
25 2
26 0
last timestep 26
