node 120 iteration 0
0 0
1 4
2 3
3 2
4 11
5 9
6 9
7 9
8 14
9 29
10 48
11 65
12 85
13 104
14 99
15 97
16 65
17 39
18 47
19 44
20 39
21 20
22 10
23 6
24 4
25 2
26 0
27 0
last timestep 27
node 120 iteration 1
0 0
1 6
2 7
3 21
4 50
5 55
6 75
7 98
8 92
9 97
10 87
11 75
12 41
13 23
14 10
15 7
16 4
17 2
18 2
19 2
20 2
21 0
22 0
last timestep 22
node 120 iteration 2
0 0
1 4
2 2
3 8
4 9
5 23
6 29
7 34
8 58
9 68
10 71
11 66
12 83
13 68
14 43
15 38
16 41
17 42
18 22
19 13
20 5
21 3
22 4
23 3
24 2
25 1
26 0
27 0
last timestep 27
node 120 iteration 3
0 0
1 4
2 3
3 9
4 14
5 32
6 50
7 67
8 80
9 115
10 137
11 113
12 76
13 47
14 39
15 18
16 23
17 15
18 6
19 4
20 3
21 3
22 0
23 0
last timestep 23
node 120 iteration 4
0 0
1 1
2 1
3 2
4 2
5 7
6 8
7 14
8 24
9 18
10 20
11 20
12 27
13 39
14 56
15 58
16 59
17 66
18 72
19 51
20 32
21 33
22 23
23 15
24 14
25 10
26 4
27 3
28 1
29 3
30 0
31 0
last timestep 31
node 120 iteration 5
0 0
1 2
2 2
3 3
4 1
5 2
6 3
7 3
8 2
9 6
10 7
11 13
12 21
13 34
14 39
15 52
16 82
17 67
18 62
19 65
20 67
21 53
22 43
23 40
24 24
25 20
26 17
27 18
28 19
29 10
30 3
31 1
32 1
33 3
34 1
35 0
36 0
last timestep 36
node 120 iteration 6
0 0
1 2
2 0
3 0
last timestep 3
node 120 iteration 7
0 0
1 4
2 3
3 2
4 2
5 11
6 11
7 18
8 26
9 36
10 37
11 56
12 59
13 63
14 59
15 50
16 58
17 60
18 55
19 50
20 44
21 33
22 24
23 21
24 9
25 13
26 8
27 4
28 5
29 4
30 0
31 0
last timestep 31
node 120 iteration 8
0 0
1 4
2 2
3 1
4 1
5 3
6 7
7 15
8 34
9 37
10 61
11 71
12 85
13 111
14 88
15 88
16 69
17 47
18 40
19 20
20 25
21 10
22 7
23 7
24 5
25 1
26 1
27 1
28 0
29 0
last timestep 29
node 120 iteration 9
0 0
1 7
2 6
3 5
4 17
5 37
6 59
7 82
8 78
9 96
10 98
11 100
12 66
13 43
14 39
15 24
16 12
17 8
18 6
19 3
20 2
21 3
22 3
23 1
24 0
25 0
last timestep 25
