node 1928 iteration 0
0 0
1 2
2 1
3 2
4 1
5 1
6 5
7 5
8 19
9 22
10 30
11 39
12 42
13 44
14 59
15 70
16 80
17 63
18 56
19 58
20 42
21 51
22 25
23 15
24 9
25 4
26 7
27 8
28 5
29 0
30 1
31 1
32 0
last timestep 32
node 1928 iteration 1
0 0
1 5
2 12
3 31
4 27
5 31
6 33
7 47
8 39
9 54
10 65
11 88
12 80
13 80
14 60
15 33
16 50
17 29
18 22
19 14
20 9
21 6
22 3
23 0
24 0
last timestep 24
node 1928 iteration 2
0 0
1 4
2 2
3 7
4 11
5 17
6 28
7 38
8 54
9 71
10 85
11 79
12 73
13 60
14 65
15 41
16 21
17 22
18 15
19 17
20 13
21 15
22 10
23 10
24 4
25 4
26 2
27 1
28 1
29 2
30 2
31 0
32 0
last timestep 32
node 1928 iteration 3
0 0
1 4
2 3
3 4
4 11
5 16
6 32
7 46
8 56
9 75
10 122
11 97
12 85
13 54
14 56
15 36
16 19
17 13
18 11
19 7
20 6
21 4
22 3
23 5
24 0
25 3
26 1
27 0
last timestep 27
node 1928 iteration 4
0 0
1 2
2 2
3 5
4 3
5 2
6 2
7 3
8 3
9 2
10 8
11 14
12 26
13 34
14 50
15 67
16 69
17 56
18 47
19 58
20 61
21 47
22 26
23 20
24 14
25 18
26 11
27 6
28 3
29 4
30 3
31 1
32 0
33 0
last timestep 33
node 1928 iteration 5
0 0
1 3
2 3
3 5
4 6
5 13
6 7
7 10
8 13
9 11
10 23
11 41
12 49
13 48
14 83
15 105
16 96
17 67
18 63
19 58
20 50
21 39
22 21
23 18
24 10
25 4
26 12
27 1
28 2
29 0
30 0
last timestep 30
node 1928 iteration 6
0 0
1 7
2 11
3 25
4 21
5 20
6 38
7 72
8 89
9 90
10 92
11 83
12 75
13 45
14 29
15 23
16 9
17 14
18 9
19 4
20 4
21 3
22 1
23 1
24 0
25 0
last timestep 25
node 1928 iteration 7
0 0
1 2
2 0
3 2
4 1
5 1
6 3
7 4
8 12
9 29
10 34
11 50
12 102
13 128
14 131
15 103
16 82
17 67
18 30
19 16
20 13
21 9
22 3
23 3
24 0
last timestep 24
node 1928 iteration 8
0 0
1 4
2 3
3 5
4 8
5 13
6 17
7 46
8 58
9 85
10 126
11 137
12 94
13 79
14 52
15 35
16 26
17 21
18 16
19 9
20 5
21 1
22 0
23 0
last timestep 23
node 1928 iteration 9
0 0
1 2
2 0
3 2
4 3
5 4
6 3
7 7
8 17
9 35
10 55
11 63
12 78
13 89
14 89
15 100
16 94
17 73
18 48
19 35
20 21
21 23
22 17
23 9
24 3
25 0
last timestep 25
