node 630 iteration 0
0 0
1 0
2 0
last timestep 2
node 630 iteration 1
0 0
1 0
2 0
last timestep 2
node 630 iteration 2
0 0
1 4
2 11
3 11
4 21
5 41
6 53
7 75
8 102
9 112
10 112
11 91
12 87
13 63
14 34
15 21
16 15
17 4
18 3
19 2
20 2
21 3
22 0
23 0
last timestep 23
node 630 iteration 3
0 0
1 2
2 8
3 11
4 18
5 29
6 45
7 76
8 73
9 80
10 78
11 95
12 80
13 75
14 51
15 44
16 35
17 19
18 12
19 10
20 4
21 7
22 8
23 0
24 1
25 1
26 0
last timestep 26
node 630 iteration 4
0 0
1 3
2 5
3 13
4 20
5 17
6 36
7 49
8 73
9 97
10 113
11 105
12 107
13 97
14 62
15 49
16 21
17 21
18 16
19 9
20 6
21 3
22 0
23 0
last timestep 23
node 630 iteration 5
0 0
1 4
2 4
3 0
4 3
5 6
6 19
7 25
8 27
9 53
10 62
11 73
12 64
13 78
14 88
15 94
16 68
17 54
18 44
19 32
20 28
21 13
22 8
23 3
24 1
25 1
26 4
27 6
28 3
29 9
30 1
31 1
32 1
33 0
last timestep 33
node 630 iteration 6
0 0
1 2
2 0
3 0
last timestep 3
node 630 iteration 7
0 0
1 2
2 0
3 0
last timestep 3
node 630 iteration 8
0 0
1 2
2 6
3 6
4 6
5 9
6 13
7 24
8 36
9 55
10 72
11 89
12 97
13 109
14 88
15 66
16 40
17 29
18 22
19 15
20 8
21 6
22 1
23 0
24 0
last timestep 24
node 630 iteration 9
0 0
1 3
2 3
3 8
4 11
5 25
6 36
7 45
8 66
9 84
10 94
11 108
12 97
13 79
14 61
15 55
16 34
17 14
18 6
19 5
20 2
21 3
22 0
23 0
last timestep 23
