node 217 iteration 0
0 0
1 4
2 4
3 5
4 7
5 2
6 2
7 2
8 4
9 7
10 4
11 2
12 3
13 9
14 9
15 21
16 35
17 51
18 82
19 92
20 113
21 99
22 77
23 50
24 63
25 33
26 36
27 19
28 11
29 7
30 5
31 1
32 1
33 0
34 0
last timestep 34
node 217 iteration 1
0 0
1 6
2 8
3 20
4 29
5 31
6 49
7 66
8 91
9 75
10 97
11 104
12 86
13 48
14 23
15 15
16 10
17 5
18 7
19 14
20 5
21 3
22 2
23 2
24 2
25 1
26 2
27 1
28 0
29 1
30 1
31 0
last timestep 31
node 217 iteration 2
0 0
1 5
2 3
3 0
4 2
5 2
6 2
7 8
8 16
9 19
10 32
11 30
12 43
13 46
14 50
15 48
16 69
17 79
18 57
19 48
20 42
21 47
22 31
23 26
24 17
25 14
26 6
27 5
28 2
29 0
last timestep 29
node 217 iteration 3
0 0
1 5
2 7
3 12
4 26
5 22
6 25
7 53
8 44
9 43
10 70
11 85
12 80
13 90
14 70
15 53
16 45
17 24
18 12
19 11
20 16
21 9
22 7
23 2
24 0
25 0
last timestep 25
node 217 iteration 4
0 0
1 3
2 2
3 5
4 13
5 27
6 20
7 29
8 49
9 79
10 75
11 81
12 70
13 61
14 49
15 48
16 28
17 30
18 14
19 4
20 5
21 1
22 0
23 0
last timestep 23
node 217 iteration 5
0 0
1 4
2 3
3 3
4 6
5 11
6 11
7 7
8 7
9 12
10 26
11 30
12 39
13 43
14 58
15 66
16 71
17 57
18 63
19 57
20 39
21 39
22 35
23 18
24 22
25 23
26 10
27 6
28 4
29 0
30 0
last timestep 30
node 217 iteration 6
0 0
1 2
2 3
3 6
4 7
5 24
6 17
7 16
8 30
9 25
10 26
11 25
12 33
13 25
14 26
15 22
16 27
17 28
18 30
19 33
20 34
21 39
22 34
23 28
24 31
25 23
26 9
27 12
28 10
29 7
30 2
31 2
32 3
33 0
34 0
last timestep 34
node 217 iteration 7
0 0
1 5
2 5
3 8
4 14
5 31
6 43
7 77
8 83
9 90
10 91
11 84
12 78
13 44
14 34
15 19
16 15
17 12
18 15
19 9
20 7
21 7
22 3
23 0
24 0
last timestep 24
node 217 iteration 8
0 0
1 4
2 10
3 11
4 8
5 7
6 6
7 17
8 31
9 52
10 80
11 125
12 137
13 111
14 99
15 73
16 47
17 30
18 11
19 6
20 2
21 4
22 4
23 1
24 0
25 0
last timestep 25
node 217 iteration 9
0 0
1 4
2 5
3 0
4 0
last timestep 4
