node 819 iteration 0
0 0
1 3
2 8
3 6
4 8
5 14
6 13
7 27
8 34
9 31
10 34
11 41
12 65
13 81
14 110
15 101
16 81
17 48
18 35
19 27
20 15
21 9
22 2
23 3
24 5
25 5
26 7
27 2
28 0
29 0
last timestep 29
node 819 iteration 1
0 0
1 3
2 2
3 1
4 2
5 3
6 2
7 1
8 0
9 0
last timestep 9
node 819 iteration 2
0 0
1 7
2 10
3 19
4 32
5 50
6 87
7 113
8 125
9 93
10 83
11 70
12 63
13 45
14 31
15 12
16 10
17 4
18 4
19 1
20 1
21 2
22 0
23 0
last timestep 23
node 819 iteration 3
0 0
1 1
2 2
3 7
4 12
5 10
6 13
7 8
8 12
9 11
10 14
11 24
12 18
13 21
14 19
15 34
16 55
17 75
18 90
19 71
20 69
21 75
22 56
23 40
24 27
25 11
26 4
27 3
28 3
29 2
30 0
31 0
last timestep 31
node 819 iteration 4
0 0
1 4
2 5
3 11
4 13
5 35
6 61
7 69
8 81
9 81
10 87
11 85
12 51
13 49
14 18
15 19
16 11
17 2
18 1
19 3
20 2
21 3
22 7
23 3
24 3
25 1
26 1
27 0
28 0
last timestep 28
node 819 iteration 5
0 0
1 2
2 0
3 0
last timestep 3
node 819 iteration 6
0 0
1 3
2 3
3 2
4 7
5 15
6 22
7 22
8 25
9 27
10 34
11 42
12 61
13 53
14 60
15 51
16 47
17 56
18 50
19 42
20 34
21 31
22 31
23 19
24 18
25 7
26 14
27 5
28 2
29 5
30 3
31 1
32 2
33 0
34 0
last timestep 34
node 819 iteration 7
0 0
1 2
2 4
3 5
4 4
5 10
6 20
7 28
8 35
9 56
10 68
11 105
12 116
13 125
14 91
15 53
16 44
17 31
18 31
19 11
20 12
21 5
22 1
23 0
24 0
last timestep 24
node 819 iteration 8
0 0
1 2
2 2
3 2
4 5
5 12
6 31
7 42
8 50
9 73
10 91
11 108
12 102
13 90
14 93
15 43
16 27
17 17
18 10
19 8
20 1
21 6
22 7
23 6
24 0
25 0
last timestep 25
node 819 iteration 9
0 0
1 6
2 8
3 7
4 20
5 29
6 40
7 78
8 91
9 88
10 86
11 89
12 79
13 61
14 45
15 36
16 23
17 18
18 15
19 5
20 7
21 2
22 2
23 2
24 1
25 0
26 0
last timestep 26
