node 801 iteration 0
0 0
1 1
2 6
3 12
4 9
5 3
6 9
7 12
8 12
9 18
10 19
11 34
12 61
13 74
14 72
15 88
16 75
17 52
18 55
19 39
20 22
21 26
22 18
23 13
24 9
25 11
26 7
27 3
28 1
29 0
30 0
last timestep 30
node 801 iteration 1
0 0
1 5
2 9
3 24
4 29
5 50
6 59
7 76
8 80
9 70
10 65
11 63
12 56
13 40
14 35
15 23
16 11
17 9
18 6
19 5
20 1
21 1
22 0
23 0
last timestep 23
node 801 iteration 2
0 0
1 5
2 8
3 17
4 21
5 37
6 38
7 49
8 54
9 69
10 82
11 83
12 87
13 89
14 74
15 55
16 44
17 40
18 21
19 12
20 4
21 1
22 2
23 0
24 0
last timestep 24
node 801 iteration 3
0 0
1 4
2 4
3 4
4 1
5 1
6 1
7 2
8 1
9 0
10 0
last timestep 10
node 801 iteration 4
0 0
1 3
2 1
3 4
4 16
5 23
6 29
7 41
8 52
9 64
10 79
11 79
12 77
13 78
14 85
15 63
16 50
17 33
18 19
19 12
20 7
21 4
22 4
23 0
24 0
last timestep 24
node 801 iteration 5
0 0
1 1
2 2
3 1
4 2
5 2
6 8
7 6
8 6
9 4
10 1
11 0
12 0
last timestep 12
node 801 iteration 6
0 0
1 3
2 1
3 1
4 2
5 0
6 0
last timestep 6
node 801 iteration 7
0 0
1 2
2 0
3 0
last timestep 3
node 801 iteration 8
0 0
1 1
2 2
3 1
4 1
5 1
6 0
7 0
last timestep 7
node 801 iteration 9
0 0
1 3
2 5
3 2
4 2
5 6
6 10
7 14
8 13
9 40
10 56
11 70
12 93
13 105
14 97
15 83
16 65
17 45
18 28
19 21
20 21
21 12
22 11
23 2
24 2
25 0
26 0
last timestep 26
