node 571 iteration 0
0 0
1 0
2 0
last timestep 2
node 571 iteration 1
0 0
1 2
2 0
3 0
last timestep 3
node 571 iteration 2
0 0
1 4
2 7
3 6
4 10
5 10
6 17
7 31
8 45
9 46
10 56
11 88
12 97
13 81
14 63
15 55
16 49
17 50
18 17
19 9
20 8
21 6
22 3
23 3
24 1
25 0
26 0
last timestep 26
node 571 iteration 3
0 0
1 7
2 8
3 22
4 34
5 66
6 81
7 89
8 99
9 113
10 109
11 82
12 61
13 48
14 27
15 17
16 8
17 2
18 3
19 0
20 0
last timestep 20
node 571 iteration 4
0 0
1 6
2 4
3 3
4 7
5 9
6 28
7 33
8 60
9 80
10 87
11 104
12 107
13 84
14 68
15 38
16 16
17 7
18 10
19 16
20 3
21 1
22 1
23 0
24 1
25 1
26 0
last timestep 26
node 571 iteration 5
0 0
1 5
2 6
3 6
4 7
5 13
6 19
7 38
8 44
9 52
10 75
11 91
12 94
13 98
14 86
15 57
16 34
17 29
18 22
19 12
20 13
21 8
22 4
23 2
24 2
25 1
26 3
27 1
28 0
29 0
last timestep 29
node 571 iteration 6
0 0
1 5
2 4
3 7
4 12
5 14
6 16
7 23
8 34
9 49
10 66
11 90
12 79
13 83
14 83
15 81
16 69
17 50
18 42
19 22
20 13
21 14
22 5
23 5
24 6
25 4
26 5
27 4
28 5
29 3
30 4
31 1
32 0
33 0
last timestep 33
node 571 iteration 7
0 0
1 3
2 3
3 6
4 8
5 17
6 33
7 44
8 58
9 72
10 114
11 121
12 100
13 86
14 37
15 22
16 14
17 13
18 10
19 5
20 5
21 4
22 1
23 0
24 0
last timestep 24
node 571 iteration 8
0 0
1 2
2 1
3 4
4 9
5 10
6 10
7 15
8 18
9 26
10 37
11 56
12 59
13 58
14 78
15 63
16 63
17 54
18 47
19 28
20 16
21 25
22 9
23 5
24 1
25 0
26 1
27 0
last timestep 27
node 571 iteration 9
0 0
1 1
2 2
3 4
4 2
5 10
6 21
7 19
8 38
9 62
10 65
11 67
12 87
13 90
14 83
15 49
16 50
17 38
18 25
19 19
20 12
21 8
22 7
23 1
24 2
25 3
26 0
27 0
last timestep 27
