node 300 iteration 0
0 0
1 1
2 1
3 0
4 0
last timestep 4
node 300 iteration 1
0 0
1 3
2 7
3 5
4 9
5 15
6 19
7 21
8 46
9 58
10 59
11 68
12 88
13 72
14 56
15 48
16 39
17 27
18 16
19 12
20 4
21 1
22 0
23 0
last timestep 23
node 300 iteration 2
0 0
1 5
2 13
3 22
4 28
5 49
6 62
7 62
8 91
9 93
10 115
11 94
12 77
13 48
14 28
15 18
16 24
17 8
18 4
19 4
20 2
21 0
22 0
last timestep 22
node 300 iteration 3
0 0
1 0
2 1
3 1
4 0
last timestep 4
node 300 iteration 4
0 0
1 3
2 3
3 5
4 10
5 8
6 22
7 26
8 52
9 50
10 71
11 89
12 86
13 59
14 82
15 48
16 38
17 35
18 17
19 10
20 8
21 3
22 4
23 2
24 1
25 0
26 0
last timestep 26
node 300 iteration 5
0 0
1 0
2 0
last timestep 2
node 300 iteration 6
0 0
1 2
2 7
3 15
4 13
5 26
6 43
7 53
8 58
9 91
10 102
11 82
12 80
13 69
14 63
15 53
16 45
17 28
18 14
19 8
20 8
21 1
22 0
23 1
24 0
last timestep 24
node 300 iteration 7
0 0
1 2
2 2
3 17
4 31
5 30
6 63
7 63
8 57
9 47
10 49
11 52
12 66
13 59
14 72
15 56
16 32
17 19
18 18
19 8
20 4
21 4
22 3
23 2
24 0
25 0
last timestep 25
node 300 iteration 8
0 0
1 2
2 3
3 1
4 0
5 0
last timestep 5
node 300 iteration 9
0 0
1 5
2 15
3 23
4 20
5 14
6 21
7 24
8 22
9 27
10 29
11 40
12 36
13 32
14 46
15 40
16 48
17 44
18 52
19 39
20 47
21 36
22 31
23 47
24 23
25 17
26 25
27 6
28 3
29 3
30 0
31 0
last timestep 31
