node 629 iteration 0
0 0
1 3
2 4
3 7
4 7
5 15
6 11
7 30
8 43
9 60
10 65
11 69
12 69
13 63
14 62
15 64
16 56
17 55
18 34
19 22
20 17
21 18
22 8
23 2
24 3
25 1
26 0
27 0
last timestep 27
node 629 iteration 1
0 0
1 1
2 0
3 0
last timestep 3
node 629 iteration 2
0 0
1 7
2 12
3 13
4 20
5 32
6 48
7 59
8 89
9 112
10 104
11 88
12 75
13 50
14 40
15 30
16 29
17 19
18 15
19 8
20 4
21 5
22 2
23 2
24 3
25 0
26 0
last timestep 26
node 629 iteration 3
0 0
1 3
2 11
3 9
4 14
5 16
6 21
7 23
8 29
9 36
10 34
11 28
12 59
13 81
14 79
15 70
16 53
17 62
18 71
19 52
20 38
21 18
22 8
23 10
24 2
25 4
26 2
27 1
28 0
29 0
last timestep 29
node 629 iteration 4
0 0
1 2
2 3
3 3
4 4
5 8
6 14
7 24
8 38
9 61
10 66
11 88
12 89
13 86
14 71
15 51
16 41
17 27
18 14
19 17
20 9
21 6
22 3
23 2
24 1
25 0
26 0
last timestep 26
node 629 iteration 5
0 0
1 3
2 3
3 4
4 2
5 5
6 9
7 8
8 7
9 12
10 15
11 13
12 21
13 33
14 42
15 62
16 54
17 77
18 58
19 53
20 48
21 47
22 42
23 30
24 21
25 17
26 18
27 7
28 12
29 5
30 2
31 6
32 6
33 2
34 1
35 0
36 0
last timestep 36
node 629 iteration 6
0 0
1 5
2 5
3 14
4 24
5 39
6 55
7 61
8 101
9 117
10 126
11 105
12 67
13 39
14 25
15 18
16 19
17 9
18 4
19 6
20 1
21 0
22 0
last timestep 22
node 629 iteration 7
0 0
1 4
2 4
3 7
4 25
5 26
6 47
7 41
8 52
9 68
10 81
11 104
12 102
13 100
14 84
15 53
16 37
17 23
18 13
19 8
20 3
21 5
22 1
23 0
24 0
last timestep 24
node 629 iteration 8
0 0
1 5
2 8
3 16
4 42
5 57
6 63
7 77
8 92
9 98
10 92
11 83
12 60
13 52
14 33
15 23
16 19
17 11
18 13
19 18
20 9
21 5
22 6
23 7
24 2
25 3
26 1
27 1
28 0
29 0
last timestep 29
node 629 iteration 9
0 0
1 3
2 2
3 11
4 10
5 9
6 13
7 16
8 25
9 44
10 57
11 56
12 72
13 82
14 96
15 90
16 74
17 59
18 52
19 33
20 11
21 10
22 8
23 4
24 0
25 0
last timestep 25
