node 213 iteration 0
0 0
1 2
2 3
3 3
4 11
5 11
6 28
7 39
8 72
9 72
10 96
11 92
12 54
13 48
14 32
15 53
16 50
17 35
18 27
19 11
20 13
21 11
22 7
23 5
24 5
25 0
26 0
last timestep 26
node 213 iteration 1
0 0
1 2
2 2
3 0
4 0
last timestep 4
node 213 iteration 2
0 0
1 1
2 5
3 5
4 6
5 17
6 15
7 13
8 27
9 23
10 42
11 46
12 61
13 61
14 76
15 50
16 55
17 40
18 41
19 40
20 35
21 30
22 12
23 10
24 5
25 4
26 2
27 1
28 0
29 0
last timestep 29
node 213 iteration 3
0 0
1 1
2 0
3 0
last timestep 3
node 213 iteration 4
0 0
1 0
2 0
last timestep 2
node 213 iteration 5
0 0
1 3
2 4
3 8
4 10
5 19
6 33
7 46
8 77
9 88
10 95
11 89
12 70
13 63
14 74
15 50
16 31
17 20
18 8
19 10
20 6
21 5
22 1
23 0
24 0
last timestep 24
node 213 iteration 6
0 0
1 5
2 4
3 10
4 6
5 7
6 11
7 30
8 51
9 64
10 76
11 76
12 81
13 69
14 54
15 36
16 27
17 19
18 14
19 9
20 7
21 9
22 1
23 0
24 0
last timestep 24
node 213 iteration 7
0 0
1 2
2 6
3 16
4 16
5 31
6 34
7 45
8 53
9 61
10 62
11 58
12 48
13 40
14 43
15 34
16 26
17 22
18 25
19 12
20 10
21 7
22 8
23 10
24 7
25 3
26 4
27 2
28 3
29 1
30 0
31 0
last timestep 31
node 213 iteration 8
0 0
1 4
2 5
3 10
4 10
5 3
6 8
7 9
8 3
9 8
10 12
11 24
12 29
13 42
14 56
15 74
16 91
17 89
18 72
19 63
20 47
21 26
22 21
23 15
24 5
25 3
26 1
27 1
28 2
29 1
30 1
31 0
32 0
last timestep 32
node 213 iteration 9
0 0
1 3
2 8
3 7
4 16
5 32
6 30
7 64
8 76
9 76
10 90
11 73
12 81
13 54
14 54
15 38
16 41
17 19
18 10
19 5
20 3
21 2
22 0
23 0
last timestep 23
