node 1765 iteration 0
0 0
1 4
2 7
3 8
4 15
5 19
6 13
7 20
8 26
9 56
10 102
11 120
12 124
13 104
14 65
15 59
16 39
17 30
18 19
19 12
20 6
21 2
22 0
23 0
last timestep 23
node 1765 iteration 1
0 0
1 5
2 3
3 10
4 10
5 20
6 31
7 29
8 35
9 54
10 73
11 57
12 50
13 57
14 60
15 47
16 43
17 39
18 20
19 15
20 13
21 8
22 3
23 2
24 0
25 0
last timestep 25
node 1765 iteration 2
0 0
1 5
2 3
3 4
4 1
5 0
6 0
last timestep 6
node 1765 iteration 3
0 0
1 3
2 6
3 9
4 7
5 9
6 10
7 14
8 20
9 44
10 40
11 52
12 60
13 69
14 54
15 58
16 74
17 66
18 44
19 32
20 21
21 25
22 22
23 25
24 15
25 14
26 5
27 3
28 4
29 2
30 0
31 0
last timestep 31
node 1765 iteration 4
0 0
1 2
2 5
3 4
4 8
5 9
6 12
7 14
8 27
9 41
10 53
11 61
12 58
13 65
14 78
15 84
16 71
17 55
18 37
19 29
20 22
21 12
22 4
23 4
24 1
25 0
26 0
last timestep 26
node 1765 iteration 5
0 0
1 1
2 4
3 0
4 0
last timestep 4
node 1765 iteration 6
0 0
1 6
2 7
3 18
4 22
5 32
6 54
7 57
8 68
9 77
10 72
11 57
12 49
13 39
14 34
15 24
16 11
17 10
18 14
19 14
20 5
21 6
22 4
23 3
24 0
25 1
26 0
last timestep 26
node 1765 iteration 7
0 0
1 2
2 4
3 6
4 9
5 19
6 19
7 36
8 34
9 42
10 50
11 60
12 66
13 81
14 57
15 55
16 51
17 52
18 24
19 28
20 14
21 9
22 6
23 2
24 7
25 6
26 5
27 7
28 3
29 5
30 0
31 0
last timestep 31
node 1765 iteration 8
0 0
1 7
2 10
3 16
4 22
5 29
6 37
7 63
8 59
9 57
10 44
11 43
12 37
13 31
14 33
15 21
16 16
17 19
18 12
19 12
20 13
21 11
22 17
23 15
24 19
25 15
26 9
27 3
28 3
29 1
30 0
31 1
32 1
33 0
last timestep 33
node 1765 iteration 9
0 0
1 5
2 3
3 12
4 33
5 44
6 65
7 75
8 102
9 104
10 97
11 85
12 75
13 22
14 21
15 10
16 11
17 8
18 4
19 4
20 4
21 1
22 1
23 0
24 0
last timestep 24
