node 1008 iteration 0
0 0
1 4
2 5
3 4
4 5
5 10
6 5
7 11
8 13
9 24
10 22
11 57
12 92
13 114
14 117
15 102
16 69
17 63
18 48
19 39
20 22
21 10
22 6
23 3
24 3
25 1
26 0
27 0
last timestep 27
node 1008 iteration 1
0 0
1 3
2 4
3 6
4 13
5 23
6 33
7 33
8 68
9 79
10 77
11 79
12 85
13 82
14 58
15 39
16 17
17 19
18 5
19 5
20 0
21 0
last timestep 21
node 1008 iteration 2
0 0
1 6
2 5
3 3
4 4
5 1
6 1
7 2
8 1
9 2
10 0
11 0
last timestep 11
node 1008 iteration 3
0 0
1 5
2 3
3 7
4 27
5 24
6 28
7 32
8 41
9 77
10 82
11 85
12 98
13 71
14 57
15 58
16 34
17 15
18 8
19 0
20 0
last timestep 20
node 1008 iteration 4
0 0
1 1
2 0
3 1
4 2
5 8
6 7
7 12
8 10
9 13
10 16
11 31
12 43
13 64
14 67
15 71
16 102
17 101
18 88
19 58
20 40
21 23
22 25
23 14
24 1
25 1
26 0
last timestep 26
node 1008 iteration 5
0 0
1 5
2 7
3 10
4 29
5 42
6 49
7 59
8 69
9 85
10 75
11 68
12 65
13 33
14 31
15 22
16 19
17 22
18 13
19 14
20 8
21 10
22 2
23 2
24 0
25 0
last timestep 25
node 1008 iteration 6
0 0
1 1
2 6
3 4
4 6
5 8
6 3
7 6
8 9
9 7
10 4
11 7
12 2
13 1
14 2
15 1
16 3
17 2
18 1
19 0
20 0
last timestep 20
node 1008 iteration 7
0 0
1 3
2 4
3 0
4 0
last timestep 4
node 1008 iteration 8
0 0
1 2
2 13
3 13
4 22
5 32
6 59
7 70
8 73
9 76
10 98
11 83
12 82
13 69
14 45
15 33
16 11
17 9
18 8
19 3
20 4
21 0
22 2
23 1
24 0
last timestep 24
node 1008 iteration 9
0 0
1 3
2 14
3 7
4 10
5 19
6 15
7 18
8 22
9 31
10 38
11 42
12 43
13 44
14 62
15 70
16 66
17 54
18 54
19 38
20 34
21 15
22 8
23 9
24 4
25 1
26 3
27 1
28 1
29 1
30 0
31 0
last timestep 31
