node 356 iteration 0
0 0
1 3
2 2
3 9
4 15
5 22
6 22
7 44
8 49
9 47
10 70
11 78
12 84
13 68
14 50
15 30
16 33
17 49
18 26
19 13
20 18
21 9
22 14
23 5
24 3
25 4
26 3
27 3
28 1
29 4
30 5
31 2
32 2
33 0
34 0
last timestep 34
node 356 iteration 1
0 0
1 5
2 1
3 1
4 0
5 0
last timestep 5
node 356 iteration 2
0 0
1 4
2 6
3 14
4 18
5 28
6 37
7 57
8 91
9 114
10 117
11 94
12 71
13 49
14 42
15 30
16 16
17 16
18 12
19 7
20 1
21 2
22 1
23 1
24 1
25 0
26 0
last timestep 26
node 356 iteration 3
0 0
1 4
2 13
3 13
4 15
5 23
6 32
7 37
8 58
9 65
10 57
11 63
12 61
13 61
14 60
15 41
16 32
17 25
18 17
19 18
20 11
21 8
22 8
23 9
24 6
25 7
26 3
27 2
28 2
29 6
30 1
31 0
32 0
last timestep 32
node 356 iteration 4
0 0
1 3
2 9
3 8
4 18
5 28
6 29
7 30
8 45
9 76
10 78
11 91
12 71
13 66
14 52
15 42
16 33
17 22
18 19
19 7
20 2
21 1
22 1
23 0
24 0
last timestep 24
node 356 iteration 5
0 0
1 3
2 2
3 5
4 11
5 24
6 28
7 35
8 38
9 32
10 41
11 56
12 70
13 61
14 78
15 64
16 70
17 52
18 38
19 20
20 16
21 12
22 7
23 9
24 6
25 3
26 2
27 5
28 0
29 1
30 0
last timestep 30
node 356 iteration 6
0 0
1 4
2 5
3 6
4 16
5 21
6 33
7 41
8 39
9 74
10 71
11 100
12 99
13 111
14 76
15 43
16 31
17 20
18 15
19 11
20 5
21 2
22 3
23 0
24 0
last timestep 24
node 356 iteration 7
0 0
1 5
2 4
3 13
4 28
5 35
6 47
7 53
8 61
9 63
10 87
11 111
12 94
13 83
14 67
15 58
16 29
17 13
18 7
19 5
20 2
21 0
22 1
23 0
last timestep 23
node 356 iteration 8
0 0
1 5
2 1
3 1
4 3
5 6
6 11
7 12
8 19
9 17
10 22
11 32
12 57
13 73
14 97
15 91
16 69
17 72
18 55
19 35
20 34
21 23
22 16
23 11
24 7
25 2
26 1
27 3
28 2
29 1
30 0
31 1
32 0
last timestep 32
node 356 iteration 9
0 0
1 3
2 4
3 6
4 12
5 18
6 36
7 49
8 79
9 86
10 91
11 82
12 64
13 51
14 50
15 47
16 38
17 19
18 13
19 10
20 6
21 3
22 0
23 0
last timestep 23
