node 2218 iteration 0
0 0
1 0
2 0
last timestep 2
node 2218 iteration 1
0 0
1 0
2 0
last timestep 2
node 2218 iteration 2
0 0
1 4
2 5
3 6
4 13
5 20
6 41
7 48
8 60
9 70
10 83
11 100
12 83
13 75
14 77
15 61
16 51
17 34
18 14
19 13
20 5
21 5
22 5
23 3
24 0
25 0
last timestep 25
node 2218 iteration 3
0 0
1 3
2 6
3 11
4 17
5 24
6 32
7 82
8 73
9 104
10 104
11 116
12 87
13 54
14 49
15 33
16 20
17 15
18 8
19 7
20 5
21 4
22 0
23 1
24 0
last timestep 24
node 2218 iteration 4
0 0
1 0
2 0
last timestep 2
node 2218 iteration 5
0 0
1 4
2 9
3 22
4 24
5 38
6 64
7 84
8 105
9 98
10 114
11 97
12 89
13 73
14 30
15 11
16 12
17 9
18 9
19 4
20 5
21 2
22 0
23 0
last timestep 23
node 2218 iteration 6
0 0
1 2
2 4
3 13
4 27
5 33
6 39
7 64
8 84
9 86
10 90
11 125
12 96
13 77
14 60
15 38
16 24
17 18
18 6
19 2
20 2
21 0
22 0
last timestep 22
node 2218 iteration 7
0 0
1 2
2 0
3 0
last timestep 3
node 2218 iteration 8
0 0
1 4
2 9
3 17
4 28
5 52
6 60
7 87
8 95
9 91
10 108
11 85
12 51
13 41
14 31
15 26
16 20
17 16
18 10
19 7
20 6
21 5
22 2
23 3
24 0
25 0
last timestep 25
node 2218 iteration 9
0 0
1 3
2 5
3 7
4 15
5 20
6 23
7 23
8 44
9 45
10 64
11 80
12 98
13 91
14 69
15 61
16 42
17 39
18 33
19 21
20 18
21 2
22 2
23 1
24 0
25 0
last timestep 25
