node 364 iteration 0
0 0
1 2
2 1
3 0
4 0
last timestep 4
node 364 iteration 1
0 0
1 5
2 9
3 4
4 5
5 12
6 15
7 25
8 35
9 64
10 73
11 69
12 77
13 65
14 55
15 41
16 51
17 41
18 34
19 22
20 22
21 15
22 11
23 10
24 10
25 4
26 1
27 0
28 0
last timestep 28
node 364 iteration 2
0 0
1 3
2 1
3 7
4 6
5 5
6 6
7 15
8 15
9 26
10 22
11 23
12 32
13 38
14 37
15 54
16 60
17 60
18 44
19 40
20 48
21 33
22 40
23 37
24 35
25 20
26 9
27 5
28 6
29 2
30 0
31 0
last timestep 31
node 364 iteration 3
0 0
1 1
2 3
3 4
4 7
5 9
6 9
7 12
8 22
9 31
10 62
11 68
12 94
13 95
14 116
15 116
16 93
17 56
18 43
19 33
20 18
21 7
22 2
23 1
24 1
25 1
26 1
27 2
28 1
29 0
30 0
last timestep 30
node 364 iteration 4
0 0
1 3
2 7
3 15
4 18
5 28
6 45
7 54
8 69
9 88
10 104
11 94
12 75
13 54
14 38
15 28
16 24
17 19
18 9
19 3
20 0
21 0
last timestep 21
node 364 iteration 5
0 0
1 8
2 18
3 27
4 42
5 34
6 57
7 66
8 75
9 81
10 78
11 45
12 45
13 32
14 33
15 31
16 19
17 12
18 20
19 12
20 9
21 2
22 0
23 0
last timestep 23
node 364 iteration 6
0 0
1 4
2 0
3 0
last timestep 3
node 364 iteration 7
0 0
1 5
2 18
3 18
4 28
5 46
6 64
7 68
8 95
9 86
10 71
11 68
12 60
13 51
14 36
15 29
16 13
17 15
18 3
19 4
20 1
21 1
22 0
23 0
last timestep 23
node 364 iteration 8
0 0
1 3
2 1
3 0
4 0
last timestep 4
node 364 iteration 9
0 0
1 0
2 0
last timestep 2
