node 674 iteration 0
0 0
1 1
2 0
3 0
last timestep 3
node 674 iteration 1
0 0
1 1
2 0
3 0
last timestep 3
node 674 iteration 2
0 0
1 3
2 7
3 4
4 10
5 17
6 17
7 38
8 71
9 78
10 83
11 88
12 74
13 56
14 63
15 43
16 43
17 35
18 15
19 6
20 3
21 3
22 1
23 1
24 1
25 0
26 0
last timestep 26
node 674 iteration 3
0 0
1 3
2 15
3 9
4 30
5 28
6 39
7 60
8 55
9 73
10 81
11 79
12 97
13 84
14 59
15 41
16 26
17 8
18 7
19 6
20 4
21 2
22 0
23 0
last timestep 23
node 674 iteration 4
0 0
1 0
2 0
last timestep 2
node 674 iteration 5
0 0
1 0
2 0
last timestep 2
node 674 iteration 6
0 0
1 4
2 2
3 5
4 9
5 5
6 9
7 16
8 26
9 32
10 39
11 44
12 72
13 84
14 60
15 66
16 57
17 45
18 55
19 29
20 17
21 10
22 6
23 9
24 7
25 4
26 3
27 0
28 0
last timestep 28
node 674 iteration 7
0 0
1 2
2 3
3 3
4 6
5 13
6 21
7 37
8 45
9 57
10 89
11 98
12 77
13 66
14 54
15 47
16 50
17 59
18 36
19 16
20 16
21 12
22 4
23 3
24 1
25 0
26 0
last timestep 26
node 674 iteration 8
0 0
1 3
2 6
3 7
4 20
5 24
6 31
7 43
8 61
9 81
10 56
11 62
12 62
13 54
14 56
15 49
16 37
17 23
18 16
19 13
20 3
21 3
22 1
23 0
24 0
last timestep 24
node 674 iteration 9
0 0
1 4
2 4
3 7
4 17
5 20
6 23
7 29
8 26
9 56
10 66
11 68
12 76
13 68
14 72
15 86
16 68
17 58
18 48
19 34
20 20
21 19
22 7
23 5
24 1
25 1
26 0
27 0
last timestep 27
