node 996 iteration 0
0 0
1 3
2 3
3 6
4 8
5 13
6 34
7 32
8 44
9 64
10 59
11 77
12 68
13 78
14 57
15 64
16 36
17 41
18 21
19 15
20 10
21 8
22 2
23 1
24 0
25 0
last timestep 25
node 996 iteration 1
0 0
1 6
2 12
3 27
4 41
5 46
6 79
7 77
8 100
9 111
10 98
11 86
12 59
13 44
14 38
15 24
16 20
17 23
18 17
19 7
20 3
21 2
22 2
23 2
24 2
25 0
26 0
last timestep 26
node 996 iteration 2
0 0
1 3
2 4
3 3
4 5
5 9
6 10
7 12
8 26
9 44
10 52
11 68
12 79
13 87
14 58
15 66
16 38
17 30
18 30
19 29
20 19
21 8
22 14
23 7
24 8
25 6
26 3
27 0
28 2
29 3
30 2
31 0
last timestep 31
node 996 iteration 3
0 0
1 6
2 10
3 21
4 27
5 46
6 42
7 61
8 87
9 96
10 77
11 66
12 54
13 51
14 49
15 17
16 13
17 5
18 3
19 0
20 0
last timestep 20
node 996 iteration 4
0 0
1 0
2 2
3 4
4 5
5 5
6 2
7 2
8 6
9 0
last timestep 9
node 996 iteration 5
0 0
1 2
2 6
3 16
4 18
5 34
6 40
7 59
8 64
9 67
10 60
11 57
12 75
13 58
14 52
15 37
16 38
17 25
18 22
19 20
20 17
21 17
22 14
23 9
24 8
25 4
26 1
27 0
28 0
last timestep 28
node 996 iteration 6
0 0
1 3
2 0
3 0
last timestep 3
node 996 iteration 7
0 0
1 5
2 8
3 10
4 18
5 23
6 29
7 34
8 44
9 53
10 68
11 65
12 48
13 65
14 72
15 76
16 53
17 41
18 33
19 16
20 8
21 7
22 5
23 4
24 4
25 4
26 1
27 1
28 2
29 1
30 0
31 0
last timestep 31
node 996 iteration 8
0 0
1 4
2 5
3 18
4 13
5 46
6 54
7 58
8 52
9 67
10 62
11 78
12 64
13 41
14 34
15 31
16 27
17 16
18 7
19 6
20 12
21 12
22 11
23 5
24 10
25 5
26 2
27 4
28 2
29 0
30 0
last timestep 30
node 996 iteration 9
0 0
1 4
2 3
3 7
4 13
5 24
6 27
7 71
8 94
9 127
10 125
11 93
12 76
13 49
14 42
15 24
16 12
17 7
18 9
19 9
20 8
21 3
22 3
23 1
24 2
25 1
26 1
27 3
28 2
29 0
30 0
last timestep 30
