node 358 iteration 0
0 0
1 1
2 1
3 0
4 0
last timestep 4
node 358 iteration 1
0 0
1 1
2 2
3 7
4 14
5 20
6 17
7 16
8 26
9 29
10 50
11 51
12 37
13 26
14 33
15 30
16 42
17 30
18 29
19 32
20 20
21 11
22 10
23 8
24 3
25 3
26 7
27 5
28 10
29 12
30 15
31 19
32 10
33 8
34 2
35 0
36 0
last timestep 36
node 358 iteration 2
0 0
1 1
2 0
3 0
last timestep 3
node 358 iteration 3
0 0
1 4
2 4
3 3
4 5
5 10
6 14
7 43
8 54
9 70
10 75
11 73
12 94
13 91
14 81
15 76
16 50
17 43
18 25
19 10
20 4
21 4
22 3
23 1
24 1
25 1
26 0
27 0
last timestep 27
node 358 iteration 4
0 0
1 0
2 0
last timestep 2
node 358 iteration 5
0 0
1 0
2 0
last timestep 2
node 358 iteration 6
0 0
1 5
2 12
3 18
4 30
5 33
6 39
7 48
8 72
9 87
10 92
11 64
12 66
13 46
14 28
15 30
16 20
17 24
18 15
19 7
20 9
21 4
22 2
23 3
24 1
25 0
26 0
last timestep 26
node 358 iteration 7
0 0
1 2
2 5
3 6
4 6
5 7
6 2
7 2
8 1
9 1
10 1
11 4
12 7
13 22
14 27
15 30
16 47
17 48
18 50
19 86
20 93
21 77
22 60
23 47
24 35
25 21
26 15
27 11
28 12
29 12
30 8
31 1
32 1
33 2
34 3
35 0
36 0
last timestep 36
node 358 iteration 8
0 0
1 3
2 3
3 7
4 19
5 28
6 34
7 54
8 72
9 84
10 99
11 91
12 94
13 76
14 78
15 41
16 27
17 13
18 11
19 5
20 1
21 0
22 0
last timestep 22
node 358 iteration 9
0 0
1 2
2 1
3 0
4 0
last timestep 4
