node 863 iteration 0
0 0
1 1
2 0
3 0
last timestep 3
node 863 iteration 1
0 0
1 1
2 1
3 0
4 0
last timestep 4
node 863 iteration 2
0 0
1 6
2 4
3 0
4 0
last timestep 4
node 863 iteration 3
0 0
1 2
2 7
3 7
4 24
5 16
6 14
7 29
8 49
9 47
10 48
11 46
12 58
13 67
14 55
15 43
16 29
17 34
18 32
19 18
20 8
21 10
22 14
23 2
24 2
25 3
26 3
27 2
28 2
29 0
30 0
last timestep 30
node 863 iteration 4
0 0
1 3
2 10
3 17
4 38
5 59
6 65
7 89
8 107
9 120
10 103
11 88
12 58
13 31
14 18
15 13
16 4
17 1
18 1
19 0
20 0
last timestep 20
node 863 iteration 5
0 0
1 5
2 5
3 3
4 10
5 14
6 16
7 22
8 30
9 41
10 42
11 73
12 87
13 87
14 76
15 74
16 44
17 38
18 28
19 21
20 11
21 3
22 3
23 2
24 2
25 1
26 0
27 0
last timestep 27
node 863 iteration 6
0 0
1 5
2 6
3 9
4 15
5 20
6 30
7 42
8 62
9 65
10 91
11 126
12 81
13 90
14 70
15 62
16 37
17 31
18 19
19 9
20 4
21 3
22 1
23 1
24 0
25 0
last timestep 25
node 863 iteration 7
0 0
1 4
2 9
3 20
4 29
5 25
6 37
7 60
8 66
9 62
10 73
11 94
12 77
13 66
14 46
15 33
16 16
17 14
18 7
19 3
20 2
21 2
22 1
23 0
24 0
last timestep 24
node 863 iteration 8
0 0
1 1
2 0
3 1
4 1
5 3
6 3
7 2
8 13
9 13
10 14
11 12
12 13
13 13
14 18
15 18
16 19
17 30
18 45
19 56
20 53
21 47
22 45
23 41
24 42
25 33
26 34
27 36
28 32
29 30
30 27
31 25
32 25
33 18
34 12
35 22
36 10
37 6
38 2
39 0
last timestep 39
node 863 iteration 9
0 0
1 1
2 2
3 1
4 2
5 5
6 11
7 18
8 34
9 40
10 50
11 77
12 87
13 55
14 68
15 69
16 77
17 60
18 56
19 46
20 32
21 11
22 4
23 3
24 3
25 0
26 0
last timestep 26
