node 241 iteration 0
0 0
1 3
2 0
3 0
last timestep 3
node 241 iteration 1
0 0
1 4
2 5
3 7
4 6
5 13
6 7
7 25
8 16
9 20
10 25
11 32
12 32
13 45
14 50
15 59
16 51
17 56
18 54
19 38
20 44
21 29
22 17
23 22
24 27
25 10
26 7
27 1
28 0
29 0
last timestep 29
node 241 iteration 2
0 0
1 6
2 3
3 1
4 2
5 2
6 2
7 2
8 1
9 1
10 0
11 0
last timestep 11
node 241 iteration 3
0 0
1 4
2 1
3 1
4 2
5 4
6 3
7 3
8 6
9 16
10 20
11 41
12 50
13 85
14 96
15 123
16 97
17 80
18 65
19 39
20 35
21 22
22 15
23 11
24 9
25 9
26 6
27 2
28 1
29 0
30 0
last timestep 30
node 241 iteration 4
0 0
1 5
2 10
3 6
4 7
5 13
6 23
7 29
8 24
9 26
10 58
11 59
12 50
13 47
14 50
15 42
16 48
17 34
18 32
19 37
20 18
21 15
22 8
23 6
24 5
25 2
26 2
27 3
28 1
29 0
30 0
last timestep 30
node 241 iteration 5
0 0
1 1
2 2
3 2
4 1
5 0
6 0
last timestep 6
node 241 iteration 6
0 0
1 4
2 5
3 5
4 15
5 21
6 44
7 53
8 90
9 110
10 100
11 102
12 76
13 53
14 38
15 29
16 21
17 18
18 6
19 2
20 2
21 2
22 1
23 0
24 0
last timestep 24
node 241 iteration 7
0 0
1 6
2 11
3 5
4 11
5 6
6 7
7 6
8 0
9 0
last timestep 9
node 241 iteration 8
0 0
1 3
2 6
3 9
4 13
5 9
6 8
7 11
8 14
9 11
10 14
11 15
12 26
13 24
14 39
15 43
16 50
17 52
18 58
19 56
20 60
21 58
22 31
23 16
24 14
25 3
26 2
27 4
28 1
29 0
30 0
last timestep 30
node 241 iteration 9
0 0
1 4
2 9
3 10
4 18
5 21
6 30
7 53
8 81
9 93
10 93
11 89
12 80
13 55
14 55
15 46
16 37
17 16
18 16
19 11
20 6
21 2
22 1
23 1
24 2
25 0
26 0
last timestep 26
