node 1864 iteration 0
0 0
1 0
2 0
last timestep 2
node 1864 iteration 1
0 0
1 2
2 0
3 0
last timestep 3
node 1864 iteration 2
0 0
1 1
2 1
3 2
4 3
5 3
6 4
7 6
8 11
9 20
10 39
11 50
12 53
13 72
14 91
15 99
16 104
17 82
18 64
19 29
20 21
21 26
22 15
23 10
24 3
25 1
26 0
27 0
last timestep 27
node 1864 iteration 3
0 0
1 4
2 4
3 11
4 18
5 28
6 42
7 57
8 74
9 89
10 108
11 90
12 71
13 69
14 50
15 28
16 24
17 11
18 7
19 8
20 2
21 3
22 1
23 1
24 1
25 0
26 0
last timestep 26
node 1864 iteration 4
0 0
1 4
2 2
3 5
4 5
5 11
6 31
7 48
8 64
9 83
10 96
11 117
12 116
13 65
14 54
15 41
16 20
17 16
18 11
19 7
20 5
21 4
22 2
23 1
24 1
25 1
26 1
27 3
28 2
29 0
30 0
last timestep 30
node 1864 iteration 5
0 0
1 2
2 3
3 5
4 13
5 33
6 39
7 39
8 55
9 56
10 75
11 71
12 59
13 74
14 63
15 55
16 25
17 25
18 19
19 12
20 10
21 10
22 8
23 11
24 10
25 8
26 3
27 8
28 7
29 3
30 5
31 5
32 2
33 0
34 0
last timestep 34
node 1864 iteration 6
0 0
1 0
2 4
3 4
4 7
5 10
6 6
7 4
8 12
9 9
10 10
11 20
12 28
13 31
14 64
15 66
16 103
17 88
18 100
19 101
20 68
21 46
22 28
23 22
24 12
25 17
26 8
27 7
28 3
29 2
30 1
31 1
32 0
last timestep 32
node 1864 iteration 7
0 0
1 4
2 3
3 5
4 14
5 16
6 32
7 41
8 38
9 50
10 55
11 68
12 65
13 79
14 64
15 51
16 40
17 30
18 19
19 15
20 7
21 7
22 1
23 0
24 0
last timestep 24
node 1864 iteration 8
0 0
1 4
2 6
3 7
4 6
5 15
6 29
7 44
8 63
9 70
10 68
11 99
12 83
13 74
14 69
15 54
16 33
17 20
18 8
19 12
20 14
21 8
22 4
23 0
24 0
last timestep 24
node 1864 iteration 9
0 0
1 5
2 4
3 5
4 14
5 16
6 34
7 51
8 52
9 62
10 74
11 91
12 91
13 66
14 63
15 44
16 30
17 21
18 9
19 3
20 1
21 1
22 2
23 1
24 0
25 0
last timestep 25
