node 1136 iteration 0
0 0
1 0
2 0
last timestep 2
node 1136 iteration 1
0 0
1 4
2 5
3 6
4 8
5 12
6 13
7 25
8 32
9 42
10 53
11 78
12 88
13 85
14 86
15 69
16 94
17 69
18 52
19 30
20 13
21 16
22 5
23 1
24 0
25 0
last timestep 25
node 1136 iteration 2
0 0
1 2
2 3
3 4
4 4
5 7
6 2
7 2
8 5
9 8
10 6
11 18
12 21
13 30
14 52
15 54
16 91
17 79
18 101
19 82
20 73
21 55
22 51
23 27
24 33
25 16
26 11
27 10
28 5
29 4
30 6
31 3
32 2
33 5
34 4
35 1
36 3
37 1
38 0
39 0
last timestep 39
node 1136 iteration 3
0 0
1 0
2 0
last timestep 2
node 1136 iteration 4
0 0
1 2
2 6
3 7
4 19
5 16
6 19
7 34
8 49
9 60
10 81
11 87
12 84
13 91
14 76
15 69
16 60
17 32
18 14
19 7
20 7
21 1
22 0
23 0
last timestep 23
node 1136 iteration 5
0 0
1 6
2 13
3 25
4 51
5 51
6 86
7 103
8 97
9 99
10 112
11 70
12 57
13 39
14 22
15 22
16 20
17 8
18 3
19 1
20 4
21 2
22 2
23 2
24 2
25 1
26 1
27 0
28 0
last timestep 28
node 1136 iteration 6
0 0
1 4
2 15
3 20
4 32
5 60
6 85
7 87
8 95
9 72
10 89
11 73
12 41
13 27
14 18
15 8
16 11
17 5
18 5
19 5
20 2
21 2
22 3
23 2
24 2
25 0
26 0
last timestep 26
node 1136 iteration 7
0 0
1 0
2 4
3 4
4 21
5 22
6 42
7 64
8 76
9 90
10 105
11 99
12 75
13 54
14 36
15 30
16 27
17 20
18 12
19 10
20 7
21 6
22 5
23 6
24 2
25 3
26 2
27 0
last timestep 27
node 1136 iteration 8
0 0
1 3
2 1
3 2
4 12
5 27
6 30
7 34
8 68
9 76
10 95
11 87
12 89
13 66
14 53
15 35
16 27
17 15
18 13
19 5
20 3
21 3
22 4
23 0
24 0
last timestep 24
node 1136 iteration 9
0 0
1 3
2 1
3 1
4 1
5 0
6 0
last timestep 6
