node 363 iteration 0
0 0
1 1
2 0
3 0
last timestep 3
node 363 iteration 1
0 0
1 5
2 3
3 7
4 11
5 6
6 5
7 2
8 5
9 6
10 5
11 11
12 9
13 19
14 43
15 74
16 83
17 122
18 96
19 91
20 79
21 34
22 32
23 16
24 10
25 5
26 3
27 1
28 0
29 0
last timestep 29
node 363 iteration 2
0 0
1 2
2 1
3 1
4 0
5 0
last timestep 5
node 363 iteration 3
0 0
1 4
2 4
3 7
4 12
5 6
6 29
7 47
8 57
9 81
10 91
11 88
12 79
13 72
14 56
15 34
16 25
17 16
18 11
19 7
20 0
21 1
22 1
23 0
last timestep 23
node 363 iteration 4
0 0
1 4
2 5
3 20
4 21
5 37
6 47
7 53
8 59
9 72
10 65
11 68
12 64
13 61
14 34
15 35
16 23
17 26
18 18
19 13
20 11
21 8
22 4
23 7
24 5
25 5
26 3
27 6
28 8
29 7
30 12
31 12
32 8
33 16
34 5
35 3
36 4
37 2
38 1
39 0
40 0
last timestep 40
node 363 iteration 5
0 0
1 1
2 0
3 4
4 7
5 8
6 8
7 20
8 23
9 31
10 37
11 48
12 69
13 84
14 85
15 91
16 67
17 64
18 46
19 34
20 31
21 20
22 14
23 11
24 8
25 5
26 3
27 1
28 1
29 0
last timestep 29
node 363 iteration 6
0 0
1 2
2 2
3 2
4 1
5 1
6 1
7 3
8 13
9 12
10 21
11 24
12 26
13 25
14 29
15 52
16 45
17 42
18 51
19 60
20 50
21 46
22 56
23 36
24 31
25 27
26 26
27 11
28 10
29 9
30 13
31 7
32 5
33 2
34 2
35 4
36 0
37 1
38 0
last timestep 38
node 363 iteration 7
0 0
1 3
2 4
3 12
4 19
5 26
6 46
7 41
8 54
9 91
10 103
11 101
12 78
13 65
14 54
15 34
16 36
17 17
18 18
19 13
20 12
21 10
22 5
23 2
24 2
25 1
26 0
27 0
last timestep 27
node 363 iteration 8
0 0
1 3
2 4
3 3
4 3
5 2
6 3
7 6
8 5
9 15
10 20
11 33
12 44
13 52
14 63
15 81
16 79
17 98
18 106
19 80
20 52
21 44
22 33
23 22
24 13
25 14
26 9
27 4
28 4
29 2
30 0
31 0
last timestep 31
node 363 iteration 9
0 0
1 1
2 2
3 8
4 17
5 23
6 52
7 57
8 86
9 72
10 76
11 61
12 67
13 64
14 55
15 20
16 25
17 21
18 25
19 14
20 7
21 6
22 3
23 2
24 4
25 4
26 2
27 2
28 5
29 2
30 0
31 0
last timestep 31
