node 593 iteration 0
0 0
1 0
2 0
last timestep 2
node 593 iteration 1
0 0
1 0
2 0
last timestep 2
node 593 iteration 2
0 0
1 4
2 9
3 21
4 31
5 52
6 68
7 84
8 100
9 88
10 67
11 52
12 38
13 39
14 52
15 30
16 22
17 15
18 7
19 7
20 2
21 5
22 6
23 2
24 1
25 1
26 0
27 0
last timestep 27
node 593 iteration 3
0 0
1 1
2 1
3 1
4 11
5 18
6 9
7 14
8 20
9 15
10 33
11 38
12 68
13 60
14 70
15 70
16 47
17 68
18 48
19 44
20 30
21 23
22 26
23 13
24 11
25 16
26 8
27 5
28 3
29 1
30 0
31 0
last timestep 31
node 593 iteration 4
0 0
1 1
2 4
3 7
4 26
5 53
6 81
7 124
8 130
9 109
10 97
11 94
12 71
13 49
14 33
15 15
16 7
17 4
18 2
19 3
20 3
21 5
22 0
23 0
last timestep 23
node 593 iteration 5
0 0
1 4
2 9
3 9
4 17
5 25
6 27
7 40
8 78
9 80
10 75
11 82
12 77
13 70
14 58
15 56
16 39
17 37
18 25
19 17
20 14
21 9
22 8
23 6
24 3
25 2
26 4
27 2
28 0
29 0
last timestep 29
node 593 iteration 6
0 0
1 1
2 1
3 0
4 0
last timestep 4
node 593 iteration 7
0 0
1 3
2 19
3 30
4 45
5 54
6 66
7 81
8 79
9 80
10 55
11 57
12 35
13 19
14 20
15 28
16 30
17 27
18 25
19 17
20 4
21 3
22 3
23 2
24 3
25 1
26 0
27 0
last timestep 27
node 593 iteration 8
0 0
1 1
2 0
3 0
last timestep 3
node 593 iteration 9
0 0
1 2
2 7
3 10
4 22
5 32
6 50
7 70
8 88
9 95
10 96
11 81
12 90
13 62
14 55
15 31
16 26
17 13
18 16
19 6
20 1
21 2
22 3
23 0
24 0
last timestep 24
