node 511 iteration 0
0 0
1 1
2 0
3 0
last timestep 3
node 511 iteration 1
0 0
1 1
2 1
3 0
4 2
5 8
6 10
7 7
8 12
9 11
10 9
11 11
12 10
13 30
14 66
15 58
16 48
17 67
18 73
19 78
20 55
21 68
22 33
23 36
24 35
25 23
26 13
27 17
28 7
29 3
30 7
31 6
32 7
33 5
34 3
35 1
36 0
last timestep 36
node 511 iteration 2
0 0
1 2
2 2
3 1
4 4
5 4
6 6
7 5
8 10
9 6
10 6
11 8
12 2
13 3
14 3
15 10
16 12
17 25
18 27
19 37
20 53
21 79
22 87
23 104
24 78
25 68
26 44
27 30
28 13
29 17
30 8
31 5
32 2
33 3
34 1
35 1
36 7
37 1
38 2
39 1
40 0
41 0
last timestep 41
node 511 iteration 3
0 0
1 0
2 0
last timestep 2
node 511 iteration 4
0 0
1 1
2 3
3 11
4 28
5 27
6 37
7 43
8 69
9 104
10 70
11 84
12 74
13 78
14 67
15 58
16 42
17 21
18 14
19 5
20 2
21 0
22 0
last timestep 22
node 511 iteration 5
0 0
1 1
2 1
3 0
4 0
last timestep 4
node 511 iteration 6
0 0
1 5
2 9
3 13
4 16
5 15
6 18
7 44
8 51
9 82
10 73
11 81
12 78
13 90
14 87
15 78
16 34
17 27
18 22
19 14
20 6
21 6
22 3
23 6
24 3
25 1
26 0
27 0
last timestep 27
node 511 iteration 7
0 0
1 1
2 6
3 19
4 15
5 25
6 30
7 34
8 53
9 58
10 90
11 96
12 65
13 44
14 44
15 38
16 23
17 11
18 15
19 9
20 9
21 3
22 1
23 7
24 1
25 0
26 0
last timestep 26
node 511 iteration 8
0 0
1 2
2 8
3 6
4 3
5 4
6 3
7 6
8 1
9 2
10 8
11 11
12 15
13 19
14 31
15 35
16 39
17 47
18 52
19 65
20 71
21 66
22 67
23 54
24 50
25 43
26 32
27 20
28 15
29 12
30 7
31 3
32 0
33 0
last timestep 33
node 511 iteration 9
0 0
1 0
2 0
last timestep 2
