node 1161 iteration 0
0 0
1 4
2 3
3 2
4 2
5 1
6 0
7 0
last timestep 7
node 1161 iteration 1
0 0
1 3
2 4
3 3
4 3
5 4
6 5
7 7
8 4
9 6
10 6
11 17
12 18
13 36
14 62
15 89
16 112
17 121
18 96
19 60
20 54
21 34
22 30
23 21
24 14
25 4
26 0
27 0
last timestep 27
node 1161 iteration 2
0 0
1 3
2 9
3 13
4 13
5 25
6 39
7 43
8 60
9 90
10 88
11 82
12 84
13 71
14 67
15 43
16 24
17 15
18 13
19 7
20 7
21 2
22 5
23 1
24 2
25 0
26 0
last timestep 26
node 1161 iteration 3
0 0
1 5
2 6
3 20
4 24
5 26
6 37
7 44
8 66
9 75
10 92
11 96
12 74
13 65
14 62
15 31
16 25
17 23
18 11
19 9
20 3
21 6
22 3
23 5
24 3
25 1
26 2
27 1
28 0
29 0
last timestep 29
node 1161 iteration 4
0 0
1 4
2 6
3 20
4 12
5 8
6 6
7 13
8 9
9 16
10 34
11 43
12 48
13 73
14 88
15 95
16 75
17 68
18 48
19 34
20 22
21 17
22 24
23 17
24 13
25 12
26 7
27 9
28 6
29 2
30 0
31 0
last timestep 31
node 1161 iteration 5
0 0
1 2
2 2
3 3
4 5
5 1
6 0
7 0
last timestep 7
node 1161 iteration 6
0 0
1 2
2 1
3 0
4 0
last timestep 4
node 1161 iteration 7
0 0
1 2
2 10
3 4
4 7
5 6
6 4
7 10
8 24
9 40
10 59
11 66
12 67
13 73
14 72
15 75
16 73
17 44
18 31
19 31
20 33
21 20
22 19
23 10
24 10
25 7
26 3
27 5
28 1
29 1
30 1
31 0
32 0
last timestep 32
node 1161 iteration 8
0 0
1 2
2 1
3 8
4 22
5 40
6 48
7 55
8 68
9 91
10 94
11 95
12 80
13 63
14 48
15 20
16 12
17 3
18 4
19 5
20 2
21 2
22 0
23 0
last timestep 23
node 1161 iteration 9
0 0
1 3
2 3
3 4
4 3
5 8
6 2
7 0
8 1
9 2
10 5
11 3
12 6
13 17
14 12
15 18
16 26
17 28
18 39
19 62
20 77
21 91
22 78
23 74
24 63
25 45
26 38
27 35
28 22
29 19
30 15
31 10
32 10
33 5
34 1
35 1
36 0
last timestep 36
