node 499 iteration 0
0 0
1 4
2 2
3 2
4 4
5 3
6 15
7 11
8 13
9 28
10 19
11 40
12 76
13 90
14 107
15 118
16 102
17 66
18 64
19 45
20 24
21 15
22 10
23 3
24 3
25 2
26 1
27 3
28 7
29 0
30 0
last timestep 30
node 499 iteration 1
0 0
1 2
2 1
3 1
4 5
5 13
6 22
7 35
8 47
9 67
10 71
11 92
12 115
13 102
14 72
15 35
16 19
17 9
18 4
19 3
20 2
21 1
22 3
23 0
24 0
last timestep 24
node 499 iteration 2
0 0
1 4
2 5
3 6
4 8
5 8
6 19
7 38
8 50
9 79
10 83
11 56
12 68
13 70
14 54
15 34
16 21
17 21
18 13
19 20
20 19
21 22
22 19
23 8
24 12
25 7
26 2
27 4
28 2
29 0
30 0
last timestep 30
node 499 iteration 3
0 0
1 1
2 0
3 0
last timestep 3
node 499 iteration 4
0 0
1 6
2 8
3 11
4 13
5 20
6 30
7 39
8 54
9 61
10 55
11 82
12 89
13 89
14 76
15 52
16 35
17 23
18 10
19 7
20 9
21 9
22 7
23 2
24 0
25 0
last timestep 25
node 499 iteration 5
0 0
1 1
2 0
3 0
last timestep 3
node 499 iteration 6
0 0
1 2
2 10
3 9
4 4
5 4
6 11
7 41
8 56
9 52
10 65
11 80
12 74
13 57
14 49
15 61
16 33
17 35
18 21
19 25
20 13
21 6
22 4
23 3
24 4
25 3
26 1
27 0
28 0
last timestep 28
node 499 iteration 7
0 0
1 0
2 0
last timestep 2
node 499 iteration 8
0 0
1 6
2 11
3 24
4 18
5 20
6 15
7 19
8 26
9 35
10 39
11 59
12 72
13 83
14 84
15 77
16 57
17 34
18 31
19 29
20 22
21 17
22 15
23 15
24 6
25 3
26 4
27 0
28 0
last timestep 28
node 499 iteration 9
0 0
1 2
2 1
3 0
4 0
last timestep 4
