node 1099 iteration 0
0 0
1 4
2 3
3 1
4 1
5 4
6 7
7 9
8 12
9 13
10 22
11 32
12 62
13 95
14 100
15 120
16 102
17 58
18 40
19 46
20 27
21 14
22 7
23 3
24 6
25 5
26 11
27 5
28 4
29 4
30 4
31 1
32 1
33 0
34 0
last timestep 34
node 1099 iteration 1
0 0
1 2
2 3
3 5
4 10
5 4
6 9
7 8
8 13
9 14
10 15
11 14
12 28
13 23
14 39
15 55
16 61
17 76
18 84
19 117
20 89
21 63
22 32
23 14
24 10
25 7
26 5
27 2
28 2
29 1
30 0
31 2
32 0
last timestep 32
node 1099 iteration 2
0 0
1 3
2 3
3 10
4 13
5 14
6 19
7 18
8 33
9 36
10 68
11 79
12 74
13 85
14 59
15 50
16 36
17 47
18 39
19 26
20 20
21 16
22 10
23 10
24 5
25 8
26 5
27 4
28 1
29 1
30 0
31 0
last timestep 31
node 1099 iteration 3
0 0
1 1
2 1
3 2
4 6
5 13
6 16
7 16
8 10
9 17
10 32
11 55
12 41
13 33
14 62
15 72
16 79
17 74
18 66
19 51
20 36
21 36
22 20
23 7
24 14
25 21
26 17
27 9
28 9
29 8
30 4
31 3
32 5
33 7
34 3
35 5
36 0
37 1
38 1
39 0
last timestep 39
node 1099 iteration 4
0 0
1 4
2 2
3 2
4 2
5 1
6 0
7 0
last timestep 7
node 1099 iteration 5
0 0
1 1
2 0
3 0
last timestep 3
node 1099 iteration 6
0 0
1 2
2 0
3 0
last timestep 3
node 1099 iteration 7
0 0
1 2
2 8
3 10
4 12
5 16
6 21
7 32
8 62
9 63
10 57
11 57
12 72
13 72
14 68
15 43
16 31
17 19
18 16
19 7
20 7
21 2
22 0
23 1
24 0
last timestep 24
node 1099 iteration 8
0 0
1 2
2 0
3 0
last timestep 3
node 1099 iteration 9
0 0
1 6
2 10
3 14
4 21
5 41
6 51
7 88
8 107
9 114
10 86
11 81
12 70
13 54
14 33
15 23
16 14
17 10
18 7
19 3
20 3
21 0
22 0
last timestep 22
