node 590 iteration 0
0 0
1 2
2 1
3 1
4 2
5 2
6 4
7 4
8 8
9 15
10 16
11 24
12 26
13 35
14 53
15 46
16 50
17 65
18 67
19 62
20 47
21 52
22 48
23 50
24 27
25 11
26 11
27 4
28 4
29 1
30 0
31 0
last timestep 31
node 590 iteration 1
0 0
1 4
2 5
3 14
4 16
5 22
6 47
7 70
8 103
9 144
10 117
11 108
12 67
13 52
14 33
15 26
16 12
17 6
18 1
19 1
20 0
21 1
22 0
last timestep 22
node 590 iteration 2
0 0
1 3
2 8
3 11
4 16
5 28
6 29
7 41
8 67
9 63
10 66
11 74
12 65
13 53
14 60
15 43
16 27
17 26
18 15
19 9
20 7
21 6
22 8
23 4
24 10
25 20
26 11
27 12
28 4
29 2
30 2
31 1
32 2
33 0
34 0
last timestep 34
node 590 iteration 3
0 0
1 7
2 7
3 23
4 26
5 55
6 54
7 79
8 87
9 110
10 87
11 61
12 60
13 45
14 21
15 13
16 9
17 3
18 2
19 0
20 0
last timestep 20
node 590 iteration 4
0 0
1 3
2 3
3 4
4 6
5 5
6 8
7 9
8 22
9 39
10 51
11 69
12 56
13 59
14 52
15 65
16 49
17 60
18 32
19 29
20 17
21 17
22 9
23 9
24 3
25 1
26 0
27 0
last timestep 27
node 590 iteration 5
0 0
1 2
2 2
3 1
4 5
5 9
6 14
7 22
8 32
9 40
10 54
11 63
12 53
13 86
14 76
15 79
16 95
17 80
18 73
19 40
20 35
21 27
22 20
23 7
24 2
25 1
26 0
27 0
last timestep 27
node 590 iteration 6
0 0
1 1
2 1
3 10
4 8
5 16
6 20
7 27
8 45
9 52
10 76
11 84
12 91
13 99
14 69
15 43
16 32
17 26
18 12
19 4
20 0
21 0
last timestep 21
node 590 iteration 7
0 0
1 2
2 4
3 3
4 7
5 26
6 31
7 46
8 52
9 83
10 95
11 96
12 101
13 85
14 69
15 57
16 34
17 26
18 13
19 10
20 5
21 2
22 0
23 0
last timestep 23
node 590 iteration 8
0 0
1 2
2 1
3 0
4 0
last timestep 4
node 590 iteration 9
0 0
1 4
2 3
3 6
4 6
5 21
6 37
7 54
8 98
9 97
10 130
11 98
12 91
13 81
14 51
15 40
16 26
17 18
18 9
19 8
20 5
21 5
22 5
23 2
24 0
25 0
last timestep 25
