node 253 iteration 0
0 0
1 2
2 3
3 3
4 4
5 9
6 9
7 24
8 33
9 41
10 53
11 50
12 49
13 42
14 52
15 54
16 40
17 37
18 30
19 36
20 39
21 41
22 28
23 24
24 23
25 16
26 8
27 9
28 5
29 2
30 4
31 1
32 1
33 0
34 0
last timestep 34
node 253 iteration 1
0 0
1 5
2 4
3 11
4 20
5 32
6 44
7 76
8 94
9 119
10 76
11 53
12 42
13 54
14 31
15 34
16 22
17 13
18 7
19 5
20 2
21 0
22 0
last timestep 22
node 253 iteration 2
0 0
1 4
2 5
3 2
4 3
5 6
6 7
7 20
8 18
9 23
10 27
11 49
12 53
13 75
14 92
15 89
16 89
17 80
18 72
19 55
20 46
21 20
22 14
23 12
24 7
25 4
26 3
27 4
28 2
29 1
30 0
31 0
last timestep 31
node 253 iteration 3
0 0
1 1
2 0
3 0
last timestep 3
node 253 iteration 4
0 0
1 2
2 6
3 10
4 21
5 25
6 49
7 72
8 92
9 121
10 118
11 114
12 91
13 65
14 35
15 38
16 16
17 16
18 4
19 4
20 1
21 3
22 3
23 1
24 1
25 0
26 0
last timestep 26
node 253 iteration 5
0 0
1 1
2 1
3 0
4 0
last timestep 4
node 253 iteration 6
0 0
1 3
2 2
3 4
4 3
5 8
6 7
7 15
8 15
9 29
10 40
11 61
12 73
13 76
14 71
15 72
16 73
17 65
18 42
19 33
20 25
21 23
22 17
23 15
24 13
25 10
26 4
27 5
28 8
29 6
30 1
31 0
32 0
last timestep 32
node 253 iteration 7
0 0
1 10
2 9
3 9
4 11
5 9
6 29
7 26
8 32
9 40
10 39
11 39
12 32
13 30
14 42
15 52
16 59
17 50
18 36
19 23
20 19
21 18
22 13
23 9
24 14
25 9
26 6
27 10
28 5
29 2
30 2
31 1
32 0
33 0
last timestep 33
node 253 iteration 8
0 0
1 2
2 6
3 9
4 9
5 15
6 25
7 39
8 64
9 83
10 86
11 64
12 53
13 60
14 46
15 44
16 34
17 31
18 31
19 19
20 20
21 7
22 0
23 1
24 2
25 1
26 2
27 2
28 2
29 1
30 1
31 0
last timestep 31
node 253 iteration 9
0 0
1 3
2 5
3 3
4 3
5 4
6 4
7 8
8 13
9 24
10 22
11 37
12 40
13 62
14 75
15 91
16 97
17 89
18 81
19 87
20 47
21 33
22 19
23 20
24 14
25 17
26 4
27 2
28 2
29 1
30 2
31 1
32 1
33 0
34 0
last timestep 34
