node 1146 iteration 0
0 0
1 1
2 0
3 0
last timestep 3
node 1146 iteration 1
0 0
1 1
2 7
3 6
4 11
5 22
6 24
7 41
8 69
9 63
10 54
11 79
12 66
13 64
14 34
15 25
16 36
17 32
18 17
19 22
20 17
21 25
22 18
23 9
24 10
25 6
26 9
27 10
28 9
29 3
30 2
31 0
32 0
last timestep 32
node 1146 iteration 2
0 0
1 0
2 0
last timestep 2
node 1146 iteration 3
0 0
1 2
2 2
3 5
4 7
5 10
6 13
7 16
8 14
9 27
10 22
11 25
12 33
13 67
14 74
15 90
16 98
17 80
18 62
19 49
20 43
21 18
22 11
23 11
24 2
25 6
26 0
27 0
last timestep 27
node 1146 iteration 4
0 0
1 1
2 5
3 10
4 20
5 42
6 68
7 97
8 103
9 103
10 69
11 81
12 60
13 52
14 41
15 24
16 12
17 5
18 4
19 7
20 3
21 0
22 0
last timestep 22
node 1146 iteration 5
0 0
1 3
2 1
3 2
4 1
5 0
6 0
last timestep 6
node 1146 iteration 6
0 0
1 4
2 7
3 8
4 17
5 16
6 26
7 31
8 38
9 57
10 80
11 83
12 95
13 91
14 93
15 70
16 51
17 26
18 17
19 11
20 8
21 1
22 1
23 1
24 0
25 0
last timestep 25
node 1146 iteration 7
0 0
1 3
2 2
3 8
4 6
5 11
6 15
7 16
8 21
9 26
10 36
11 41
12 29
13 47
14 36
15 55
16 69
17 74
18 73
19 36
20 29
21 23
22 15
23 11
24 5
25 8
26 4
27 2
28 0
29 0
last timestep 29
node 1146 iteration 8
0 0
1 3
2 4
3 2
4 9
5 21
6 35
7 54
8 75
9 82
10 90
11 85
12 91
13 79
14 75
15 64
16 39
17 32
18 17
19 6
20 2
21 1
22 3
23 1
24 0
25 0
last timestep 25
node 1146 iteration 9
0 0
1 3
2 7
3 20
4 28
5 27
6 47
7 77
8 64
9 72
10 71
11 72
12 61
13 77
14 53
15 37
16 24
17 19
18 15
19 10
20 7
21 7
22 12
23 5
24 0
25 0
last timestep 25
