node 747 iteration 0
0 0
1 4
2 8
3 17
4 34
5 56
6 84
7 94
8 103
9 90
10 62
11 45
12 59
13 44
14 32
15 30
16 19
17 11
18 2
19 0
20 0
last timestep 20
node 747 iteration 1
0 0
1 10
2 13
3 12
4 15
5 37
6 67
7 72
8 80
9 112
10 89
11 93
12 90
13 57
14 57
15 39
16 23
17 13
18 8
19 2
20 2
21 3
22 0
23 0
last timestep 23
node 747 iteration 2
0 0
1 5
2 4
3 7
4 6
5 5
6 11
7 11
8 6
9 5
10 8
11 7
12 13
13 8
14 6
15 19
16 12
17 17
18 17
19 34
20 38
21 62
22 64
23 72
24 78
25 62
26 73
27 50
28 38
29 31
30 18
31 7
32 4
33 2
34 2
35 1
36 0
37 0
last timestep 37
node 747 iteration 3
0 0
1 2
2 3
3 6
4 9
5 12
6 19
7 43
8 65
9 79
10 103
11 99
12 89
13 69
14 51
15 31
16 22
17 19
18 10
19 6
20 2
21 0
22 0
last timestep 22
node 747 iteration 4
0 0
1 3
2 2
3 1
4 2
5 6
6 9
7 11
8 22
9 21
10 42
11 49
12 79
13 75
14 65
15 54
16 47
17 35
18 29
19 22
20 9
21 10
22 7
23 6
24 12
25 11
26 2
27 2
28 7
29 5
30 5
31 5
32 9
33 5
34 7
35 5
36 5
37 4
38 4
39 4
40 10
41 7
42 3
43 2
44 3
45 4
46 3
47 3
48 2
49 0
50 0
last timestep 50
node 747 iteration 5
0 0
1 5
2 10
3 9
4 13
5 19
6 31
7 23
8 32
9 54
10 63
11 107
12 115
13 97
14 79
15 53
16 49
17 29
18 22
19 18
20 17
21 6
22 3
23 1
24 0
25 0
last timestep 25
node 747 iteration 6
0 0
1 8
2 9
3 7
4 10
5 25
6 39
7 65
8 57
9 82
10 104
11 94
12 99
13 87
14 61
15 36
16 22
17 15
18 13
19 4
20 3
21 0
22 0
last timestep 22
node 747 iteration 7
0 0
1 3
2 5
3 8
4 5
5 8
6 7
7 7
8 4
9 9
10 15
11 12
12 24
13 29
14 47
15 64
16 93
17 79
18 78
19 73
20 55
21 45
22 23
23 20
24 19
25 9
26 10
27 8
28 5
29 1
30 2
31 0
32 0
last timestep 32
node 747 iteration 8
0 0
1 11
2 13
3 41
4 59
5 102
6 101
7 83
8 72
9 54
10 37
11 33
12 38
13 29
14 28
15 28
16 13
17 13
18 2
19 1
20 1
21 0
22 0
last timestep 22
node 747 iteration 9
0 0
1 4
2 6
3 10
4 11
5 14
6 19
7 28
8 35
9 63
10 82
11 94
12 106
13 90
14 87
15 61
16 35
17 39
18 25
19 10
20 1
21 0
22 0
last timestep 22
