node 1210 iteration 0
0 0
1 1
2 1
3 1
4 7
5 5
6 4
7 2
8 3
9 2
10 2
11 0
12 0
last timestep 12
node 1210 iteration 1
0 0
1 2
2 5
3 4
4 13
5 12
6 12
7 13
8 22
9 43
10 59
11 65
12 68
13 75
14 63
15 45
16 47
17 64
18 34
19 31
20 20
21 17
22 18
23 9
24 12
25 5
26 10
27 3
28 0
29 0
last timestep 29
node 1210 iteration 2
0 0
1 2
2 0
3 0
last timestep 3
node 1210 iteration 3
0 0
1 4
2 2
3 1
4 1
5 3
6 14
7 13
8 17
9 25
10 40
11 49
12 59
13 77
14 73
15 95
16 105
17 82
18 61
19 42
20 25
21 18
22 9
23 9
24 8
25 3
26 2
27 1
28 0
29 0
last timestep 29
node 1210 iteration 4
0 0
1 3
2 5
3 13
4 20
5 18
6 31
7 53
8 60
9 81
10 69
11 91
12 88
13 64
14 71
15 72
16 47
17 36
18 26
19 16
20 12
21 6
22 3
23 3
24 1
25 0
26 0
last timestep 26
node 1210 iteration 5
0 0
1 4
2 8
3 11
4 22
5 32
6 47
7 75
8 82
9 98
10 96
11 114
12 92
13 61
14 30
15 24
16 11
17 11
18 4
19 4
20 3
21 0
22 0
last timestep 22
node 1210 iteration 6
0 0
1 3
2 6
3 11
4 22
5 28
6 34
7 48
8 84
9 92
10 113
11 100
12 86
13 68
14 32
15 21
16 20
17 9
18 13
19 7
20 8
21 4
22 2
23 0
24 0
last timestep 24
node 1210 iteration 7
0 0
1 5
2 12
3 20
4 31
5 43
6 55
7 72
8 76
9 102
10 83
11 82
12 77
13 46
14 52
15 38
16 20
17 10
18 10
19 7
20 6
21 4
22 4
23 2
24 1
25 3
26 1
27 2
28 3
29 5
30 3
31 1
32 0
33 2
34 0
last timestep 34
node 1210 iteration 8
0 0
1 0
2 0
last timestep 2
node 1210 iteration 9
0 0
1 2
2 1
3 0
4 0
last timestep 4
