node 1278 iteration 0
0 0
1 1
2 0
3 0
last timestep 3
node 1278 iteration 1
0 0
1 1
2 5
3 8
4 10
5 18
6 16
7 25
8 44
9 66
10 64
11 85
12 92
13 86
14 69
15 62
16 47
17 43
18 28
19 18
20 12
21 9
22 8
23 2
24 3
25 1
26 2
27 1
28 1
29 0
30 0
last timestep 30
node 1278 iteration 2
0 0
1 1
2 7
3 2
4 6
5 13
6 13
7 10
8 17
9 19
10 29
11 45
12 65
13 84
14 85
15 107
16 86
17 71
18 60
19 34
20 27
21 26
22 14
23 5
24 2
25 1
26 0
27 0
last timestep 27
node 1278 iteration 3
0 0
1 4
2 11
3 15
4 20
5 22
6 28
7 64
8 82
9 75
10 113
11 96
12 68
13 47
14 32
15 32
16 15
17 8
18 1
19 0
20 0
last timestep 20
node 1278 iteration 4
0 0
1 1
2 4
3 8
4 10
5 22
6 24
7 39
8 78
9 86
10 68
11 57
12 70
13 59
14 76
15 62
16 45
17 21
18 18
19 13
20 12
21 11
22 4
23 1
24 0
25 0
last timestep 25
node 1278 iteration 5
0 0
1 2
2 3
3 1
4 3
5 6
6 9
7 15
8 20
9 36
10 47
11 51
12 54
13 77
14 89
15 82
16 74
17 54
18 33
19 23
20 10
21 5
22 1
23 3
24 4
25 4
26 2
27 3
28 0
29 0
last timestep 29
node 1278 iteration 6
0 0
1 3
2 4
3 2
4 3
5 14
6 9
7 4
8 8
9 17
10 22
11 35
12 37
13 48
14 54
15 62
16 71
17 62
18 51
19 40
20 40
21 30
22 32
23 27
24 23
25 23
26 21
27 10
28 5
29 2
30 1
31 0
32 0
last timestep 32
node 1278 iteration 7
0 0
1 2
2 3
3 3
4 6
5 17
6 24
7 38
8 51
9 65
10 73
11 78
12 65
13 66
14 65
15 62
16 57
17 46
18 48
19 30
20 28
21 9
22 3
23 2
24 1
25 0
26 0
last timestep 26
node 1278 iteration 8
0 0
1 1
2 5
3 4
4 2
5 5
6 10
7 3
8 14
9 17
10 18
11 35
12 37
13 52
14 71
15 94
16 104
17 105
18 71
19 54
20 41
21 24
22 19
23 19
24 11
25 11
26 6
27 6
28 5
29 2
30 3
31 2
32 0
33 0
last timestep 33
node 1278 iteration 9
0 0
1 2
2 5
3 15
4 20
5 44
6 60
7 63
8 95
9 116
10 107
11 115
12 68
13 53
14 31
15 23
16 21
17 7
18 5
19 6
20 1
21 1
22 0
23 0
last timestep 23
