node 979 iteration 0
0 0
1 2
2 1
3 3
4 4
5 14
6 16
7 27
8 37
9 46
10 54
11 68
12 58
13 63
14 60
15 56
16 39
17 48
18 28
19 19
20 22
21 19
22 9
23 5
24 9
25 3
26 3
27 2
28 2
29 0
30 0
last timestep 30
node 979 iteration 1
0 0
1 2
2 2
3 5
4 9
5 14
6 32
7 60
8 63
9 80
10 79
11 94
12 101
13 55
14 43
15 37
16 26
17 7
18 4
19 2
20 1
21 4
22 2
23 4
24 5
25 2
26 0
27 0
last timestep 27
node 979 iteration 2
0 0
1 0
2 3
3 1
4 1
5 6
6 5
7 8
8 6
9 12
10 13
11 27
12 49
13 69
14 63
15 98
16 83
17 82
18 68
19 56
20 39
21 39
22 21
23 17
24 8
25 2
26 3
27 1
28 3
29 0
last timestep 29
node 979 iteration 3
0 0
1 0
2 0
last timestep 2
node 979 iteration 4
0 0
1 1
2 6
3 4
4 11
5 10
6 16
7 22
8 46
9 60
10 87
11 87
12 84
13 93
14 84
15 67
16 49
17 31
18 20
19 16
20 10
21 2
22 1
23 1
24 0
25 0
last timestep 25
node 979 iteration 5
0 0
1 1
2 0
3 0
last timestep 3
node 979 iteration 6
0 0
1 1
2 2
3 1
4 1
5 2
6 5
7 6
8 17
9 15
10 16
11 22
12 21
13 31
14 40
15 61
16 78
17 51
18 50
19 46
20 47
21 54
22 39
23 39
24 18
25 6
26 6
27 4
28 1
29 1
30 0
31 0
last timestep 31
node 979 iteration 7
0 0
1 6
2 7
3 5
4 8
5 13
6 15
7 29
8 40
9 68
10 61
11 68
12 74
13 89
14 86
15 56
16 57
17 39
18 36
19 31
20 13
21 4
22 2
23 0
24 0
last timestep 24
node 979 iteration 8
0 0
1 2
2 3
3 4
4 9
5 20
6 30
7 39
8 51
9 56
10 70
11 89
12 93
13 85
14 58
15 48
16 43
17 31
18 18
19 12
20 13
21 8
22 3
23 0
24 0
last timestep 24
node 979 iteration 9
0 0
1 2
2 2
3 0
4 0
last timestep 4
