node 1281 iteration 0
0 0
1 1
2 1
3 3
4 4
5 9
6 6
7 4
8 3
9 8
10 12
11 7
12 18
13 23
14 36
15 62
16 75
17 95
18 73
19 49
20 33
21 32
22 18
23 16
24 30
25 26
26 12
27 2
28 6
29 1
30 0
31 0
last timestep 31
node 1281 iteration 1
0 0
1 1
2 2
3 3
4 1
5 0
6 0
last timestep 6
node 1281 iteration 2
0 0
1 3
2 0
3 0
last timestep 3
node 1281 iteration 3
0 0
1 2
2 8
3 17
4 22
5 34
6 39
7 85
8 98
9 84
10 92
11 94
12 75
13 63
14 46
15 24
16 14
17 9
18 6
19 4
20 0
21 0
last timestep 21
node 1281 iteration 4
0 0
1 2
2 1
3 1
4 3
5 5
6 2
7 1
8 9
9 17
10 20
11 31
12 49
13 61
14 55
15 82
16 80
17 82
18 69
19 62
20 47
21 24
22 23
23 15
24 13
25 10
26 8
27 6
28 5
29 3
30 4
31 2
32 0
33 0
last timestep 33
node 1281 iteration 5
0 0
1 4
2 3
3 5
4 14
5 40
6 33
7 50
8 69
9 73
10 88
11 101
12 93
13 74
14 78
15 63
16 33
17 31
18 16
19 10
20 8
21 2
22 1
23 1
24 2
25 1
26 0
27 0
last timestep 27
node 1281 iteration 6
0 0
1 1
2 2
3 3
4 3
5 7
6 3
7 5
8 3
9 1
10 1
11 0
12 0
last timestep 12
node 1281 iteration 7
0 0
1 2
2 3
3 2
4 4
5 2
6 3
7 2
8 1
9 0
10 0
last timestep 10
node 1281 iteration 8
0 0
1 4
2 1
3 4
4 6
5 3
6 2
7 2
8 3
9 5
10 3
11 2
12 0
13 0
last timestep 13
node 1281 iteration 9
0 0
1 2
2 2
3 0
4 0
last timestep 4
