node 490 iteration 0
0 0
1 11
2 21
3 30
4 43
5 54
6 71
7 73
8 71
9 55
10 45
11 38
12 48
13 39
14 34
15 20
16 19
17 4
18 5
19 2
20 0
21 0
last timestep 21
node 490 iteration 1
0 0
1 11
2 11
3 16
4 27
5 29
6 46
7 93
8 105
9 86
10 87
11 52
12 53
13 28
14 25
15 19
16 13
17 8
18 2
19 6
20 4
21 0
22 0
last timestep 22
node 490 iteration 2
0 0
1 11
2 16
3 22
4 18
5 26
6 42
7 38
8 46
9 38
10 57
11 47
12 53
13 51
14 55
15 58
16 50
17 23
18 19
19 19
20 7
21 4
22 1
23 0
24 1
25 0
last timestep 25
node 490 iteration 3
0 0
1 11
2 33
3 51
4 83
5 100
6 119
7 109
8 89
9 61
10 39
11 22
12 24
13 15
14 15
15 8
16 8
17 5
18 1
19 1
20 0
21 0
last timestep 21
node 490 iteration 4
0 0
1 7
2 8
3 11
4 10
5 15
6 33
7 45
8 57
9 75
10 62
11 71
12 71
13 53
14 41
15 28
16 24
17 22
18 11
19 9
20 4
21 4
22 1
23 0
24 1
25 1
26 0
last timestep 26
node 490 iteration 5
0 0
1 8
2 15
3 22
4 36
5 49
6 57
7 92
8 78
9 82
10 71
11 41
12 46
13 26
14 20
15 23
16 11
17 19
18 15
19 16
20 10
21 5
22 5
23 2
24 0
25 2
26 0
last timestep 26
node 490 iteration 6
0 0
1 13
2 12
3 14
4 14
5 26
6 40
7 40
8 42
9 50
10 54
11 68
12 58
13 65
14 48
15 45
16 50
17 33
18 43
19 29
20 24
21 20
22 9
23 3
24 0
25 1
26 1
27 0
last timestep 27
node 490 iteration 7
0 0
1 13
2 15
3 36
4 47
5 63
6 64
7 73
8 93
9 94
10 81
11 87
12 58
13 34
14 18
15 11
16 5
17 3
18 1
19 0
20 0
last timestep 20
node 490 iteration 8
0 0
1 12
2 14
3 32
4 31
5 50
6 46
7 60
8 63
9 84
10 80
11 80
12 68
13 61
14 42
15 23
16 16
17 11
18 7
19 7
20 8
21 3
22 1
23 0
24 0
last timestep 24
node 490 iteration 9
0 0
1 14
2 6
3 6
4 8
5 5
6 14
7 15
8 18
9 30
10 30
11 42
12 36
13 45
14 53
15 54
16 44
17 49
18 42
19 30
20 21
21 11
22 8
23 7
24 2
25 2
26 5
27 2
28 2
29 0
30 1
31 0
last timestep 31
