node 619 iteration 0
0 0
1 2
2 11
3 8
4 15
5 32
6 41
7 59
8 62
9 58
10 71
11 53
12 58
13 51
14 34
15 45
16 46
17 33
18 20
19 9
20 12
21 11
22 5
23 3
24 2
25 3
26 1
27 0
28 0
last timestep 28
node 619 iteration 1
0 0
1 7
2 3
3 5
4 7
5 17
6 9
7 24
8 19
9 28
10 24
11 36
12 44
13 47
14 51
15 47
16 62
17 44
18 38
19 32
20 24
21 21
22 13
23 16
24 21
25 19
26 12
27 8
28 3
29 0
30 0
last timestep 30
node 619 iteration 2
0 0
1 1
2 1
3 1
4 2
5 9
6 20
7 23
8 34
9 54
10 54
11 84
12 96
13 100
14 93
15 76
16 59
17 53
18 29
19 17
20 6
21 5
22 3
23 4
24 2
25 1
26 1
27 2
28 2
29 0
30 0
last timestep 30
node 619 iteration 3
0 0
1 1
2 2
3 2
4 1
5 7
6 15
7 26
8 35
9 51
10 70
11 73
12 94
13 84
14 87
15 68
16 66
17 51
18 44
19 34
20 19
21 10
22 5
23 7
24 4
25 3
26 1
27 1
28 0
29 0
last timestep 29
node 619 iteration 4
0 0
1 4
2 3
3 4
4 8
5 14
6 21
7 27
8 35
9 39
10 32
11 51
12 56
13 46
14 46
15 44
16 43
17 43
18 33
19 23
20 12
21 9
22 2
23 7
24 6
25 2
26 4
27 0
28 0
last timestep 28
node 619 iteration 5
0 0
1 1
2 0
3 3
4 9
5 16
6 28
7 33
8 67
9 80
10 87
11 92
12 90
13 63
14 36
15 20
16 19
17 16
18 16
19 13
20 9
21 6
22 7
23 4
24 6
25 10
26 1
27 2
28 1
29 0
last timestep 29
node 619 iteration 6
0 0
1 3
2 5
3 7
4 5
5 15
6 22
7 43
8 70
9 64
10 106
11 100
12 92
13 72
14 61
15 39
16 17
17 12
18 9
19 9
20 7
21 3
22 1
23 2
24 0
25 0
last timestep 25
node 619 iteration 7
0 0
1 2
2 3
3 1
4 1
5 1
6 1
7 1
8 5
9 6
10 9
11 15
12 30
13 34
14 37
15 48
16 56
17 71
18 88
19 70
20 94
21 71
22 67
23 43
24 32
25 18
26 8
27 5
28 3
29 2
30 2
31 1
32 0
33 0
last timestep 33
node 619 iteration 8
0 0
1 4
2 8
3 18
4 33
5 59
6 74
7 107
8 111
9 107
10 95
11 95
12 73
13 55
14 34
15 25
16 13
17 8
18 6
19 3
20 0
21 0
last timestep 21
node 619 iteration 9
0 0
1 4
2 3
3 0
4 1
5 2
6 5
7 17
8 16
9 20
10 26
11 45
12 43
13 59
14 70
15 87
16 81
17 89
18 73
19 48
20 32
21 24
22 15
23 17
24 9
25 2
26 3
27 4
28 4
29 2
30 0
last timestep 30
