node 1649 iteration 0
0 0
1 1
2 1
3 0
4 0
last timestep 4
node 1649 iteration 1
0 0
1 5
2 8
3 15
4 30
5 25
6 45
7 73
8 90
9 91
10 88
11 69
12 91
13 59
14 46
15 43
16 26
17 21
18 11
19 9
20 3
21 3
22 0
23 0
last timestep 23
node 1649 iteration 2
0 0
1 4
2 0
3 0
last timestep 3
node 1649 iteration 3
0 0
1 3
2 1
3 3
4 4
5 6
6 4
7 3
8 2
9 4
10 2
11 0
12 0
last timestep 12
node 1649 iteration 4
0 0
1 4
2 7
3 9
4 4
5 6
6 6
7 5
8 0
9 0
last timestep 9
node 1649 iteration 5
0 0
1 2
2 2
3 0
4 1
5 10
6 11
7 20
8 22
9 30
10 44
11 47
12 71
13 90
14 73
15 65
16 57
17 48
18 38
19 28
20 38
21 27
22 14
23 9
24 5
25 5
26 2
27 0
last timestep 27
node 1649 iteration 6
0 0
1 4
2 6
3 10
4 13
5 14
6 29
7 55
8 75
9 67
10 71
11 75
12 87
13 78
14 63
15 49
16 34
17 19
18 7
19 6
20 3
21 0
22 0
last timestep 22
node 1649 iteration 7
0 0
1 2
2 3
3 5
4 5
5 3
6 5
7 8
8 5
9 15
10 22
11 34
12 46
13 58
14 72
15 77
16 86
17 81
18 73
19 61
20 43
21 28
22 19
23 12
24 15
25 13
26 8
27 3
28 5
29 1
30 1
31 0
32 0
last timestep 32
node 1649 iteration 8
0 0
1 6
2 7
3 12
4 20
5 31
6 52
7 37
8 66
9 76
10 108
11 108
12 81
13 62
14 45
15 35
16 15
17 15
18 6
19 5
20 7
21 5
22 5
23 1
24 0
25 0
last timestep 25
node 1649 iteration 9
0 0
1 1
2 6
3 13
4 36
5 27
6 38
7 56
8 66
9 96
10 94
11 85
12 80
13 65
14 53
15 31
16 26
17 27
18 18
19 7
20 2
21 1
22 2
23 4
24 3
25 2
26 1
27 2
28 2
29 3
30 0
31 0
last timestep 31
