node 613 iteration 0
0 0
1 2
2 1
3 5
4 10
5 12
6 47
7 45
8 72
9 82
10 97
11 94
12 79
13 86
14 56
15 33
16 26
17 18
18 10
19 4
20 1
21 0
22 0
last timestep 22
node 613 iteration 1
0 0
1 4
2 3
3 4
4 4
5 7
6 13
7 16
8 10
9 25
10 22
11 20
12 39
13 37
14 49
15 78
16 80
17 67
18 55
19 57
20 47
21 23
22 22
23 9
24 5
25 5
26 0
27 0
last timestep 27
node 613 iteration 2
0 0
1 4
2 3
3 1
4 0
5 0
last timestep 5
node 613 iteration 3
0 0
1 4
2 5
3 6
4 0
5 2
6 0
last timestep 6
node 613 iteration 4
0 0
1 5
2 6
3 8
4 3
5 11
6 23
7 20
8 25
9 42
10 49
11 78
12 90
13 109
14 86
15 77
16 64
17 41
18 30
19 26
20 20
21 16
22 13
23 3
24 1
25 0
26 0
last timestep 26
node 613 iteration 5
0 0
1 2
2 7
3 24
4 40
5 62
6 72
7 94
8 102
9 106
10 87
11 55
12 51
13 29
14 16
15 10
16 6
17 6
18 3
19 3
20 3
21 0
22 0
last timestep 22
node 613 iteration 6
0 0
1 3
2 6
3 9
4 7
5 11
6 23
7 31
8 46
9 50
10 72
11 76
12 79
13 85
14 75
15 40
16 37
17 20
18 20
19 13
20 19
21 14
22 13
23 7
24 2
25 0
26 0
last timestep 26
node 613 iteration 7
0 0
1 5
2 10
3 12
4 17
5 12
6 22
7 25
8 32
9 52
10 81
11 105
12 83
13 55
14 41
15 32
16 26
17 32
18 20
19 25
20 18
21 21
22 14
23 13
24 7
25 4
26 1
27 0
28 1
29 0
last timestep 29
node 613 iteration 8
0 0
1 3
2 1
3 3
4 5
5 5
6 4
7 12
8 14
9 16
10 20
11 32
12 34
13 34
14 35
15 54
16 66
17 76
18 77
19 52
20 38
21 28
22 23
23 25
24 10
25 10
26 4
27 4
28 2
29 1
30 1
31 0
32 0
last timestep 32
node 613 iteration 9
0 0
1 1
2 7
3 12
4 22
5 28
6 60
7 74
8 76
9 88
10 96
11 92
12 86
13 66
14 35
15 24
16 25
17 19
18 8
19 8
20 2
21 6
22 8
23 4
24 1
25 1
26 0
27 0
last timestep 27
