node 1134 iteration 0
0 0
1 4
2 2
3 5
4 4
5 7
6 10
7 8
8 19
9 39
10 46
11 50
12 74
13 86
14 88
15 70
16 77
17 80
18 45
19 27
20 20
21 19
22 5
23 3
24 0
25 0
last timestep 25
node 1134 iteration 1
0 0
1 5
2 0
3 0
last timestep 3
node 1134 iteration 2
0 0
1 10
2 14
3 12
4 36
5 51
6 61
7 90
8 123
9 119
10 99
11 89
12 65
13 55
14 32
15 17
16 10
17 7
18 5
19 0
20 1
21 0
last timestep 21
node 1134 iteration 3
0 0
1 2
2 8
3 6
4 10
5 17
6 16
7 23
8 33
9 39
10 32
11 40
12 67
13 75
14 84
15 80
16 77
17 61
18 41
19 23
20 15
21 11
22 6
23 2
24 1
25 0
26 0
last timestep 26
node 1134 iteration 4
0 0
1 3
2 2
3 1
4 2
5 2
6 7
7 11
8 7
9 9
10 12
11 32
12 42
13 60
14 87
15 90
16 90
17 70
18 57
19 40
20 25
21 17
22 14
23 5
24 5
25 7
26 4
27 4
28 3
29 1
30 1
31 0
32 0
last timestep 32
node 1134 iteration 5
0 0
1 2
2 0
3 1
4 2
5 1
6 0
last timestep 6
node 1134 iteration 6
0 0
1 4
2 9
3 23
4 34
5 57
6 63
7 76
8 69
9 92
10 47
11 47
12 41
13 45
14 31
15 28
16 22
17 20
18 11
19 6
20 1
21 0
22 0
last timestep 22
node 1134 iteration 7
0 0
1 4
2 4
3 12
4 23
5 26
6 56
7 60
8 83
9 89
10 95
11 88
12 74
13 61
14 39
15 30
16 24
17 12
18 12
19 2
20 3
21 5
22 6
23 1
24 0
25 0
last timestep 25
node 1134 iteration 8
0 0
1 5
2 3
3 10
4 7
5 18
6 40
7 38
8 77
9 94
10 109
11 129
12 103
13 77
14 65
15 42
16 20
17 6
18 5
19 2
20 0
21 0
last timestep 21
node 1134 iteration 9
0 0
1 6
2 5
3 6
4 8
5 8
6 11
7 11
8 14
9 20
10 23
11 43
12 40
13 70
14 48
15 66
16 76
17 60
18 45
19 37
20 23
21 17
22 17
23 16
24 6
25 12
26 8
27 3
28 1
29 0
30 0
last timestep 30
