node 983 iteration 0
0 0
1 2
2 1
3 13
4 17
5 33
6 36
7 51
8 58
9 59
10 55
11 58
12 57
13 44
14 37
15 26
16 31
17 32
18 21
19 28
20 32
21 22
22 7
23 5
24 4
25 0
26 1
27 1
28 0
last timestep 28
node 983 iteration 1
0 0
1 3
2 1
3 3
4 2
5 5
6 4
7 14
8 30
9 48
10 54
11 75
12 84
13 105
14 106
15 75
16 56
17 36
18 24
19 20
20 15
21 9
22 10
23 6
24 5
25 0
26 1
27 0
last timestep 27
node 983 iteration 2
0 0
1 4
2 10
3 20
4 19
5 28
6 39
7 41
8 54
9 66
10 66
11 52
12 60
13 52
14 42
15 28
16 30
17 43
18 24
19 17
20 11
21 9
22 8
23 3
24 0
25 0
last timestep 25
node 983 iteration 3
0 0
1 3
2 0
3 0
last timestep 3
node 983 iteration 4
0 0
1 5
2 9
3 15
4 18
5 23
6 31
7 42
8 92
9 86
10 95
11 103
12 85
13 69
14 60
15 40
16 31
17 15
18 10
19 3
20 2
21 0
22 0
last timestep 22
node 983 iteration 5
0 0
1 2
2 4
3 1
4 2
5 6
6 13
7 12
8 21
9 21
10 29
11 41
12 74
13 63
14 69
15 51
16 58
17 67
18 53
19 33
20 27
21 14
22 11
23 6
24 6
25 7
26 1
27 3
28 3
29 0
30 0
last timestep 30
node 983 iteration 6
0 0
1 4
2 1
3 2
4 0
5 0
last timestep 5
node 983 iteration 7
0 0
1 2
2 1
3 1
4 3
5 7
6 21
7 32
8 62
9 84
10 96
11 103
12 113
13 100
14 75
15 54
16 39
17 11
18 11
19 5
20 1
21 1
22 0
23 0
last timestep 23
node 983 iteration 8
0 0
1 1
2 0
3 0
last timestep 3
node 983 iteration 9
0 0
1 6
2 14
3 23
4 38
5 35
6 47
7 84
8 98
9 86
10 75
11 58
12 62
13 45
14 26
15 11
16 12
17 7
18 3
19 0
20 1
21 2
22 0
last timestep 22
