node 711 iteration 0
0 0
1 6
2 9
3 11
4 10
5 11
6 15
7 22
8 22
9 26
10 43
11 60
12 64
13 72
14 60
15 45
16 45
17 52
18 40
19 29
20 29
21 15
22 8
23 3
24 3
25 2
26 0
27 0
last timestep 27
node 711 iteration 1
0 0
1 2
2 1
3 2
4 3
5 2
6 1
7 0
8 0
last timestep 8
node 711 iteration 2
0 0
1 4
2 4
3 10
4 18
5 18
6 19
7 38
8 53
9 74
10 102
11 91
12 90
13 67
14 52
15 30
16 12
17 11
18 5
19 3
20 1
21 0
22 0
last timestep 22
node 711 iteration 3
0 0
1 4
2 4
3 7
4 9
5 12
6 16
7 19
8 41
9 52
10 62
11 85
12 83
13 77
14 91
15 66
16 42
17 18
18 25
19 22
20 12
21 7
22 4
23 0
24 1
25 0
last timestep 25
node 711 iteration 4
0 0
1 10
2 17
3 41
4 67
5 102
6 117
7 144
8 100
9 74
10 57
11 34
12 28
13 23
14 8
15 4
16 4
17 6
18 4
19 4
20 2
21 4
22 3
23 0
24 0
last timestep 24
node 711 iteration 5
0 0
1 3
2 5
3 11
4 34
5 64
6 74
7 93
8 81
9 74
10 75
11 64
12 47
13 22
14 18
15 7
16 7
17 8
18 3
19 3
20 1
21 0
22 0
last timestep 22
node 711 iteration 6
0 0
1 6
2 9
3 11
4 20
5 47
6 54
7 47
8 74
9 80
10 85
11 82
12 65
13 51
14 40
15 33
16 25
17 12
18 8
19 10
20 5
21 3
22 1
23 3
24 0
25 0
last timestep 25
node 711 iteration 7
0 0
1 5
2 6
3 10
4 9
5 16
6 27
7 60
8 68
9 76
10 92
11 116
12 113
13 92
14 65
15 49
16 21
17 20
18 10
19 9
20 5
21 2
22 7
23 4
24 6
25 1
26 0
27 0
last timestep 27
node 711 iteration 8
0 0
1 5
2 2
3 8
4 11
5 24
6 32
7 34
8 36
9 50
10 48
11 42
12 62
13 72
14 65
15 40
16 30
17 33
18 36
19 33
20 18
21 10
22 6
23 1
24 0
25 0
last timestep 25
node 711 iteration 9
0 0
1 4
2 6
3 11
4 17
5 30
6 25
7 54
8 76
9 79
10 88
11 84
12 84
13 72
14 56
15 35
16 30
17 15
18 9
19 11
20 6
21 1
22 0
23 0
last timestep 23
