node 1133 iteration 0
0 0
1 1
2 2
3 14
4 10
5 31
6 44
7 66
8 82
9 91
10 85
11 85
12 55
13 49
14 29
15 33
16 33
17 21
18 10
19 6
20 5
21 12
22 6
23 7
24 11
25 4
26 3
27 2
28 2
29 0
30 0
last timestep 30
node 1133 iteration 1
0 0
1 4
2 17
3 29
4 51
5 75
6 113
7 129
8 105
9 103
10 85
11 61
12 32
13 25
14 10
15 11
16 4
17 4
18 1
19 1
20 0
21 0
last timestep 21
node 1133 iteration 2
0 0
1 2
2 1
3 1
4 1
5 0
6 0
last timestep 6
node 1133 iteration 3
0 0
1 5
2 4
3 6
4 4
5 7
6 16
7 18
8 42
9 69
10 75
11 85
12 86
13 56
14 61
15 40
16 29
17 28
18 18
19 24
20 17
21 8
22 5
23 2
24 0
25 0
last timestep 25
node 1133 iteration 4
0 0
1 3
2 1
3 3
4 10
5 10
6 23
7 40
8 55
9 68
10 73
11 104
12 97
13 64
14 57
15 58
16 38
17 20
18 17
19 8
20 2
21 3
22 0
23 0
last timestep 23
node 1133 iteration 5
0 0
1 2
2 2
3 1
4 4
5 0
6 0
last timestep 6
node 1133 iteration 6
0 0
1 3
2 3
3 3
4 3
5 3
6 7
7 1
8 1
9 7
10 12
11 16
12 20
13 31
14 40
15 55
16 60
17 53
18 48
19 50
20 63
21 60
22 40
23 23
24 22
25 13
26 18
27 7
28 9
29 6
30 6
31 7
32 10
33 8
34 3
35 0
36 0
last timestep 36
node 1133 iteration 7
0 0
1 2
2 2
3 5
4 10
5 11
6 36
7 54
8 61
9 75
10 85
11 98
12 85
13 100
14 70
15 62
16 24
17 12
18 16
19 9
20 7
21 3
22 1
23 0
24 0
last timestep 24
node 1133 iteration 8
0 0
1 1
2 8
3 11
4 31
5 22
6 42
7 62
8 66
9 63
10 61
11 68
12 81
13 77
14 49
15 37
16 22
17 23
18 21
19 10
20 5
21 2
22 0
23 0
last timestep 23
node 1133 iteration 9
0 0
1 2
2 3
3 3
4 4
5 2
6 6
7 17
8 22
9 23
10 37
11 44
12 52
13 79
14 96
15 94
16 69
17 70
18 39
19 25
20 19
21 19
22 8
23 5
24 3
25 0
26 0
last timestep 26
