node 1722 iteration 0
0 0
1 6
2 6
3 7
4 9
5 27
6 37
7 56
8 78
9 99
10 104
11 85
12 75
13 55
14 38
15 24
16 12
17 14
18 9
19 9
20 5
21 3
22 0
23 0
last timestep 23
node 1722 iteration 1
0 0
1 1
2 0
3 0
last timestep 3
node 1722 iteration 2
0 0
1 6
2 4
3 3
4 5
5 7
6 11
7 26
8 37
9 56
10 66
11 80
12 88
13 83
14 75
15 56
16 39
17 32
18 21
19 15
20 7
21 3
22 0
23 2
24 0
last timestep 24
node 1722 iteration 3
0 0
1 3
2 5
3 6
4 19
5 22
6 28
7 48
8 66
9 89
10 77
11 75
12 86
13 54
14 44
15 42
16 40
17 30
18 32
19 15
20 7
21 2
22 0
23 0
last timestep 23
node 1722 iteration 4
0 0
1 6
2 10
3 15
4 27
5 49
6 50
7 62
8 68
9 82
10 72
11 58
12 49
13 45
14 27
15 21
16 14
17 13
18 6
19 8
20 2
21 4
22 4
23 3
24 0
25 0
last timestep 25
node 1722 iteration 5
0 0
1 6
2 5
3 9
4 15
5 31
6 62
7 78
8 86
9 115
10 92
11 78
12 56
13 36
14 28
15 14
16 8
17 6
18 6
19 1
20 0
21 0
last timestep 21
node 1722 iteration 6
0 0
1 2
2 4
3 8
4 19
5 27
6 52
7 71
8 72
9 66
10 88
11 56
12 48
13 48
14 59
15 41
16 40
17 28
18 19
19 8
20 2
21 2
22 3
23 2
24 1
25 0
26 0
last timestep 26
node 1722 iteration 7
0 0
1 2
2 5
3 16
4 25
5 50
6 68
7 67
8 95
9 112
10 113
11 109
12 94
13 56
14 47
15 24
16 16
17 20
18 7
19 7
20 5
21 2
22 0
23 0
last timestep 23
node 1722 iteration 8
0 0
1 5
2 3
3 9
4 9
5 17
6 22
7 36
8 42
9 55
10 40
11 49
12 70
13 76
14 64
15 56
16 57
17 41
18 23
19 20
20 9
21 10
22 8
23 6
24 7
25 6
26 4
27 0
28 0
last timestep 28
node 1722 iteration 9
0 0
1 6
2 1
3 3
4 0
5 0
last timestep 5
