node 1655 iteration 0
0 0
1 1
2 2
3 2
4 2
5 7
6 6
7 4
8 4
9 2
10 0
11 0
last timestep 11
node 1655 iteration 1
0 0
1 4
2 5
3 11
4 19
5 33
6 70
7 91
8 102
9 109
10 85
11 89
12 55
13 34
14 27
15 21
16 15
17 11
18 13
19 6
20 3
21 1
22 0
23 0
last timestep 23
node 1655 iteration 2
0 0
1 4
2 9
3 8
4 15
5 20
6 28
7 28
8 30
9 49
10 67
11 80
12 89
13 83
14 70
15 41
16 29
17 21
18 22
19 12
20 6
21 8
22 7
23 6
24 2
25 0
26 1
27 0
last timestep 27
node 1655 iteration 3
0 0
1 2
2 7
3 3
4 16
5 27
6 34
7 47
8 71
9 88
10 85
11 95
12 86
13 76
14 68
15 77
16 44
17 30
18 14
19 10
20 7
21 5
22 2
23 2
24 2
25 1
26 0
27 0
last timestep 27
node 1655 iteration 4
0 0
1 2
2 1
3 0
4 0
last timestep 4
node 1655 iteration 5
0 0
1 4
2 4
3 1
4 4
5 4
6 5
7 3
8 3
9 3
10 10
11 15
12 17
13 15
14 17
15 35
16 41
17 55
18 75
19 76
20 74
21 81
22 76
23 67
24 44
25 27
26 17
27 13
28 4
29 3
30 2
31 2
32 0
33 0
last timestep 33
node 1655 iteration 6
0 0
1 1
2 0
3 0
last timestep 3
node 1655 iteration 7
0 0
1 3
2 1
3 0
4 0
last timestep 4
node 1655 iteration 8
0 0
1 2
2 2
3 1
4 0
5 1
6 0
last timestep 6
node 1655 iteration 9
0 0
1 2
2 0
3 0
last timestep 3
