node 785 iteration 0
0 0
1 2
2 2
3 4
4 13
5 36
6 51
7 56
8 83
9 102
10 105
11 96
12 89
13 91
14 59
15 35
16 13
17 10
18 4
19 3
20 2
21 0
22 0
last timestep 22
node 785 iteration 1
0 0
1 3
2 16
3 33
4 40
5 65
6 62
7 94
8 102
9 107
10 79
11 66
12 33
13 21
14 9
15 6
16 7
17 4
18 2
19 1
20 0
21 0
last timestep 21
node 785 iteration 2
0 0
1 0
2 0
last timestep 2
node 785 iteration 3
0 0
1 2
2 0
3 3
4 1
5 0
last timestep 5
node 785 iteration 4
0 0
1 5
2 2
3 8
4 8
5 10
6 10
7 15
8 23
9 22
10 40
11 58
12 56
13 82
14 92
15 83
16 66
17 51
18 54
19 35
20 27
21 24
22 9
23 5
24 1
25 2
26 1
27 0
28 0
last timestep 28
node 785 iteration 5
0 0
1 1
2 0
3 0
last timestep 3
node 785 iteration 6
0 0
1 2
2 3
3 10
4 11
5 11
6 25
7 21
8 46
9 62
10 76
11 68
12 75
13 90
14 70
15 58
16 43
17 26
18 32
19 27
20 21
21 10
22 6
23 4
24 2
25 0
26 0
last timestep 26
node 785 iteration 7
0 0
1 1
2 1
3 2
4 3
5 3
6 2
7 4
8 7
9 8
10 14
11 18
12 28
13 29
14 47
15 54
16 71
17 76
18 76
19 49
20 42
21 53
22 62
23 44
24 48
25 30
26 19
27 11
28 10
29 6
30 3
31 2
32 2
33 0
34 0
last timestep 34
node 785 iteration 8
0 0
1 2
2 2
3 2
4 14
5 16
6 35
7 55
8 76
9 75
10 82
11 80
12 85
13 87
14 65
15 37
16 38
17 20
18 18
19 9
20 6
21 3
22 0
23 2
24 0
last timestep 24
node 785 iteration 9
0 0
1 3
2 5
3 11
4 10
5 10
6 9
7 13
8 15
9 24
10 30
11 49
12 71
13 99
14 86
15 66
16 66
17 42
18 43
19 24
20 15
21 14
22 10
23 8
24 2
25 0
26 2
27 1
28 0
last timestep 28
