node 987 iteration 0
0 0
1 0
2 0
last timestep 2
node 987 iteration 1
0 0
1 1
2 1
3 7
4 10
5 6
6 18
7 15
8 23
9 34
10 30
11 44
12 55
13 87
14 107
15 101
16 80
17 85
18 65
19 54
20 24
21 19
22 16
23 15
24 10
25 13
26 11
27 5
28 2
29 1
30 0
31 0
last timestep 31
node 987 iteration 2
0 0
1 0
2 0
last timestep 2
node 987 iteration 3
0 0
1 1
2 0
3 0
last timestep 3
node 987 iteration 4
0 0
1 4
2 3
3 4
4 19
5 20
6 29
7 38
8 61
9 71
10 76
11 66
12 58
13 44
14 45
15 35
16 34
17 33
18 27
19 19
20 8
21 3
22 4
23 3
24 3
25 1
26 2
27 3
28 2
29 0
30 0
last timestep 30
node 987 iteration 5
0 0
1 1
2 7
3 6
4 20
5 21
6 33
7 44
8 62
9 66
10 88
11 106
12 94
13 81
14 50
15 37
16 26
17 20
18 12
19 16
20 8
21 9
22 4
23 4
24 2
25 2
26 1
27 0
28 0
last timestep 28
node 987 iteration 6
0 0
1 0
2 1
3 2
4 2
5 6
6 6
7 6
8 9
9 10
10 21
11 33
12 70
13 82
14 108
15 113
16 98
17 94
18 64
19 49
20 37
21 22
22 13
23 18
24 11
25 9
26 5
27 3
28 0
last timestep 28
node 987 iteration 7
0 0
1 2
2 4
3 3
4 6
5 3
6 3
7 7
8 16
9 24
10 49
11 58
12 64
13 91
14 85
15 60
16 54
17 59
18 46
19 28
20 15
21 14
22 8
23 5
24 5
25 2
26 1
27 0
28 0
last timestep 28
node 987 iteration 8
0 0
1 4
2 14
3 15
4 24
5 32
6 49
7 71
8 60
9 57
10 73
11 76
12 59
13 47
14 34
15 25
16 20
17 13
18 5
19 0
20 0
last timestep 20
node 987 iteration 9
0 0
1 0
2 2
3 7
4 12
5 19
6 35
7 63
8 83
9 86
10 121
11 126
12 107
13 99
14 50
15 36
16 24
17 12
18 17
19 7
20 6
21 3
22 1
23 0
last timestep 23
