node 1475 iteration 0
0 0
1 2
2 7
3 3
4 4
5 1
6 1
7 1
8 2
9 3
10 1
11 0
12 0
last timestep 12
node 1475 iteration 1
0 0
1 2
2 6
3 19
4 37
5 41
6 61
7 62
8 74
9 115
10 101
11 77
12 81
13 66
14 40
15 22
16 6
17 11
18 6
19 8
20 8
21 3
22 2
23 1
24 0
25 0
last timestep 25
node 1475 iteration 2
0 0
1 1
2 1
3 4
4 18
5 11
6 9
7 6
8 9
9 12
10 27
11 39
12 45
13 55
14 59
15 95
16 85
17 88
18 81
19 68
20 46
21 34
22 13
23 9
24 12
25 9
26 13
27 11
28 4
29 2
30 1
31 0
32 0
last timestep 32
node 1475 iteration 3
0 0
1 1
2 0
3 0
last timestep 3
node 1475 iteration 4
0 0
1 1
2 5
3 11
4 23
5 38
6 57
7 81
8 113
9 106
10 87
11 57
12 50
13 32
14 22
15 17
16 16
17 8
18 3
19 6
20 4
21 10
22 2
23 2
24 1
25 0
26 0
last timestep 26
node 1475 iteration 5
0 0
1 2
2 0
3 0
last timestep 3
node 1475 iteration 6
0 0
1 2
2 5
3 9
4 14
5 32
6 53
7 60
8 83
9 93
10 107
11 102
12 83
13 60
14 42
15 22
16 15
17 5
18 7
19 9
20 2
21 4
22 3
23 2
24 1
25 1
26 1
27 0
28 0
last timestep 28
node 1475 iteration 7
0 0
1 3
2 3
3 2
4 4
5 9
6 8
7 11
8 18
9 17
10 29
11 25
12 41
13 61
14 83
15 92
16 93
17 72
18 78
19 38
20 32
21 32
22 23
23 14
24 5
25 6
26 3
27 0
28 0
last timestep 28
node 1475 iteration 8
0 0
1 3
2 4
3 11
4 8
5 14
6 12
7 25
8 40
9 49
10 74
11 82
12 57
13 68
14 73
15 85
16 52
17 33
18 12
19 10
20 18
21 9
22 9
23 2
24 2
25 0
26 0
last timestep 26
node 1475 iteration 9
0 0
1 3
2 5
3 9
4 17
5 24
6 35
7 60
8 82
9 83
10 85
11 81
12 57
13 43
14 38
15 31
16 28
17 19
18 14
19 12
20 8
21 6
22 6
23 2
24 0
25 1
26 0
last timestep 26
