node 531 iteration 0
0 0
1 3
2 9
3 7
4 10
5 19
6 34
7 65
8 89
9 89
10 89
11 56
12 39
13 27
14 16
15 18
16 20
17 14
18 2
19 0
20 0
last timestep 20
node 531 iteration 1
0 0
1 2
2 3
3 4
4 3
5 4
6 4
7 5
8 4
9 10
10 5
11 5
12 6
13 11
14 14
15 21
16 26
17 21
18 34
19 39
20 44
21 51
22 48
23 51
24 46
25 54
26 50
27 36
28 29
29 24
30 27
31 22
32 14
33 5
34 4
35 2
36 1
37 0
38 0
last timestep 38
node 531 iteration 2
0 0
1 3
2 3
3 1
4 1
5 0
6 0
last timestep 6
node 531 iteration 3
0 0
1 0
2 0
last timestep 2
node 531 iteration 4
0 0
1 1
2 0
3 0
last timestep 3
node 531 iteration 5
0 0
1 1
2 3
3 7
4 10
5 14
6 17
7 24
8 24
9 46
10 63
11 79
12 98
13 96
14 70
15 61
16 39
17 31
18 28
19 24
20 11
21 4
22 3
23 1
24 0
25 1
26 0
last timestep 26
node 531 iteration 6
0 0
1 1
2 1
3 1
4 7
5 4
6 9
7 21
8 30
9 41
10 64
11 64
12 63
13 74
14 86
15 81
16 66
17 36
18 24
19 33
20 17
21 12
22 6
23 3
24 4
25 3
26 2
27 0
28 0
last timestep 28
node 531 iteration 7
0 0
1 1
2 5
3 10
4 13
5 13
6 17
7 19
8 31
9 26
10 40
11 59
12 74
13 81
14 93
15 75
16 58
17 44
18 52
19 33
20 16
21 6
22 4
23 4
24 0
25 0
last timestep 25
node 531 iteration 8
0 0
1 1
2 4
3 4
4 2
5 0
6 0
last timestep 6
node 531 iteration 9
0 0
1 3
2 11
3 12
4 18
5 32
6 25
7 29
8 38
9 38
10 51
11 58
12 71
13 63
14 58
15 38
16 37
17 41
18 33
19 29
20 34
21 17
22 19
23 19
24 16
25 7
26 4
27 0
28 0
last timestep 28
