node 2051 iteration 0
0 0
1 1
2 2
3 4
4 5
5 3
6 3
7 1
8 4
9 8
10 12
11 15
12 38
13 43
14 59
15 67
16 91
17 130
18 122
19 93
20 79
21 49
22 21
23 14
24 12
25 4
26 3
27 1
28 1
29 0
30 0
last timestep 30
node 2051 iteration 1
0 0
1 4
2 12
3 17
4 32
5 41
6 47
7 82
8 81
9 73
10 102
11 82
12 74
13 61
14 35
15 18
16 8
17 2
18 1
19 0
20 1
21 0
last timestep 21
node 2051 iteration 2
0 0
1 4
2 3
3 7
4 1
5 0
6 0
last timestep 6
node 2051 iteration 3
0 0
1 2
2 0
3 0
last timestep 3
node 2051 iteration 4
0 0
1 0
2 0
last timestep 2
node 2051 iteration 5
0 0
1 2
2 11
3 12
4 19
5 30
6 40
7 59
8 64
9 75
10 64
11 92
12 88
13 62
14 66
15 35
16 22
17 11
18 7
19 4
20 2
21 1
22 0
23 0
last timestep 23
node 2051 iteration 6
0 0
1 4
2 3
3 6
4 8
5 7
6 20
7 47
8 57
9 60
10 68
11 70
12 85
13 70
14 73
15 57
16 35
17 22
18 8
19 9
20 11
21 7
22 5
23 6
24 8
25 6
26 5
27 1
28 0
29 0
last timestep 29
node 2051 iteration 7
0 0
1 3
2 5
3 12
4 22
5 33
6 20
7 37
8 62
9 87
10 89
11 88
12 54
13 60
14 56
15 38
16 11
17 12
18 3
19 0
20 0
last timestep 20
node 2051 iteration 8
0 0
1 0
2 1
3 3
4 11
5 19
6 13
7 17
8 36
9 55
10 69
11 85
12 113
13 126
14 119
15 94
16 56
17 44
18 21
19 16
20 6
21 3
22 2
23 0
last timestep 23
node 2051 iteration 9
0 0
1 0
2 0
last timestep 2
