node 1146 iteration 0
0 0
1 3
2 6
3 15
4 23
5 29
6 41
7 56
8 92
9 95
10 125
11 92
12 69
13 46
14 20
15 18
16 16
17 7
18 6
19 3
20 5
21 0
22 0
last timestep 22
node 1146 iteration 1
0 0
1 4
2 14
3 21
4 32
5 47
6 61
7 78
8 89
9 69
10 75
11 68
12 70
13 57
14 45
15 22
16 13
17 4
18 1
19 1
20 0
21 0
last timestep 21
node 1146 iteration 2
0 0
1 1
2 9
3 9
4 16
5 26
6 44
7 68
8 62
9 82
10 81
11 81
12 70
13 70
14 66
15 43
16 32
17 12
18 5
19 4
20 1
21 1
22 0
23 0
last timestep 23
node 1146 iteration 3
0 0
1 0
2 0
last timestep 2
node 1146 iteration 4
0 0
1 2
2 7
3 13
4 11
5 14
6 38
7 53
8 86
9 78
10 99
11 110
12 96
13 73
14 56
15 30
16 18
17 11
18 7
19 1
20 1
21 1
22 0
23 0
last timestep 23
node 1146 iteration 5
0 0
1 4
2 9
3 17
4 25
5 30
6 41
7 38
8 36
9 52
10 69
11 53
12 50
13 31
14 26
15 24
16 10
17 14
18 7
19 9
20 12
21 6
22 5
23 9
24 6
25 5
26 9
27 8
28 3
29 3
30 1
31 0
32 0
last timestep 32
node 1146 iteration 6
0 0
1 1
2 3
3 5
4 10
5 18
6 20
7 43
8 80
9 97
10 101
11 98
12 75
13 67
14 44
15 30
16 19
17 12
18 10
19 10
20 12
21 6
22 5
23 1
24 0
25 1
26 1
27 0
last timestep 27
node 1146 iteration 7
0 0
1 2
2 2
3 1
4 8
5 5
6 13
7 26
8 29
9 32
10 77
11 93
12 118
13 129
14 127
15 122
16 89
17 47
18 26
19 10
20 3
21 1
22 0
23 0
last timestep 23
node 1146 iteration 8
0 0
1 2
2 3
3 5
4 9
5 16
6 20
7 27
8 35
9 55
10 68
11 57
12 48
13 37
14 42
15 41
16 45
17 29
18 23
19 17
20 15
21 18
22 10
23 9
24 6
25 7
26 2
27 1
28 2
29 1
30 1
31 2
32 0
33 1
34 0
last timestep 34
node 1146 iteration 9
0 0
1 2
2 1
3 4
4 17
5 29
6 34
7 51
8 51
9 73
10 93
11 85
12 65
13 46
14 50
15 52
16 45
17 44
18 31
19 21
20 20
21 7
22 4
23 2
24 0
25 0
last timestep 25
