node 1462 iteration 0
0 0
1 2
2 5
3 10
4 17
5 23
6 22
7 21
8 38
9 51
10 50
11 64
12 67
13 48
14 49
15 51
16 49
17 48
18 37
19 11
20 8
21 5
22 2
23 6
24 4
25 0
26 0
last timestep 26
node 1462 iteration 1
0 0
1 0
2 0
last timestep 2
node 1462 iteration 2
0 0
1 1
2 4
3 17
4 19
5 27
6 32
7 52
8 71
9 93
10 85
11 81
12 84
13 67
14 58
15 57
16 37
17 33
18 17
19 4
20 3
21 2
22 1
23 0
24 0
last timestep 24
node 1462 iteration 3
0 0
1 0
2 0
last timestep 2
node 1462 iteration 4
0 0
1 0
2 4
3 8
4 12
5 33
6 44
7 69
8 91
9 86
10 102
11 85
12 83
13 75
14 58
15 50
16 24
17 18
18 8
19 7
20 5
21 3
22 6
23 3
24 1
25 1
26 0
last timestep 26
node 1462 iteration 5
0 0
1 0
2 0
last timestep 2
node 1462 iteration 6
0 0
1 1
2 5
3 2
4 11
5 16
6 32
7 60
8 66
9 105
10 114
11 113
12 79
13 75
14 53
15 35
16 25
17 10
18 7
19 3
20 5
21 2
22 1
23 0
24 0
last timestep 24
node 1462 iteration 7
0 0
1 3
2 3
3 6
4 7
5 18
6 23
7 27
8 34
9 64
10 71
11 81
12 68
13 76
14 56
15 45
16 57
17 44
18 27
19 26
20 27
21 28
22 14
23 13
24 11
25 5
26 6
27 1
28 2
29 1
30 1
31 1
32 0
33 0
last timestep 33
node 1462 iteration 8
0 0
1 1
2 2
3 3
4 1
5 1
6 3
7 10
8 13
9 21
10 36
11 61
12 69
13 71
14 76
15 103
16 77
17 74
18 55
19 43
20 45
21 29
22 20
23 14
24 7
25 5
26 2
27 0
28 0
last timestep 28
node 1462 iteration 9
0 0
1 0
2 0
last timestep 2
