node 1062 iteration 0
0 0
1 3
2 3
3 3
4 4
5 12
6 12
7 22
8 30
9 42
10 52
11 56
12 82
13 104
14 101
15 82
16 62
17 59
18 49
19 29
20 22
21 11
22 8
23 5
24 4
25 1
26 1
27 0
28 0
last timestep 28
node 1062 iteration 1
0 0
1 1
2 1
3 1
4 0
5 0
last timestep 5
node 1062 iteration 2
0 0
1 1
2 1
3 4
4 6
5 16
6 17
7 22
8 45
9 50
10 73
11 85
12 80
13 95
14 78
15 65
16 38
17 35
18 15
19 15
20 5
21 3
22 5
23 1
24 2
25 3
26 2
27 1
28 2
29 0
30 1
31 1
32 0
last timestep 32
node 1062 iteration 3
0 0
1 3
2 4
3 6
4 13
5 11
6 20
7 47
8 57
9 95
10 95
11 115
12 123
13 91
14 68
15 66
16 26
17 15
18 6
19 2
20 1
21 1
22 0
23 0
last timestep 23
node 1062 iteration 4
0 0
1 1
2 2
3 2
4 1
5 2
6 1
7 0
8 0
last timestep 8
node 1062 iteration 5
0 0
1 4
2 2
3 4
4 4
5 0
6 0
last timestep 6
node 1062 iteration 6
0 0
1 5
2 6
3 6
4 20
5 33
6 39
7 58
8 79
9 112
10 125
11 117
12 102
13 76
14 69
15 36
16 17
17 15
18 7
19 3
20 2
21 2
22 2
23 1
24 0
25 0
last timestep 25
node 1062 iteration 7
0 0
1 1
2 2
3 1
4 1
5 0
6 0
last timestep 6
node 1062 iteration 8
0 0
1 3
2 10
3 10
4 22
5 19
6 30
7 22
8 37
9 38
10 63
11 94
12 82
13 63
14 52
15 55
16 32
17 12
18 11
19 13
20 16
21 10
22 9
23 4
24 5
25 12
26 11
27 8
28 7
29 4
30 11
31 5
32 2
33 2
34 1
35 1
36 0
37 0
last timestep 37
node 1062 iteration 9
0 0
1 2
2 3
3 10
4 20
5 34
6 53
7 65
8 78
9 101
10 88
11 83
12 80
13 63
14 43
15 30
16 21
17 14
18 5
19 2
20 0
21 2
22 0
last timestep 22
