node 1277 iteration 0
0 0
1 2
2 1
3 1
4 3
5 1
6 0
7 0
last timestep 7
node 1277 iteration 1
0 0
1 1
2 1
3 7
4 7
5 10
6 16
7 22
8 33
9 42
10 48
11 61
12 66
13 76
14 60
15 54
16 54
17 50
18 19
19 27
20 14
21 7
22 6
23 4
24 4
25 3
26 2
27 1
28 0
29 0
last timestep 29
node 1277 iteration 2
0 0
1 0
2 0
last timestep 2
node 1277 iteration 3
0 0
1 3
2 2
3 4
4 7
5 20
6 27
7 39
8 45
9 50
10 57
11 100
12 106
13 84
14 76
15 50
16 45
17 38
18 22
19 11
20 4
21 0
22 0
last timestep 22
node 1277 iteration 4
0 0
1 3
2 6
3 5
4 6
5 11
6 23
7 25
8 39
9 43
10 64
11 75
12 59
13 59
14 77
15 51
16 54
17 51
18 26
19 24
20 11
21 14
22 9
23 12
24 10
25 9
26 6
27 6
28 1
29 0
30 0
last timestep 30
node 1277 iteration 5
0 0
1 1
2 0
3 0
last timestep 3
node 1277 iteration 6
0 0
1 4
2 13
3 18
4 26
5 44
6 66
7 87
8 82
9 86
10 72
11 67
12 69
13 66
14 72
15 50
16 30
17 17
18 9
19 6
20 8
21 3
22 2
23 0
24 0
last timestep 24
node 1277 iteration 7
0 0
1 3
2 4
3 2
4 7
5 10
6 9
7 17
8 38
9 56
10 55
11 82
12 77
13 107
14 74
15 82
16 42
17 26
18 26
19 10
20 8
21 7
22 7
23 4
24 7
25 6
26 3
27 2
28 0
29 0
last timestep 29
node 1277 iteration 8
0 0
1 3
2 4
3 8
4 2
5 2
6 14
7 7
8 10
9 12
10 10
11 14
12 17
13 22
14 32
15 46
16 52
17 56
18 55
19 56
20 81
21 54
22 63
23 50
24 44
25 35
26 26
27 13
28 7
29 13
30 5
31 6
32 2
33 1
34 2
35 1
36 3
37 0
38 1
39 0
last timestep 39
node 1277 iteration 9
0 0
1 2
2 2
3 8
4 8
5 17
6 32
7 26
8 27
9 61
10 56
11 81
12 99
13 92
14 68
15 50
16 52
17 29
18 19
19 15
20 10
21 8
22 1
23 1
24 0
25 0
last timestep 25
