node 1725 iteration 0
0 0
1 3
2 1
3 0
4 1
5 0
last timestep 5
node 1725 iteration 1
0 0
1 3
2 1
3 1
4 0
5 0
last timestep 5
node 1725 iteration 2
0 0
1 3
2 3
3 12
4 16
5 22
6 46
7 55
8 64
9 74
10 78
11 71
12 68
13 67
14 54
15 29
16 27
17 18
18 19
19 14
20 10
21 9
22 2
23 0
24 0
last timestep 24
node 1725 iteration 3
0 0
1 2
2 5
3 7
4 15
5 16
6 25
7 31
8 42
9 50
10 55
11 61
12 95
13 61
14 67
15 50
16 43
17 40
18 33
19 24
20 11
21 11
22 5
23 3
24 0
25 0
last timestep 25
node 1725 iteration 4
0 0
1 2
2 1
3 2
4 5
5 18
6 18
7 20
8 41
9 53
10 62
11 74
12 80
13 76
14 65
15 59
16 55
17 28
18 20
19 11
20 15
21 9
22 5
23 3
24 2
25 2
26 3
27 5
28 4
29 2
30 7
31 6
32 7
33 1
34 2
35 2
36 0
37 0
last timestep 37
node 1725 iteration 5
0 0
1 1
2 8
3 5
4 7
5 8
6 12
7 10
8 16
9 25
10 34
11 56
12 69
13 53
14 78
15 99
16 92
17 82
18 50
19 37
20 29
21 23
22 20
23 19
24 7
25 6
26 0
27 1
28 0
last timestep 28
node 1725 iteration 6
0 0
1 3
2 3
3 4
4 13
5 30
6 50
7 73
8 82
9 118
10 116
11 95
12 80
13 68
14 55
15 29
16 30
17 16
18 17
19 11
20 5
21 2
22 7
23 3
24 1
25 2
26 2
27 2
28 1
29 1
30 0
31 0
last timestep 31
node 1725 iteration 7
0 0
1 1
2 2
3 3
4 9
5 20
6 31
7 40
8 59
9 72
10 88
11 86
12 69
13 59
14 46
15 52
16 45
17 50
18 52
19 35
20 19
21 20
22 5
23 6
24 3
25 1
26 0
27 0
last timestep 27
node 1725 iteration 8
0 0
1 3
2 1
3 4
4 10
5 22
6 19
7 52
8 69
9 74
10 77
11 71
12 82
13 50
14 45
15 35
16 26
17 30
18 24
19 14
20 7
21 9
22 3
23 2
24 1
25 2
26 4
27 5
28 3
29 1
30 1
31 0
32 0
last timestep 32
node 1725 iteration 9
0 0
1 0
2 0
last timestep 2
