node 815 iteration 0
0 0
1 3
2 4
3 5
4 6
5 10
6 26
7 49
8 69
9 91
10 95
11 83
12 68
13 46
14 27
15 32
16 18
17 8
18 7
19 4
20 1
21 0
22 0
last timestep 22
node 815 iteration 1
0 0
1 1
2 1
3 1
4 1
5 1
6 0
7 0
last timestep 7
node 815 iteration 2
0 0
1 2
2 2
3 3
4 3
5 6
6 19
7 27
8 39
9 62
10 74
11 92
12 85
13 97
14 75
15 85
16 42
17 27
18 11
19 10
20 4
21 3
22 7
23 2
24 1
25 4
26 2
27 2
28 4
29 0
30 0
last timestep 30
node 815 iteration 3
0 0
1 0
2 0
last timestep 2
node 815 iteration 4
0 0
1 1
2 0
3 0
last timestep 3
node 815 iteration 5
0 0
1 1
2 0
3 0
last timestep 3
node 815 iteration 6
0 0
1 1
2 3
3 3
4 15
5 15
6 23
7 40
8 47
9 65
10 87
11 90
12 74
13 79
14 63
15 48
16 36
17 15
18 22
19 13
20 6
21 1
22 3
23 2
24 0
25 0
last timestep 25
node 815 iteration 7
0 0
1 2
2 5
3 3
4 6
5 6
6 8
7 23
8 32
9 26
10 49
11 65
12 51
13 70
14 82
15 63
16 64
17 60
18 29
19 21
20 22
21 18
22 12
23 9
24 7
25 3
26 2
27 1
28 0
29 0
last timestep 29
node 815 iteration 8
0 0
1 1
2 0
3 0
last timestep 3
node 815 iteration 9
0 0
1 1
2 4
3 7
4 3
5 10
6 15
7 15
8 27
9 35
10 63
11 81
12 73
13 77
14 66
15 44
16 40
17 45
18 37
19 26
20 15
21 10
22 5
23 2
24 0
25 0
last timestep 25
