node 1649 iteration 0
0 0
1 3
2 14
3 19
4 40
5 47
6 70
7 73
8 87
9 95
10 94
11 87
12 61
13 53
14 55
15 29
16 11
17 8
18 3
19 0
20 0
last timestep 20
node 1649 iteration 1
0 0
1 5
2 1
3 5
4 8
5 15
6 10
7 17
8 51
9 52
10 58
11 78
12 80
13 65
14 71
15 60
16 43
17 41
18 31
19 24
20 15
21 16
22 10
23 3
24 3
25 0
26 0
last timestep 26
node 1649 iteration 2
0 0
1 3
2 4
3 5
4 18
5 25
6 50
7 61
8 75
9 92
10 100
11 95
12 84
13 51
14 59
15 36
16 30
17 22
18 16
19 12
20 8
21 1
22 2
23 2
24 0
25 0
last timestep 25
node 1649 iteration 3
0 0
1 2
2 2
3 5
4 7
5 7
6 15
7 35
8 63
9 65
10 81
11 95
12 79
13 84
14 57
15 50
16 48
17 46
18 38
19 25
20 26
21 12
22 13
23 8
24 3
25 4
26 2
27 2
28 2
29 1
30 0
31 0
last timestep 31
node 1649 iteration 4
0 0
1 2
2 3
3 4
4 9
5 18
6 16
7 17
8 23
9 36
10 36
11 49
12 57
13 70
14 77
15 74
16 49
17 44
18 22
19 15
20 14
21 9
22 6
23 8
24 6
25 1
26 2
27 2
28 1
29 2
30 0
31 0
last timestep 31
node 1649 iteration 5
0 0
1 3
2 4
3 3
4 6
5 11
6 11
7 10
8 12
9 13
10 42
11 56
12 84
13 98
14 100
15 102
16 72
17 59
18 57
19 44
20 38
21 20
22 12
23 5
24 4
25 9
26 5
27 4
28 2
29 8
30 4
31 0
32 0
last timestep 32
node 1649 iteration 6
0 0
1 3
2 4
3 7
4 13
5 15
6 33
7 21
8 32
9 50
10 70
11 82
12 90
13 99
14 88
15 68
16 57
17 42
18 29
19 10
20 8
21 9
22 5
23 1
24 2
25 1
26 1
27 1
28 1
29 0
30 0
last timestep 30
node 1649 iteration 7
0 0
1 3
2 5
3 4
4 11
5 14
6 12
7 17
8 32
9 36
10 47
11 73
12 71
13 76
14 63
15 52
16 51
17 44
18 43
19 30
20 13
21 13
22 6
23 6
24 7
25 3
26 3
27 0
28 1
29 3
30 2
31 2
32 1
33 2
34 4
35 1
36 2
37 2
38 1
39 1
40 0
last timestep 40
node 1649 iteration 8
0 0
1 3
2 3
3 7
4 8
5 11
6 24
7 41
8 60
9 67
10 89
11 74
12 69
13 55
14 42
15 42
16 47
17 25
18 15
19 6
20 1
21 5
22 5
23 2
24 0
25 0
last timestep 25
node 1649 iteration 9
0 0
1 1
2 2
3 5
4 4
5 2
6 4
7 7
8 6
9 8
10 21
11 36
12 34
13 50
14 62
15 73
16 68
17 79
18 76
19 71
20 61
21 51
22 46
23 40
24 28
25 19
26 14
27 9
28 2
29 2
30 4
31 3
32 0
33 0
last timestep 33
