node 1542 iteration 0
0 0
1 3
2 7
3 3
4 12
5 18
6 27
7 28
8 32
9 39
10 62
11 69
12 69
13 68
14 72
15 52
16 51
17 40
18 21
19 16
20 9
21 12
22 19
23 12
24 7
25 2
26 0
27 0
last timestep 27
node 1542 iteration 1
0 0
1 2
2 3
3 0
4 0
last timestep 4
node 1542 iteration 2
0 0
1 1
2 0
3 0
last timestep 3
node 1542 iteration 3
0 0
1 3
2 8
3 13
4 16
5 27
6 57
7 68
8 84
9 79
10 101
11 93
12 71
13 80
14 55
15 28
16 24
17 8
18 4
19 1
20 0
21 1
22 0
last timestep 22
node 1542 iteration 4
0 0
1 5
2 9
3 8
4 9
5 18
6 19
7 30
8 29
9 41
10 44
11 52
12 67
13 72
14 71
15 57
16 41
17 48
18 30
19 23
20 26
21 19
22 16
23 6
24 7
25 3
26 3
27 3
28 5
29 1
30 0
31 0
last timestep 31
node 1542 iteration 5
0 0
1 1
2 4
3 4
4 4
5 10
6 28
7 24
8 42
9 63
10 97
11 126
12 111
13 96
14 52
15 69
16 43
17 26
18 12
19 9
20 9
21 5
22 5
23 1
24 2
25 2
26 0
27 0
last timestep 27
node 1542 iteration 6
0 0
1 4
2 2
3 7
4 2
5 2
6 0
7 0
last timestep 7
node 1542 iteration 7
0 0
1 4
2 3
3 5
4 5
5 7
6 8
7 20
8 34
9 38
10 67
11 77
12 76
13 85
14 71
15 44
16 37
17 22
18 30
19 34
20 24
21 26
22 18
23 6
24 7
25 9
26 2
27 1
28 0
29 1
30 0
last timestep 30
node 1542 iteration 8
0 0
1 2
2 6
3 11
4 19
5 32
6 40
7 56
8 61
9 67
10 76
11 82
12 87
13 62
14 43
15 27
16 26
17 26
18 18
19 18
20 16
21 12
22 3
23 1
24 0
25 0
last timestep 25
node 1542 iteration 9
0 0
1 0
2 0
last timestep 2
