node 149 iteration 0
0 0
1 4
2 2
3 6
4 16
5 27
6 21
7 34
8 48
9 58
10 76
11 91
12 105
13 78
14 55
15 50
16 46
17 31
18 29
19 15
20 15
21 14
22 6
23 10
24 1
25 0
26 0
last timestep 26
node 149 iteration 1
0 0
1 1
2 4
3 1
4 2
5 2
6 5
7 18
8 22
9 42
10 43
11 56
12 67
13 74
14 68
15 86
16 98
17 74
18 71
19 43
20 23
21 23
22 15
23 11
24 9
25 9
26 4
27 3
28 0
29 0
last timestep 29
node 149 iteration 2
0 0
1 3
2 2
3 3
4 5
5 9
6 9
7 6
8 10
9 18
10 27
11 39
12 50
13 53
14 63
15 71
16 78
17 67
18 57
19 49
20 54
21 51
22 32
23 25
24 19
25 17
26 11
27 2
28 6
29 3
30 5
31 3
32 0
33 0
last timestep 33
node 149 iteration 3
0 0
1 1
2 3
3 1
4 0
5 1
6 2
7 4
8 2
9 0
last timestep 9
node 149 iteration 4
0 0
1 3
2 1
3 2
4 6
5 7
6 7
7 4
8 6
9 7
10 20
11 35
12 47
13 71
14 60
15 68
16 69
17 73
18 90
19 70
20 67
21 50
22 38
23 16
24 17
25 18
26 3
27 4
28 2
29 2
30 0
31 0
last timestep 31
node 149 iteration 5
0 0
1 2
2 4
3 16
4 26
5 39
6 68
7 72
8 99
9 90
10 109
11 105
12 70
13 65
14 35
15 20
16 13
17 10
18 5
19 4
20 3
21 0
22 0
last timestep 22
node 149 iteration 6
0 0
1 0
2 0
last timestep 2
node 149 iteration 7
0 0
1 4
2 3
3 9
4 7
5 16
6 33
7 45
8 52
9 76
10 72
11 102
12 98
13 82
14 67
15 55
16 36
17 21
18 22
19 14
20 11
21 6
22 6
23 1
24 2
25 1
26 0
27 0
last timestep 27
node 149 iteration 8
0 0
1 3
2 10
3 4
4 3
5 13
6 21
7 16
8 22
9 21
10 24
11 43
12 49
13 69
14 78
15 61
16 67
17 52
18 55
19 68
20 52
21 52
22 32
23 19
24 8
25 5
26 5
27 1
28 3
29 1
30 0
31 0
last timestep 31
node 149 iteration 9
0 0
1 1
2 2
3 0
4 0
last timestep 4
