node 1658 iteration 0
0 0
1 1
2 1
3 6
4 5
5 11
6 18
7 35
8 34
9 33
10 48
11 50
12 64
13 56
14 56
15 46
16 42
17 33
18 26
19 16
20 17
21 22
22 22
23 14
24 4
25 4
26 2
27 1
28 1
29 2
30 0
31 0
last timestep 31
node 1658 iteration 1
0 0
1 4
2 7
3 11
4 31
5 29
6 44
7 55
8 73
9 79
10 83
11 83
12 61
13 48
14 39
15 29
16 21
17 17
18 13
19 15
20 7
21 5
22 4
23 3
24 4
25 2
26 1
27 2
28 0
29 0
last timestep 29
node 1658 iteration 2
0 0
1 0
2 0
last timestep 2
node 1658 iteration 3
0 0
1 0
2 0
last timestep 2
node 1658 iteration 4
0 0
1 2
2 2
3 0
4 0
last timestep 4
node 1658 iteration 5
0 0
1 2
2 4
3 3
4 7
5 9
6 1
7 1
8 0
9 0
last timestep 9
node 1658 iteration 6
0 0
1 4
2 7
3 3
4 5
5 9
6 13
7 13
8 31
9 44
10 46
11 49
12 81
13 70
14 88
15 75
16 52
17 36
18 28
19 32
20 21
21 10
22 6
23 14
24 10
25 7
26 3
27 2
28 1
29 1
30 0
31 0
last timestep 31
node 1658 iteration 7
0 0
1 1
2 0
3 0
last timestep 3
node 1658 iteration 8
0 0
1 2
2 0
3 0
last timestep 3
node 1658 iteration 9
0 0
1 1
2 2
3 5
4 14
5 6
6 6
7 10
8 17
9 25
10 29
11 28
12 39
13 63
14 77
15 89
16 87
17 79
18 69
19 55
20 45
21 28
22 18
23 9
24 11
25 5
26 3
27 0
28 1
29 0
last timestep 29
