node 1788 iteration 0
0 0
1 2
2 6
3 7
4 13
5 11
6 18
7 27
8 28
9 47
10 56
11 85
12 71
13 84
14 48
15 46
16 36
17 31
18 24
19 18
20 10
21 11
22 2
23 0
24 0
last timestep 24
node 1788 iteration 1
0 0
1 3
2 1
3 2
4 15
5 12
6 20
7 19
8 24
9 17
10 28
11 37
12 66
13 69
14 88
15 73
16 57
17 53
18 38
19 33
20 21
21 22
22 13
23 14
24 7
25 5
26 6
27 4
28 2
29 1
30 1
31 1
32 1
33 0
34 0
last timestep 34
node 1788 iteration 2
0 0
1 2
2 1
3 2
4 2
5 1
6 0
7 0
last timestep 7
node 1788 iteration 3
0 0
1 1
2 0
3 0
last timestep 3
node 1788 iteration 4
0 0
1 3
2 3
3 1
4 0
5 0
last timestep 5
node 1788 iteration 5
0 0
1 5
2 7
3 3
4 5
5 9
6 17
7 28
8 46
9 60
10 86
11 88
12 78
13 78
14 56
15 38
16 33
17 20
18 12
19 13
20 17
21 13
22 10
23 2
24 0
25 0
last timestep 25
node 1788 iteration 6
0 0
1 3
2 9
3 15
4 22
5 30
6 27
7 33
8 45
9 38
10 62
11 88
12 87
13 84
14 72
15 56
16 37
17 19
18 16
19 10
20 9
21 6
22 2
23 2
24 0
25 0
last timestep 25
node 1788 iteration 7
0 0
1 3
2 14
3 19
4 31
5 42
6 51
7 69
8 99
9 110
10 95
11 74
12 54
13 37
14 25
15 26
16 17
17 4
18 2
19 2
20 2
21 2
22 0
23 1
24 0
last timestep 24
node 1788 iteration 8
0 0
1 4
2 7
3 10
4 19
5 41
6 40
7 68
8 86
9 74
10 85
11 87
12 66
13 42
14 33
15 18
16 12
17 6
18 4
19 0
20 1
21 1
22 0
last timestep 22
node 1788 iteration 9
0 0
1 5
2 12
3 14
4 11
5 18
6 37
7 44
8 51
9 68
10 94
11 100
12 95
13 94
14 78
15 66
16 40
17 34
18 15
19 14
20 4
21 6
22 1
23 3
24 1
25 1
26 1
27 0
28 0
last timestep 28
