node 1336 iteration 0
0 0
1 3
2 2
3 2
4 4
5 7
6 7
7 10
8 8
9 13
10 39
11 40
12 54
13 56
14 64
15 78
16 83
17 64
18 50
19 38
20 36
21 34
22 17
23 12
24 5
25 4
26 4
27 3
28 5
29 8
30 4
31 3
32 0
33 0
last timestep 33
node 1336 iteration 1
0 0
1 2
2 8
3 8
4 14
5 13
6 11
7 20
8 23
9 36
10 53
11 67
12 73
13 77
14 78
15 79
16 68
17 58
18 38
19 27
20 27
21 19
22 14
23 6
24 4
25 2
26 2
27 0
28 0
last timestep 28
node 1336 iteration 2
0 0
1 2
2 6
3 10
4 17
5 19
6 27
7 37
8 29
9 39
10 48
11 71
12 67
13 73
14 74
15 81
16 62
17 32
18 23
19 19
20 9
21 9
22 9
23 4
24 2
25 3
26 0
27 1
28 0
last timestep 28
node 1336 iteration 3
0 0
1 1
2 4
3 6
4 7
5 8
6 17
7 38
8 37
9 39
10 46
11 40
12 46
13 61
14 65
15 58
16 56
17 65
18 41
19 28
20 18
21 8
22 5
23 7
24 1
25 1
26 1
27 1
28 1
29 0
30 0
last timestep 30
node 1336 iteration 4
0 0
1 1
2 0
3 0
last timestep 3
node 1336 iteration 5
0 0
1 1
2 1
3 0
4 0
last timestep 4
node 1336 iteration 6
0 0
1 2
2 1
3 5
4 7
5 4
6 12
7 25
8 63
9 77
10 97
11 88
12 83
13 69
14 71
15 47
16 43
17 32
18 19
19 19
20 11
21 4
22 6
23 1
24 0
25 0
last timestep 25
node 1336 iteration 7
0 0
1 3
2 15
3 10
4 16
5 28
6 26
7 39
8 40
9 45
10 64
11 86
12 99
13 98
14 64
15 48
16 33
17 24
18 12
19 9
20 2
21 1
22 1
23 0
24 0
last timestep 24
node 1336 iteration 8
0 0
1 1
2 1
3 1
4 0
5 0
last timestep 5
node 1336 iteration 9
0 0
1 2
2 4
3 7
4 28
5 29
6 54
7 56
8 83
9 94
10 112
11 98
12 89
13 68
14 57
15 22
16 24
17 23
18 10
19 2
20 5
21 3
22 3
23 1
24 1
25 1
26 0
27 0
last timestep 27
