node 1308 iteration 0
0 0
1 3
2 4
3 16
4 24
5 38
6 66
7 114
8 154
9 127
10 102
11 71
12 62
13 34
14 19
15 28
16 15
17 12
18 5
19 2
20 4
21 2
22 2
23 0
24 0
last timestep 24
node 1308 iteration 1
0 0
1 2
2 3
3 6
4 8
5 8
6 16
7 14
8 21
9 36
10 71
11 101
12 94
13 110
14 92
15 83
16 58
17 52
18 48
19 36
20 17
21 14
22 9
23 6
24 8
25 8
26 6
27 0
28 1
29 0
last timestep 29
node 1308 iteration 2
0 0
1 2
2 5
3 3
4 3
5 1
6 0
7 0
last timestep 7
node 1308 iteration 3
0 0
1 2
2 3
3 5
4 6
5 12
6 17
7 28
8 42
9 57
10 88
11 78
12 74
13 81
14 72
15 41
16 34
17 20
18 19
19 24
20 22
21 16
22 21
23 13
24 9
25 3
26 2
27 1
28 0
29 0
last timestep 29
node 1308 iteration 4
0 0
1 1
2 2
3 4
4 15
5 8
6 15
7 39
8 42
9 52
10 48
11 62
12 87
13 92
14 67
15 80
16 69
17 46
18 27
19 17
20 9
21 4
22 2
23 0
24 0
last timestep 24
node 1308 iteration 5
0 0
1 2
2 0
3 0
last timestep 3
node 1308 iteration 6
0 0
1 2
2 10
3 7
4 8
5 9
6 23
7 35
8 34
9 56
10 57
11 71
12 88
13 92
14 79
15 73
16 64
17 31
18 23
19 10
20 15
21 5
22 2
23 2
24 0
25 0
last timestep 25
node 1308 iteration 7
0 0
1 1
2 2
3 4
4 3
5 4
6 10
7 20
8 16
9 19
10 25
11 30
12 56
13 75
14 104
15 103
16 127
17 87
18 69
19 52
20 34
21 32
22 17
23 8
24 7
25 3
26 2
27 3
28 2
29 3
30 1
31 0
32 0
last timestep 32
node 1308 iteration 8
0 0
1 3
2 10
3 16
4 34
5 60
6 72
7 73
8 72
9 62
10 62
11 63
12 66
13 56
14 46
15 36
16 33
17 30
18 18
19 12
20 9
21 5
22 1
23 3
24 1
25 0
26 0
last timestep 26
node 1308 iteration 9
0 0
1 1
2 2
3 1
4 0
5 0
last timestep 5
