node 981 iteration 0
0 0
1 1
2 2
3 6
4 10
5 16
6 15
7 17
8 26
9 26
10 53
11 53
12 65
13 75
14 81
15 74
16 71
17 61
18 40
19 24
20 22
21 15
22 14
23 8
24 7
25 7
26 1
27 1
28 0
29 0
last timestep 29
node 981 iteration 1
0 0
1 0
2 0
last timestep 2
node 981 iteration 2
0 0
1 1
2 3
3 1
4 1
5 1
6 1
7 10
8 10
9 14
10 23
11 26
12 36
13 39
14 54
15 102
16 112
17 116
18 102
19 82
20 55
21 42
22 30
23 27
24 15
25 8
26 6
27 3
28 2
29 4
30 2
31 1
32 0
33 0
last timestep 33
node 981 iteration 3
0 0
1 1
2 4
3 3
4 6
5 8
6 6
7 4
8 7
9 8
10 27
11 41
12 50
13 54
14 63
15 88
16 78
17 58
18 65
19 40
20 45
21 22
22 10
23 7
24 5
25 5
26 3
27 2
28 2
29 1
30 0
31 0
last timestep 31
node 981 iteration 4
0 0
1 0
2 0
last timestep 2
node 981 iteration 5
0 0
1 1
2 0
3 0
last timestep 3
node 981 iteration 6
0 0
1 1
2 1
3 0
4 0
last timestep 4
node 981 iteration 7
0 0
1 4
2 5
3 12
4 11
5 12
6 14
7 43
8 44
9 67
10 64
11 62
12 65
13 59
14 61
15 57
16 46
17 27
18 27
19 19
20 11
21 9
22 8
23 5
24 3
25 8
26 7
27 10
28 5
29 5
30 1
31 2
32 2
33 0
34 0
last timestep 34
node 981 iteration 8
0 0
1 3
2 1
3 1
4 1
5 2
6 0
7 2
8 4
9 6
10 8
11 14
12 27
13 41
14 46
15 58
16 85
17 92
18 77
19 88
20 80
21 77
22 38
23 26
24 22
25 14
26 10
27 6
28 0
last timestep 28
node 981 iteration 9
0 0
1 3
2 9
3 7
4 6
5 15
6 24
7 26
8 30
9 38
10 61
11 83
12 91
13 94
14 80
15 84
16 62
17 43
18 35
19 19
20 8
21 10
22 7
23 3
24 6
25 6
26 8
27 7
28 1
29 1
30 1
31 1
32 5
33 2
34 2
35 0
36 0
last timestep 36
