node 1053 iteration 0
0 0
1 1
2 2
3 6
4 8
5 8
6 10
7 19
8 16
9 32
10 50
11 69
12 75
13 97
14 80
15 84
16 74
17 54
18 43
19 29
20 29
21 16
22 14
23 9
24 4
25 2
26 2
27 4
28 4
29 2
30 1
31 1
32 2
33 0
34 0
last timestep 34
node 1053 iteration 1
0 0
1 3
2 8
3 11
4 13
5 27
6 23
7 30
8 35
9 45
10 71
11 84
12 112
13 89
14 72
15 59
16 39
17 37
18 31
19 17
20 13
21 11
22 9
23 12
24 6
25 0
26 1
27 0
last timestep 27
node 1053 iteration 2
0 0
1 1
2 0
3 0
last timestep 3
node 1053 iteration 3
0 0
1 1
2 2
3 10
4 13
5 29
6 37
7 58
8 63
9 80
10 101
11 87
12 77
13 74
14 55
15 32
16 25
17 16
18 8
19 4
20 2
21 1
22 2
23 1
24 0
25 0
last timestep 25
node 1053 iteration 4
0 0
1 0
2 0
last timestep 2
node 1053 iteration 5
0 0
1 0
2 0
last timestep 2
node 1053 iteration 6
0 0
1 1
2 0
3 0
last timestep 3
node 1053 iteration 7
0 0
1 1
2 0
3 0
last timestep 3
node 1053 iteration 8
0 0
1 0
2 0
last timestep 2
node 1053 iteration 9
0 0
1 1
2 7
3 6
4 10
5 19
6 25
7 37
8 39
9 49
10 56
11 56
12 53
13 52
14 51
15 47
16 52
17 39
18 20
19 12
20 13
21 12
22 4
23 5
24 5
25 4
26 4
27 3
28 2
29 0
30 0
last timestep 30
