node 490 iteration 0
0 0
1 14
2 17
3 22
4 23
5 47
6 65
7 92
8 107
9 112
10 81
11 72
12 50
13 28
14 22
15 15
16 9
17 7
18 7
19 11
20 3
21 2
22 1
23 0
24 0
last timestep 24
node 490 iteration 1
0 0
1 13
2 8
3 16
4 18
5 19
6 27
7 33
8 64
9 68
10 76
11 80
12 91
13 82
14 72
15 52
16 32
17 28
18 18
19 15
20 13
21 5
22 1
23 0
24 0
last timestep 24
node 490 iteration 2
0 0
1 5
2 5
3 19
4 28
5 39
6 42
7 60
8 67
9 73
10 73
11 77
12 95
13 74
14 51
15 22
16 26
17 20
18 11
19 6
20 3
21 0
22 0
last timestep 22
node 490 iteration 3
0 0
1 8
2 9
3 12
4 19
5 34
6 58
7 60
8 88
9 73
10 77
11 76
12 73
13 46
14 32
15 32
16 24
17 8
18 4
19 1
20 0
21 0
last timestep 21
node 490 iteration 4
0 0
1 15
2 15
3 38
4 42
5 50
6 56
7 74
8 53
9 50
10 47
11 41
12 46
13 42
14 25
15 30
16 18
17 13
18 9
19 6
20 2
21 1
22 0
23 0
last timestep 23
node 490 iteration 5
0 0
1 12
2 40
3 46
4 39
5 67
6 94
7 94
8 92
9 85
10 70
11 64
12 64
13 34
14 40
15 27
16 22
17 14
18 4
19 2
20 1
21 1
22 1
23 1
24 0
25 0
last timestep 25
node 490 iteration 6
0 0
1 10
2 10
3 14
4 27
5 51
6 74
7 92
8 110
9 141
10 124
11 96
12 58
13 48
14 32
15 23
16 9
17 7
18 4
19 1
20 1
21 2
22 2
23 0
24 0
last timestep 24
node 490 iteration 7
0 0
1 4
2 2
3 2
4 3
5 5
6 2
7 2
8 4
9 7
10 8
11 8
12 8
13 10
14 20
15 9
16 25
17 32
18 32
19 32
20 38
21 39
22 31
23 28
24 36
25 28
26 41
27 33
28 24
29 21
30 23
31 21
32 14
33 6
34 3
35 8
36 2
37 2
38 6
39 6
40 2
41 1
42 0
43 0
last timestep 43
node 490 iteration 8
0 0
1 10
2 7
3 8
4 17
5 34
6 49
7 60
8 56
9 52
10 65
11 70
12 83
13 68
14 54
15 28
16 25
17 28
18 25
19 11
20 10
21 12
22 10
23 2
24 0
25 0
last timestep 25
node 490 iteration 9
0 0
1 11
2 11
3 17
4 17
5 34
6 49
7 64
8 55
9 49
10 62
11 74
12 63
13 56
14 55
15 32
16 25
17 21
18 11
19 11
20 6
21 10
22 5
23 5
24 3
25 2
26 1
27 1
28 1
29 0
30 0
last timestep 30
