node 1285 iteration 0
0 0
1 1
2 0
3 0
last timestep 3
node 1285 iteration 1
0 0
1 3
2 5
3 6
4 18
5 18
6 44
7 54
8 74
9 96
10 95
11 98
12 93
13 56
14 39
15 44
16 20
17 13
18 10
19 7
20 7
21 2
22 3
23 0
24 0
last timestep 24
node 1285 iteration 2
0 0
1 1
2 0
3 0
last timestep 3
node 1285 iteration 3
0 0
1 1
2 4
3 4
4 11
5 10
6 11
7 11
8 16
9 14
10 15
11 35
12 34
13 58
14 64
15 62
16 52
17 55
18 67
19 66
20 53
21 38
22 27
23 17
24 16
25 12
26 12
27 3
28 6
29 0
30 1
31 0
last timestep 31
node 1285 iteration 4
0 0
1 1
2 1
3 2
4 2
5 4
6 5
7 4
8 4
9 6
10 5
11 9
12 6
13 10
14 18
15 25
16 41
17 45
18 50
19 50
20 56
21 75
22 59
23 66
24 44
25 44
26 35
27 16
28 17
29 16
30 13
31 8
32 7
33 5
34 0
35 1
36 2
37 2
38 0
last timestep 38
node 1285 iteration 5
0 0
1 2
2 3
3 7
4 7
5 12
6 21
7 26
8 46
9 56
10 87
11 101
12 84
13 81
14 64
15 65
16 64
17 40
18 23
19 14
20 11
21 11
22 9
23 8
24 9
25 3
26 1
27 0
28 0
last timestep 28
node 1285 iteration 6
0 0
1 2
2 1
3 0
4 0
last timestep 4
node 1285 iteration 7
0 0
1 2
2 7
3 9
4 20
5 38
6 43
7 73
8 81
9 97
10 93
11 97
12 76
13 53
14 38
15 21
16 17
17 16
18 17
19 11
20 10
21 7
22 3
23 0
24 0
last timestep 24
node 1285 iteration 8
0 0
1 1
2 7
3 19
4 19
5 19
6 26
7 47
8 52
9 75
10 104
11 104
12 82
13 90
14 78
15 54
16 40
17 19
18 8
19 6
20 5
21 3
22 0
23 0
last timestep 23
node 1285 iteration 9
0 0
1 2
2 2
3 2
4 7
5 24
6 26
7 46
8 50
9 55
10 55
11 67
12 91
13 79
14 75
15 50
16 43
17 40
18 19
19 10
20 8
21 9
22 4
23 4
24 2
25 4
26 5
27 2
28 1
29 0
30 0
last timestep 30
