node 1084 iteration 0
0 0
1 4
2 6
3 7
4 12
5 19
6 20
7 31
8 36
9 39
10 48
11 65
12 85
13 82
14 78
15 77
16 53
17 33
18 34
19 24
20 8
21 8
22 3
23 0
24 0
last timestep 24
node 1084 iteration 1
0 0
1 4
2 4
3 4
4 1
5 1
6 0
7 0
last timestep 7
node 1084 iteration 2
0 0
1 1
2 0
3 0
last timestep 3
node 1084 iteration 3
0 0
1 8
2 4
3 6
4 14
5 20
6 34
7 29
8 36
9 43
10 66
11 83
12 89
13 93
14 97
15 54
16 39
17 22
18 14
19 7
20 9
21 4
22 2
23 3
24 4
25 1
26 0
27 0
last timestep 27
node 1084 iteration 4
0 0
1 2
2 0
3 0
last timestep 3
node 1084 iteration 5
0 0
1 4
2 5
3 20
4 25
5 35
6 52
7 48
8 60
9 60
10 62
11 97
12 73
13 75
14 74
15 53
16 34
17 21
18 19
19 11
20 8
21 6
22 3
23 3
24 1
25 0
26 0
last timestep 26
node 1084 iteration 6
0 0
1 2
2 3
3 0
4 0
last timestep 4
node 1084 iteration 7
0 0
1 3
2 5
3 5
4 6
5 5
6 14
7 25
8 41
9 61
10 63
11 78
12 79
13 103
14 87
15 65
16 65
17 36
18 27
19 14
20 10
21 7
22 2
23 4
24 4
25 0
26 0
last timestep 26
node 1084 iteration 8
0 0
1 2
2 1
3 4
4 5
5 6
6 10
7 13
8 10
9 15
10 15
11 15
12 15
13 23
14 26
15 20
16 27
17 26
18 26
19 31
20 40
21 37
22 42
23 42
24 54
25 43
26 43
27 38
28 23
29 20
30 8
31 13
32 19
33 18
34 10
35 2
36 0
37 0
last timestep 37
node 1084 iteration 9
0 0
1 2
2 3
3 4
4 0
5 0
last timestep 5
