node 711 iteration 0
0 0
1 8
2 10
3 19
4 22
5 43
6 57
7 67
8 88
9 94
10 103
11 79
12 60
13 36
14 27
15 19
16 17
17 16
18 9
19 6
20 10
21 5
22 8
23 9
24 5
25 6
26 2
27 1
28 1
29 0
30 0
last timestep 30
node 711 iteration 1
0 0
1 5
2 14
3 20
4 27
5 36
6 54
7 61
8 74
9 71
10 64
11 59
12 63
13 54
14 39
15 25
16 26
17 11
18 5
19 4
20 4
21 0
22 0
last timestep 22
node 711 iteration 2
0 0
1 3
2 6
3 11
4 9
5 17
6 31
7 44
8 50
9 80
10 106
11 89
12 89
13 83
14 76
15 63
16 38
17 26
18 14
19 10
20 5
21 6
22 3
23 1
24 1
25 1
26 0
27 1
28 0
last timestep 28
node 711 iteration 3
0 0
1 2
2 2
3 0
4 0
last timestep 4
node 711 iteration 4
0 0
1 5
2 3
3 5
4 9
5 13
6 20
7 28
8 46
9 73
10 87
11 77
12 67
13 65
14 57
15 43
16 27
17 15
18 9
19 7
20 9
21 3
22 1
23 0
24 0
last timestep 24
node 711 iteration 5
0 0
1 4
2 3
3 15
4 26
5 41
6 42
7 32
8 41
9 36
10 34
11 50
12 56
13 54
14 57
15 52
16 51
17 39
18 35
19 37
20 18
21 10
22 2
23 4
24 2
25 1
26 1
27 0
28 0
last timestep 28
node 711 iteration 6
0 0
1 3
2 8
3 22
4 21
5 36
6 60
7 65
8 97
9 71
10 86
11 85
12 78
13 65
14 31
15 33
16 21
17 6
18 3
19 2
20 3
21 2
22 3
23 5
24 3
25 4
26 1
27 0
28 0
last timestep 28
node 711 iteration 7
0 0
1 6
2 5
3 14
4 23
5 21
6 43
7 54
8 55
9 70
10 80
11 77
12 69
13 64
14 54
15 27
16 28
17 21
18 16
19 13
20 7
21 5
22 2
23 2
24 0
25 0
last timestep 25
node 711 iteration 8
0 0
1 10
2 10
3 7
4 10
5 12
6 19
7 34
8 43
9 44
10 62
11 62
12 60
13 67
14 71
15 41
16 39
17 38
18 30
19 27
20 32
21 28
22 27
23 11
24 9
25 5
26 3
27 2
28 1
29 0
30 0
last timestep 30
node 711 iteration 9
0 0
1 3
2 3
3 2
4 4
5 1
6 1
7 2
8 5
9 9
10 12
11 25
12 29
13 22
14 24
15 27
16 21
17 21
18 37
19 29
20 29
21 37
22 38
23 38
24 23
25 27
26 27
27 19
28 20
29 14
30 19
31 28
32 30
33 24
34 15
35 17
36 12
37 9
38 4
39 3
40 3
41 1
42 0
43 0
last timestep 43
