node 730 iteration 0
0 0
1 1
2 1
3 0
4 0
last timestep 4
node 730 iteration 1
0 0
1 0
2 0
last timestep 2
node 730 iteration 2
0 0
1 0
2 2
3 2
4 1
5 3
6 4
7 2
8 2
9 2
10 2
11 2
12 6
13 13
14 17
15 22
16 31
17 37
18 48
19 54
20 73
21 75
22 60
23 54
24 49
25 29
26 24
27 26
28 26
29 22
30 8
31 7
32 3
33 4
34 2
35 6
36 1
37 2
38 3
39 1
40 1
41 2
42 3
43 1
44 0
last timestep 44
node 730 iteration 3
0 0
1 0
2 0
last timestep 2
node 730 iteration 4
0 0
1 1
2 3
3 3
4 8
5 10
6 25
7 23
8 21
9 28
10 53
11 72
12 89
13 99
14 111
15 90
16 79
17 57
18 42
19 24
20 16
21 9
22 2
23 0
24 1
25 0
last timestep 25
node 730 iteration 5
0 0
1 2
2 2
3 4
4 4
5 6
6 8
7 8
8 11
9 16
10 14
11 17
12 42
13 52
14 66
15 67
16 74
17 60
18 66
19 57
20 61
21 34
22 25
23 12
24 14
25 6
26 1
27 0
28 0
last timestep 28
node 730 iteration 6
0 0
1 2
2 2
3 2
4 1
5 1
6 2
7 3
8 7
9 4
10 2
11 1
12 0
13 2
14 1
15 3
16 6
17 10
18 8
19 16
20 27
21 42
22 57
23 85
24 71
25 82
26 71
27 52
28 40
29 35
30 38
31 37
32 12
33 21
34 17
35 10
36 3
37 2
38 2
39 2
40 2
41 0
last timestep 41
node 730 iteration 7
0 0
1 2
2 7
3 9
4 22
5 27
6 39
7 58
8 90
9 95
10 72
11 60
12 59
13 52
14 46
15 47
16 22
17 23
18 31
19 19
20 11
21 10
22 3
23 3
24 3
25 2
26 0
27 0
last timestep 27
node 730 iteration 8
0 0
1 1
2 0
3 0
last timestep 3
node 730 iteration 9
0 0
1 3
2 0
3 0
last timestep 3
