node 1795 iteration 0
0 0
1 3
2 1
3 0
4 0
last timestep 4
node 1795 iteration 1
0 0
1 3
2 2
3 3
4 6
5 10
6 17
7 40
8 43
9 58
10 62
11 75
12 87
13 99
14 82
15 63
16 50
17 29
18 28
19 20
20 11
21 6
22 6
23 8
24 2
25 1
26 0
27 0
last timestep 27
node 1795 iteration 2
0 0
1 2
2 3
3 5
4 3
5 4
6 6
7 11
8 17
9 25
10 38
11 82
12 119
13 98
14 99
15 97
16 77
17 59
18 37
19 27
20 18
21 11
22 8
23 13
24 5
25 2
26 0
27 0
last timestep 27
node 1795 iteration 3
0 0
1 1
2 3
3 6
4 11
5 14
6 9
7 11
8 14
9 29
10 27
11 24
12 27
13 44
14 49
15 72
16 91
17 92
18 48
19 42
20 40
21 28
22 17
23 15
24 6
25 9
26 6
27 3
28 5
29 1
30 1
31 0
32 0
last timestep 32
node 1795 iteration 4
0 0
1 3
2 3
3 3
4 3
5 0
6 0
last timestep 6
node 1795 iteration 5
0 0
1 2
2 1
3 1
4 0
5 0
last timestep 5
node 1795 iteration 6
0 0
1 1
2 0
3 0
last timestep 3
node 1795 iteration 7
0 0
1 1
2 7
3 12
4 17
5 21
6 21
7 39
8 44
9 53
10 65
11 72
12 78
13 88
14 57
15 45
16 24
17 34
18 37
19 18
20 14
21 9
22 4
23 2
24 2
25 1
26 1
27 2
28 0
29 1
30 1
31 2
32 2
33 0
last timestep 33
node 1795 iteration 8
0 0
1 1
2 0
3 0
last timestep 3
node 1795 iteration 9
0 0
1 2
2 0
3 3
4 7
5 17
6 43
7 58
8 65
9 72
10 77
11 75
12 72
13 63
14 51
15 46
16 34
17 21
18 15
19 18
20 7
21 4
22 2
23 1
24 0
last timestep 24
