node 1804 iteration 0
0 0
1 6
2 3
3 7
4 4
5 23
6 33
7 40
8 55
9 56
10 82
11 68
12 50
13 53
14 43
15 47
16 44
17 37
18 27
19 13
20 13
21 16
22 8
23 9
24 5
25 10
26 5
27 5
28 4
29 5
30 1
31 0
32 0
last timestep 32
node 1804 iteration 1
0 0
1 2
2 2
3 1
4 0
5 0
last timestep 5
node 1804 iteration 2
0 0
1 2
2 3
3 6
4 4
5 16
6 33
7 58
8 73
9 70
10 68
11 65
12 56
13 65
14 49
15 29
16 24
17 23
18 15
19 9
20 7
21 7
22 8
23 3
24 4
25 6
26 4
27 2
28 2
29 3
30 1
31 1
32 1
33 0
34 0
last timestep 34
node 1804 iteration 3
0 0
1 1
2 1
3 0
4 0
last timestep 4
node 1804 iteration 4
0 0
1 5
2 6
3 5
4 11
5 14
6 22
7 33
8 42
9 44
10 66
11 66
12 84
13 76
14 69
15 52
16 41
17 43
18 12
19 7
20 9
21 4
22 4
23 1
24 1
25 1
26 0
27 0
last timestep 27
node 1804 iteration 5
0 0
1 3
2 2
3 0
4 0
last timestep 4
node 1804 iteration 6
0 0
1 3
2 8
3 4
4 10
5 21
6 20
7 35
8 58
9 103
10 124
11 136
12 98
13 66
14 51
15 40
16 46
17 32
18 19
19 15
20 11
21 4
22 3
23 3
24 0
25 0
last timestep 25
node 1804 iteration 7
0 0
1 2
2 0
3 0
last timestep 3
node 1804 iteration 8
0 0
1 3
2 7
3 16
4 26
5 39
6 75
7 79
8 83
9 88
10 107
11 81
12 57
13 42
14 35
15 28
16 20
17 14
18 6
19 2
20 0
21 0
last timestep 21
node 1804 iteration 9
0 0
1 3
2 20
3 18
4 29
5 50
6 79
7 72
8 100
9 105
10 99
11 73
12 51
13 42
14 19
15 10
16 10
17 1
18 1
19 0
20 0
last timestep 20
