node 1107 iteration 0
0 0
1 7
2 9
3 4
4 8
5 12
6 17
7 20
8 31
9 35
10 47
11 41
12 42
13 54
14 42
15 42
16 34
17 33
18 33
19 38
20 32
21 20
22 17
23 13
24 9
25 5
26 0
27 1
28 0
last timestep 28
node 1107 iteration 1
0 0
1 7
2 2
3 7
4 8
5 10
6 13
7 26
8 40
9 46
10 57
11 77
12 57
13 44
14 34
15 28
16 23
17 33
18 19
19 12
20 16
21 10
22 10
23 11
24 14
25 18
26 11
27 5
28 4
29 0
30 0
last timestep 30
node 1107 iteration 2
0 0
1 5
2 9
3 3
4 4
5 7
6 5
7 4
8 3
9 9
10 5
11 5
12 15
13 15
14 16
15 27
16 35
17 47
18 58
19 52
20 50
21 48
22 53
23 54
24 58
25 57
26 33
27 18
28 18
29 10
30 6
31 9
32 0
33 0
last timestep 33
node 1107 iteration 3
0 0
1 8
2 4
3 3
4 3
5 5
6 16
7 20
8 33
9 42
10 44
11 52
12 72
13 78
14 104
15 69
16 82
17 75
18 43
19 17
20 12
21 9
22 7
23 5
24 3
25 2
26 0
27 0
last timestep 27
node 1107 iteration 4
0 0
1 8
2 5
3 11
4 20
5 43
6 48
7 78
8 90
9 119
10 111
11 92
12 72
13 56
14 39
15 31
16 23
17 18
18 3
19 2
20 5
21 2
22 5
23 3
24 2
25 1
26 0
27 0
last timestep 27
node 1107 iteration 5
0 0
1 6
2 6
3 9
4 9
5 23
6 31
7 37
8 65
9 74
10 89
11 92
12 71
13 75
14 58
15 45
16 33
17 25
18 21
19 18
20 10
21 11
22 5
23 4
24 3
25 3
26 3
27 0
28 0
last timestep 28
node 1107 iteration 6
0 0
1 3
2 18
3 30
4 43
5 71
6 75
7 115
8 109
9 93
10 91
11 64
12 35
13 22
14 16
15 9
16 6
17 1
18 4
19 0
20 0
last timestep 20
node 1107 iteration 7
0 0
1 4
2 9
3 11
4 18
5 22
6 38
7 49
8 74
9 93
10 114
11 111
12 94
13 67
14 54
15 25
16 16
17 10
18 4
19 3
20 4
21 4
22 1
23 0
24 0
last timestep 24
node 1107 iteration 8
0 0
1 9
2 4
3 11
4 14
5 32
6 45
7 62
8 90
9 103
10 123
11 117
12 83
13 58
14 39
15 24
16 21
17 16
18 4
19 6
20 2
21 2
22 2
23 2
24 3
25 1
26 4
27 0
28 0
last timestep 28
node 1107 iteration 9
0 0
1 7
2 18
3 28
4 34
5 43
6 53
7 77
8 91
9 99
10 100
11 71
12 69
13 43
14 37
15 23
16 16
17 14
18 13
19 9
20 3
21 2
22 2
23 0
24 0
last timestep 24
