node 284 iteration 0
0 0
1 3
2 4
3 4
4 5
5 5
6 17
7 26
8 37
9 56
10 58
11 67
12 66
13 88
14 69
15 36
16 34
17 23
18 13
19 16
20 19
21 17
22 20
23 12
24 8
25 3
26 0
27 0
last timestep 27
node 284 iteration 1
0 0
1 2
2 5
3 5
4 9
5 9
6 20
7 23
8 30
9 32
10 53
11 65
12 91
13 86
14 81
15 81
16 88
17 78
18 38
19 38
20 27
21 16
22 8
23 4
24 3
25 1
26 0
27 0
last timestep 27
node 284 iteration 2
0 0
1 3
2 1
3 2
4 2
5 1
6 0
7 1
8 1
9 3
10 4
11 1
12 6
13 7
14 5
15 15
16 33
17 33
18 42
19 45
20 45
21 56
22 67
23 58
24 62
25 46
26 47
27 48
28 34
29 9
30 13
31 18
32 10
33 6
34 6
35 9
36 10
37 2
38 1
39 1
40 1
41 1
42 1
43 3
44 4
45 3
46 0
last timestep 46
node 284 iteration 3
0 0
1 2
2 1
3 1
4 1
5 4
6 3
7 3
8 4
9 17
10 29
11 41
12 39
13 59
14 57
15 53
16 60
17 57
18 61
19 68
20 59
21 44
22 21
23 11
24 5
25 6
26 5
27 1
28 2
29 0
30 0
last timestep 30
node 284 iteration 4
0 0
1 1
2 0
3 0
last timestep 3
node 284 iteration 5
0 0
1 2
2 0
3 0
last timestep 3
node 284 iteration 6
0 0
1 2
2 7
3 9
4 12
5 24
6 40
7 55
8 86
9 104
10 118
11 105
12 85
13 60
14 48
15 29
16 21
17 8
18 5
19 2
20 4
21 1
22 0
23 0
last timestep 23
node 284 iteration 7
0 0
1 4
2 3
3 1
4 0
5 0
last timestep 5
node 284 iteration 8
0 0
1 3
2 4
3 2
4 1
5 0
6 0
last timestep 6
node 284 iteration 9
0 0
1 1
2 0
3 0
last timestep 3
