node 2197 iteration 0
0 0
1 1
2 0
3 0
last timestep 3
node 2197 iteration 1
0 0
1 1
2 5
3 8
4 10
5 15
6 10
7 14
8 29
9 34
10 42
11 58
12 74
13 104
14 88
15 87
16 66
17 52
18 50
19 35
20 25
21 20
22 14
23 8
24 8
25 1
26 4
27 1
28 1
29 0
30 0
last timestep 30
node 2197 iteration 2
0 0
1 3
2 8
3 16
4 35
5 40
6 43
7 78
8 75
9 72
10 67
11 58
12 28
13 40
14 25
15 32
16 15
17 9
18 9
19 10
20 9
21 8
22 7
23 10
24 10
25 11
26 4
27 4
28 2
29 0
30 0
last timestep 30
node 2197 iteration 3
0 0
1 3
2 2
3 3
4 11
5 21
6 26
7 45
8 71
9 112
10 87
11 108
12 90
13 84
14 62
15 41
16 27
17 23
18 17
19 7
20 3
21 1
22 1
23 0
24 0
last timestep 24
node 2197 iteration 4
0 0
1 2
2 2
3 2
4 12
5 16
6 25
7 32
8 39
9 66
10 65
11 77
12 101
13 105
14 81
15 68
16 50
17 40
18 21
19 27
20 20
21 9
22 4
23 2
24 4
25 2
26 3
27 1
28 1
29 0
30 0
last timestep 30
node 2197 iteration 5
0 0
1 2
2 2
3 4
4 12
5 20
6 18
7 21
8 43
9 58
10 57
11 49
12 55
13 75
14 59
15 50
16 35
17 23
18 23
19 22
20 27
21 22
22 18
23 8
24 8
25 2
26 2
27 4
28 3
29 1
30 1
31 1
32 0
33 0
last timestep 33
node 2197 iteration 6
0 0
1 1
2 2
3 1
4 5
5 6
6 3
7 4
8 8
9 11
10 10
11 25
12 19
13 14
14 29
15 37
16 75
17 61
18 51
19 50
20 43
21 44
22 39
23 29
24 22
25 15
26 20
27 20
28 14
29 6
30 3
31 1
32 0
33 0
last timestep 33
node 2197 iteration 7
0 0
1 3
2 4
3 4
4 11
5 3
6 6
7 3
8 6
9 12
10 7
11 26
12 35
13 57
14 71
15 94
16 114
17 105
18 99
19 80
20 39
21 26
22 30
23 12
24 7
25 2
26 1
27 1
28 0
29 0
last timestep 29
node 2197 iteration 8
0 0
1 2
2 0
3 1
4 2
5 3
6 2
7 15
8 29
9 39
10 46
11 69
12 64
13 66
14 83
15 76
16 77
17 79
18 59
19 48
20 36
21 22
22 13
23 5
24 3
25 3
26 4
27 4
28 5
29 0
last timestep 29
node 2197 iteration 9
0 0
1 2
2 3
3 5
4 14
5 7
6 16
7 4
8 10
9 6
10 6
11 5
12 5
13 9
14 6
15 7
16 16
17 15
18 25
19 29
20 18
21 18
22 11
23 26
24 37
25 27
26 37
27 38
28 45
29 45
30 32
31 24
32 19
33 24
34 9
35 5
36 5
37 6
38 3
39 3
40 5
41 3
42 3
43 1
44 0
45 0
last timestep 45
