node 2248 iteration 0
0 0
1 6
2 6
3 3
4 4
5 1
6 0
7 0
last timestep 7
node 2248 iteration 1
0 0
1 1
2 2
3 6
4 8
5 26
6 41
7 55
8 74
9 76
10 65
11 56
12 54
13 70
14 57
15 48
16 35
17 31
18 20
19 13
20 12
21 5
22 1
23 1
24 1
25 2
26 1
27 1
28 0
29 0
last timestep 29
node 2248 iteration 2
0 0
1 3
2 4
3 6
4 14
5 26
6 29
7 45
8 37
9 43
10 44
11 38
12 36
13 28
14 33
15 30
16 36
17 48
18 45
19 37
20 27
21 28
22 16
23 12
24 13
25 12
26 8
27 4
28 3
29 10
30 3
31 1
32 0
33 0
last timestep 33
node 2248 iteration 3
0 0
1 2
2 5
3 6
4 14
5 31
6 37
7 42
8 57
9 76
10 89
11 106
12 108
13 90
14 57
15 45
16 22
17 13
18 11
19 6
20 3
21 4
22 1
23 1
24 2
25 2
26 0
27 2
28 4
29 3
30 1
31 0
last timestep 31
node 2248 iteration 4
0 0
1 4
2 4
3 6
4 14
5 15
6 33
7 65
8 94
9 108
10 113
11 95
12 85
13 71
14 51
15 41
16 26
17 22
18 18
19 6
20 2
21 1
22 2
23 1
24 0
25 0
last timestep 25
node 2248 iteration 5
0 0
1 7
2 10
3 8
4 13
5 16
6 22
7 39
8 44
9 47
10 76
11 63
12 93
13 73
14 68
15 59
16 51
17 43
18 19
19 10
20 6
21 5
22 0
23 0
last timestep 23
node 2248 iteration 6
0 0
1 6
2 13
3 16
4 28
5 41
6 59
7 68
8 48
9 58
10 67
11 75
12 73
13 63
14 55
15 34
16 20
17 16
18 6
19 4
20 3
21 3
22 2
23 1
24 1
25 0
26 0
last timestep 26
node 2248 iteration 7
0 0
1 4
2 8
3 5
4 14
5 14
6 20
7 33
8 34
9 39
10 40
11 71
12 59
13 65
14 62
15 49
16 58
17 44
18 38
19 31
20 19
21 24
22 8
23 2
24 1
25 2
26 1
27 0
28 0
last timestep 28
node 2248 iteration 8
0 0
1 3
2 1
3 6
4 4
5 2
6 3
7 7
8 13
9 20
10 34
11 64
12 71
13 96
14 102
15 99
16 99
17 75
18 55
19 32
20 19
21 8
22 7
23 4
24 2
25 3
26 2
27 4
28 0
29 1
30 0
last timestep 30
node 2248 iteration 9
0 0
1 1
2 2
3 11
4 15
5 16
6 18
7 32
8 66
9 94
10 118
11 104
12 101
13 72
14 77
15 43
16 21
17 13
18 11
19 6
20 2
21 0
22 1
23 0
last timestep 23
