node 1056 iteration 0
0 0
1 3
2 2
3 4
4 9
5 7
6 9
7 14
8 19
9 33
10 51
11 55
12 59
13 76
14 73
15 73
16 83
17 68
18 36
19 34
20 28
21 24
22 13
23 11
24 6
25 8
26 5
27 1
28 0
29 0
last timestep 29
node 1056 iteration 1
0 0
1 1
2 1
3 2
4 3
5 3
6 11
7 14
8 33
9 43
10 74
11 89
12 111
13 84
14 75
15 53
16 53
17 42
18 21
19 24
20 19
21 20
22 14
23 4
24 3
25 2
26 2
27 2
28 2
29 4
30 1
31 0
32 0
last timestep 32
node 1056 iteration 2
0 0
1 4
2 8
3 4
4 10
5 9
6 17
7 20
8 25
9 36
10 33
11 34
12 46
13 55
14 55
15 63
16 68
17 54
18 50
19 42
20 48
21 28
22 14
23 10
24 5
25 2
26 0
27 0
last timestep 27
node 1056 iteration 3
0 0
1 3
2 2
3 3
4 6
5 8
6 16
7 20
8 51
9 46
10 62
11 72
12 74
13 77
14 68
15 73
16 51
17 47
18 39
19 36
20 19
21 21
22 16
23 14
24 8
25 9
26 7
27 4
28 6
29 3
30 2
31 0
32 0
last timestep 32
node 1056 iteration 4
0 0
1 4
2 4
3 10
4 22
5 22
6 57
7 62
8 86
9 96
10 85
11 94
12 81
13 69
14 59
15 52
16 24
17 10
18 12
19 6
20 1
21 0
22 0
last timestep 22
node 1056 iteration 5
0 0
1 3
2 2
3 8
4 16
5 23
6 43
7 57
8 76
9 71
10 65
11 58
12 47
13 43
14 38
15 39
16 47
17 43
18 46
19 49
20 31
21 25
22 16
23 10
24 12
25 9
26 6
27 5
28 4
29 3
30 1
31 1
32 2
33 0
34 1
35 0
last timestep 35
node 1056 iteration 6
0 0
1 0
2 0
last timestep 2
node 1056 iteration 7
0 0
1 1
2 3
3 2
4 3
5 4
6 9
7 14
8 39
9 57
10 79
11 73
12 74
13 77
14 57
15 54
16 51
17 46
18 35
19 30
20 18
21 10
22 10
23 5
24 3
25 9
26 4
27 3
28 5
29 10
30 3
31 2
32 2
33 1
34 1
35 0
36 0
last timestep 36
node 1056 iteration 8
0 0
1 1
2 3
3 15
4 13
5 31
6 52
7 106
8 90
9 102
10 65
11 66
12 68
13 53
14 43
15 29
16 21
17 13
18 9
19 9
20 4
21 4
22 1
23 0
24 0
last timestep 24
node 1056 iteration 9
0 0
1 2
2 0
3 0
last timestep 3
