node 759 iteration 0
0 0
1 4
2 17
3 18
4 30
5 35
6 68
7 59
8 64
9 67
10 73
11 101
12 82
13 52
14 28
15 21
16 12
17 11
18 10
19 6
20 6
21 4
22 2
23 2
24 1
25 0
26 0
last timestep 26
node 759 iteration 1
0 0
1 0
2 0
last timestep 2
node 759 iteration 2
0 0
1 0
2 0
last timestep 2
node 759 iteration 3
0 0
1 4
2 7
3 9
4 18
5 33
6 57
7 76
8 96
9 95
10 74
11 46
12 33
13 31
14 23
15 13
16 14
17 18
18 15
19 10
20 11
21 7
22 5
23 5
24 0
25 0
last timestep 25
node 759 iteration 4
0 0
1 1
2 0
3 3
4 11
5 16
6 20
7 21
8 21
9 37
10 54
11 63
12 110
13 92
14 78
15 65
16 53
17 56
18 36
19 39
20 18
21 20
22 12
23 5
24 6
25 7
26 2
27 2
28 2
29 2
30 0
last timestep 30
node 759 iteration 5
0 0
1 3
2 2
3 3
4 5
5 6
6 14
7 16
8 23
9 30
10 39
11 61
12 52
13 69
14 73
15 57
16 47
17 40
18 43
19 29
20 23
21 13
22 15
23 4
24 5
25 7
26 6
27 8
28 6
29 1
30 0
31 0
last timestep 31
node 759 iteration 6
0 0
1 0
2 0
last timestep 2
node 759 iteration 7
0 0
1 0
2 2
3 0
last timestep 3
node 759 iteration 8
0 0
1 0
2 2
3 0
last timestep 3
node 759 iteration 9
0 0
1 1
2 1
3 1
4 3
5 3
6 5
7 4
8 4
9 2
10 8
11 15
12 8
13 22
14 44
15 62
16 67
17 76
18 91
19 80
20 64
21 61
22 30
23 21
24 11
25 13
26 10
27 5
28 5
29 3
30 4
31 1
32 1
33 0
34 0
last timestep 34
