node 613 iteration 0
0 0
1 1
2 2
3 2
4 3
5 15
6 29
7 37
8 47
9 59
10 64
11 76
12 89
13 108
14 100
15 79
16 41
17 32
18 17
19 7
20 7
21 0
22 2
23 0
last timestep 23
node 613 iteration 1
0 0
1 4
2 3
3 4
4 4
5 8
6 14
7 10
8 18
9 9
10 8
11 8
12 28
13 28
14 31
15 32
16 59
17 75
18 70
19 67
20 56
21 54
22 39
23 25
24 28
25 19
26 21
27 12
28 3
29 5
30 4
31 7
32 5
33 10
34 8
35 1
36 0
37 0
last timestep 37
node 613 iteration 2
0 0
1 5
2 6
3 13
4 22
5 45
6 56
7 75
8 88
9 112
10 113
11 83
12 73
13 54
14 30
15 13
16 9
17 4
18 3
19 0
20 0
last timestep 20
node 613 iteration 3
0 0
1 5
2 6
3 4
4 2
5 0
6 0
last timestep 6
node 613 iteration 4
0 0
1 2
2 7
3 8
4 9
5 11
6 16
7 25
8 29
9 41
10 59
11 50
12 64
13 71
14 82
15 87
16 77
17 75
18 59
19 33
20 24
21 18
22 12
23 9
24 4
25 3
26 1
27 1
28 0
29 1
30 1
31 2
32 2
33 0
last timestep 33
node 613 iteration 5
0 0
1 2
2 2
3 1
4 1
5 3
6 3
7 8
8 7
9 8
10 6
11 9
12 10
13 4
14 3
15 3
16 3
17 3
18 6
19 3
20 5
21 8
22 29
23 29
24 45
25 48
26 47
27 49
28 45
29 40
30 42
31 36
32 37
33 32
34 18
35 10
36 15
37 8
38 3
39 6
40 4
41 0
42 4
43 6
44 4
45 3
46 3
47 1
48 0
last timestep 48
node 613 iteration 6
0 0
1 2
2 1
3 0
4 0
last timestep 4
node 613 iteration 7
0 0
1 1
2 3
3 4
4 5
5 11
6 22
7 35
8 59
9 51
10 77
11 77
12 85
13 99
14 83
15 67
16 56
17 43
18 32
19 20
20 11
21 10
22 3
23 3
24 1
25 1
26 0
27 0
last timestep 27
node 613 iteration 8
0 0
1 3
2 8
3 16
4 14
5 13
6 17
7 20
8 34
9 42
10 68
11 82
12 81
13 117
14 76
15 54
16 51
17 25
18 11
19 6
20 1
21 2
22 0
23 0
last timestep 23
node 613 iteration 9
0 0
1 4
2 3
3 7
4 5
5 18
6 16
7 21
8 36
9 37
10 46
11 53
12 65
13 83
14 75
15 64
16 87
17 50
18 40
19 27
20 19
21 15
22 15
23 5
24 3
25 0
26 0
last timestep 26
