node 300 iteration 0
0 0
1 1
2 2
3 0
4 0
last timestep 4
node 300 iteration 1
0 0
1 3
2 2
3 5
4 7
5 5
6 14
7 4
8 9
9 12
10 23
11 29
12 41
13 40
14 45
15 65
16 100
17 74
18 66
19 56
20 54
21 42
22 28
23 10
24 8
25 6
26 5
27 9
28 7
29 2
30 0
31 0
last timestep 31
node 300 iteration 2
0 0
1 3
2 7
3 8
4 15
5 17
6 31
7 27
8 38
9 47
10 58
11 65
12 74
13 75
14 90
15 73
16 61
17 38
18 26
19 18
20 20
21 7
22 6
23 4
24 7
25 7
26 1
27 1
28 0
29 0
last timestep 29
node 300 iteration 3
0 0
1 3
2 0
3 0
last timestep 3
node 300 iteration 4
0 0
1 3
2 8
3 3
4 1
5 7
6 5
7 1
8 3
9 2
10 4
11 8
12 5
13 9
14 16
15 28
16 23
17 26
18 47
19 38
20 49
21 65
22 62
23 46
24 60
25 56
26 40
27 42
28 33
29 29
30 22
31 19
32 16
33 12
34 7
35 3
36 0
37 0
last timestep 37
node 300 iteration 5
0 0
1 2
2 2
3 2
4 6
5 6
6 18
7 36
8 61
9 79
10 67
11 110
12 112
13 105
14 65
15 58
16 32
17 21
18 10
19 6
20 8
21 6
22 6
23 3
24 3
25 1
26 1
27 0
28 0
last timestep 28
node 300 iteration 6
0 0
1 0
2 0
last timestep 2
node 300 iteration 7
0 0
1 0
2 0
last timestep 2
node 300 iteration 8
0 0
1 3
2 4
3 5
4 13
5 22
6 31
7 29
8 46
9 49
10 67
11 84
12 81
13 62
14 54
15 38
16 40
17 25
18 17
19 17
20 17
21 11
22 6
23 0
24 0
last timestep 24
node 300 iteration 9
0 0
1 2
2 1
3 0
4 0
last timestep 4
