node 318 iteration 0
0 0
1 2
2 6
3 5
4 2
5 3
6 10
7 12
8 10
9 8
10 14
11 23
12 17
13 37
14 42
15 47
16 66
17 65
18 74
19 59
20 39
21 25
22 19
23 18
24 18
25 8
26 10
27 3
28 3
29 1
30 4
31 1
32 2
33 1
34 0
35 1
36 1
37 1
38 0
last timestep 38
node 318 iteration 1
0 0
1 1
2 0
3 0
last timestep 3
node 318 iteration 2
0 0
1 1
2 0
3 0
last timestep 3
node 318 iteration 3
0 0
1 0
2 3
3 2
4 2
5 0
last timestep 5
node 318 iteration 4
0 0
1 1
2 9
3 10
4 17
5 28
6 38
7 33
8 57
9 71
10 64
11 84
12 63
13 42
14 46
15 37
16 28
17 16
18 12
19 8
20 2
21 1
22 0
23 0
last timestep 23
node 318 iteration 5
0 0
1 3
2 4
3 9
4 8
5 9
6 15
7 32
8 35
9 43
10 62
11 79
12 75
13 79
14 68
15 58
16 53
17 39
18 27
19 24
20 8
21 3
22 7
23 3
24 2
25 1
26 0
27 0
last timestep 27
node 318 iteration 6
0 0
1 4
2 4
3 1
4 6
5 11
6 15
7 38
8 48
9 66
10 89
11 89
12 91
13 91
14 91
15 63
16 57
17 32
18 22
19 11
20 2
21 2
22 1
23 3
24 7
25 2
26 1
27 0
28 0
last timestep 28
node 318 iteration 7
0 0
1 5
2 3
3 6
4 9
5 17
6 18
7 21
8 26
9 26
10 40
11 44
12 46
13 58
14 62
15 58
16 77
17 72
18 57
19 48
20 44
21 41
22 22
23 14
24 11
25 7
26 4
27 5
28 4
29 5
30 2
31 2
32 2
33 1
34 0
35 0
last timestep 35
node 318 iteration 8
0 0
1 2
2 7
3 12
4 20
5 22
6 40
7 51
8 70
9 90
10 106
11 102
12 64
13 64
14 47
15 37
16 32
17 20
18 7
19 3
20 2
21 0
22 0
last timestep 22
node 318 iteration 9
0 0
1 1
2 0
3 1
4 0
last timestep 4
