node 1616 iteration 0
0 0
1 4
2 9
3 11
4 11
5 22
6 24
7 40
8 52
9 46
10 66
11 79
12 80
13 73
14 56
15 50
16 42
17 31
18 20
19 12
20 10
21 4
22 1
23 0
24 0
last timestep 24
node 1616 iteration 1
0 0
1 1
2 4
3 6
4 9
5 5
6 5
7 8
8 11
9 23
10 50
11 60
12 80
13 86
14 88
15 82
16 61
17 55
18 48
19 32
20 14
21 9
22 2
23 5
24 1
25 0
26 0
last timestep 26
node 1616 iteration 2
0 0
1 2
2 2
3 0
4 0
last timestep 4
node 1616 iteration 3
0 0
1 1
2 15
3 7
4 9
5 9
6 5
7 4
8 5
9 3
10 6
11 7
12 15
13 28
14 47
15 50
16 78
17 109
18 68
19 66
20 66
21 65
22 52
23 40
24 23
25 25
26 6
27 12
28 11
29 7
30 3
31 0
32 0
last timestep 32
node 1616 iteration 4
0 0
1 0
2 0
last timestep 2
node 1616 iteration 5
0 0
1 3
2 2
3 16
4 17
5 20
6 33
7 48
8 55
9 57
10 64
11 69
12 73
13 52
14 44
15 40
16 38
17 23
18 22
19 13
20 6
21 3
22 0
23 0
last timestep 23
node 1616 iteration 6
0 0
1 0
2 0
last timestep 2
node 1616 iteration 7
0 0
1 2
2 5
3 3
4 2
5 2
6 6
7 7
8 14
9 23
10 47
11 41
12 38
13 39
14 48
15 45
16 55
17 57
18 50
19 56
20 37
21 39
22 28
23 29
24 18
25 10
26 11
27 8
28 9
29 15
30 4
31 2
32 3
33 2
34 0
35 1
36 0
last timestep 36
node 1616 iteration 8
0 0
1 2
2 5
3 8
4 19
5 31
6 41
7 41
8 48
9 66
10 93
11 55
12 67
13 61
14 68
15 56
16 42
17 29
18 28
19 20
20 5
21 3
22 1
23 1
24 0
25 0
last timestep 25
node 1616 iteration 9
0 0
1 0
2 3
3 0
last timestep 3
