node 676 iteration 0
0 0
1 2
2 14
3 25
4 44
5 60
6 71
7 78
8 68
9 93
10 91
11 104
12 60
13 39
14 28
15 19
16 9
17 7
18 3
19 0
20 0
last timestep 20
node 676 iteration 1
0 0
1 2
2 0
3 1
4 0
last timestep 4
node 676 iteration 2
0 0
1 0
2 0
last timestep 2
node 676 iteration 3
0 0
1 1
2 0
3 0
last timestep 3
node 676 iteration 4
0 0
1 2
2 9
3 9
4 32
5 30
6 55
7 76
8 102
9 129
10 133
11 117
12 84
13 59
14 50
15 35
16 18
17 11
18 3
19 1
20 1
21 1
22 0
23 0
last timestep 23
node 676 iteration 5
0 0
1 1
2 4
3 15
4 23
5 23
6 56
7 68
8 110
9 111
10 94
11 90
12 82
13 60
14 43
15 32
16 24
17 14
18 8
19 6
20 2
21 2
22 2
23 0
24 1
25 0
last timestep 25
node 676 iteration 6
0 0
1 4
2 4
3 11
4 13
5 31
6 39
7 66
8 55
9 74
10 79
11 88
12 90
13 67
14 56
15 49
16 31
17 16
18 6
19 11
20 9
21 6
22 3
23 2
24 1
25 0
26 0
last timestep 26
node 676 iteration 7
0 0
1 2
2 0
3 0
last timestep 3
node 676 iteration 8
0 0
1 3
2 7
3 9
4 18
5 27
6 41
7 50
8 81
9 95
10 85
11 75
12 71
13 55
14 51
15 36
16 29
17 18
18 10
19 11
20 6
21 2
22 3
23 1
24 0
25 0
last timestep 25
node 676 iteration 9
0 0
1 3
2 5
3 13
4 20
5 26
6 45
7 48
8 74
9 74
10 89
11 100
12 95
13 53
14 41
15 25
16 14
17 13
18 17
19 20
20 8
21 7
22 3
23 3
24 5
25 1
26 0
27 0
last timestep 27
