node 770 iteration 0
0 0
1 3
2 2
3 1
4 0
5 0
last timestep 5
node 770 iteration 1
0 0
1 1
2 4
3 3
4 9
5 28
6 19
7 34
8 65
9 80
10 84
11 93
12 68
13 75
14 53
15 32
16 27
17 30
18 25
19 8
20 0
21 1
22 1
23 0
last timestep 23
node 770 iteration 2
0 0
1 5
2 4
3 7
4 8
5 5
6 10
7 11
8 19
9 29
10 26
11 50
12 59
13 87
14 73
15 89
16 65
17 58
18 48
19 36
20 36
21 30
22 17
23 9
24 14
25 3
26 6
27 0
28 0
last timestep 28
node 770 iteration 3
0 0
1 2
2 1
3 6
4 8
5 11
6 10
7 24
8 26
9 26
10 34
11 40
12 42
13 50
14 68
15 61
16 46
17 36
18 43
19 31
20 29
21 19
22 13
23 3
24 2
25 2
26 3
27 2
28 0
29 0
last timestep 29
node 770 iteration 4
0 0
1 2
2 7
3 10
4 8
5 8
6 12
7 17
8 14
9 22
10 28
11 20
12 43
13 67
14 66
15 48
16 49
17 53
18 63
19 42
20 37
21 26
22 17
23 22
24 18
25 16
26 7
27 4
28 5
29 6
30 2
31 0
32 2
33 4
34 2
35 1
36 2
37 2
38 1
39 0
last timestep 39
node 770 iteration 5
0 0
1 4
2 8
3 12
4 20
5 29
6 28
7 46
8 53
9 87
10 104
11 61
12 67
13 43
14 30
15 30
16 27
17 17
18 9
19 2
20 3
21 3
22 1
23 1
24 1
25 0
26 0
last timestep 26
node 770 iteration 6
0 0
1 3
2 6
3 7
4 8
5 11
6 23
7 27
8 41
9 53
10 53
11 46
12 50
13 38
14 52
15 53
16 48
17 46
18 37
19 24
20 25
21 18
22 14
23 7
24 5
25 15
26 8
27 5
28 5
29 2
30 0
31 0
last timestep 31
node 770 iteration 7
0 0
1 2
2 0
3 2
4 2
5 1
6 0
last timestep 6
node 770 iteration 8
0 0
1 1
2 13
3 9
4 25
5 43
6 63
7 65
8 103
9 111
10 98
11 81
12 67
13 54
14 45
15 35
16 32
17 24
18 19
19 11
20 3
21 2
22 0
23 0
last timestep 23
node 770 iteration 9
0 0
1 6
2 14
3 18
4 27
5 41
6 59
7 67
8 83
9 89
10 102
11 77
12 59
13 37
14 38
15 23
16 23
17 8
18 5
19 4
20 0
21 0
last timestep 21
