node 2035 iteration 0
0 0
1 1
2 1
3 1
4 0
5 0
last timestep 5
node 2035 iteration 1
0 0
1 1
2 0
3 0
last timestep 3
node 2035 iteration 2
0 0
1 4
2 17
3 26
4 34
5 65
6 101
7 91
8 122
9 108
10 76
11 55
12 57
13 40
14 30
15 15
16 11
17 6
18 1
19 0
20 0
last timestep 20
node 2035 iteration 3
0 0
1 1
2 3
3 6
4 4
5 13
6 26
7 40
8 51
9 55
10 72
11 82
12 65
13 93
14 56
15 43
16 30
17 23
18 27
19 9
20 15
21 10
22 8
23 6
24 4
25 3
26 5
27 5
28 6
29 5
30 2
31 2
32 2
33 1
34 0
35 0
last timestep 35
node 2035 iteration 4
0 0
1 1
2 2
3 3
4 3
5 5
6 2
7 2
8 1
9 1
10 0
11 0
last timestep 11
node 2035 iteration 5
0 0
1 0
2 0
last timestep 2
node 2035 iteration 6
0 0
1 1
2 4
3 7
4 4
5 2
6 1
7 0
8 0
last timestep 8
node 2035 iteration 7
0 0
1 1
2 8
3 6
4 9
5 17
6 14
7 21
8 21
9 42
10 55
11 94
12 70
13 72
14 85
15 68
16 41
17 36
18 27
19 16
20 16
21 9
22 7
23 4
24 2
25 1
26 0
27 0
last timestep 27
node 2035 iteration 8
0 0
1 2
2 4
3 3
4 3
5 1
6 5
7 1
8 2
9 7
10 8
11 12
12 30
13 59
14 55
15 72
16 77
17 75
18 65
19 65
20 46
21 35
22 22
23 10
24 7
25 9
26 4
27 6
28 4
29 2
30 1
31 3
32 3
33 0
34 0
last timestep 34
node 2035 iteration 9
0 0
1 2
2 5
3 4
4 2
5 1
6 6
7 10
8 13
9 25
10 52
11 40
12 70
13 85
14 74
15 68
16 61
17 42
18 24
19 25
20 25
21 22
22 18
23 16
24 15
25 17
26 17
27 15
28 8
29 0
30 0
last timestep 30
