node 526 iteration 0
0 0
1 1
2 0
3 0
last timestep 3
node 526 iteration 1
0 0
1 4
2 1
3 5
4 8
5 15
6 41
7 65
8 99
9 93
10 86
11 99
12 78
13 57
14 29
15 23
16 11
17 9
18 8
19 12
20 10
21 11
22 3
23 1
24 1
25 0
26 0
last timestep 26
node 526 iteration 2
0 0
1 0
2 0
last timestep 2
node 526 iteration 3
0 0
1 1
2 0
3 0
last timestep 3
node 526 iteration 4
0 0
1 2
2 0
3 0
last timestep 3
node 526 iteration 5
0 0
1 1
2 4
3 4
4 4
5 7
6 11
7 10
8 14
9 38
10 48
11 59
12 85
13 93
14 89
15 73
16 76
17 75
18 58
19 40
20 31
21 20
22 18
23 21
24 13
25 3
26 2
27 1
28 1
29 0
30 0
last timestep 30
node 526 iteration 6
0 0
1 1
2 1
3 1
4 8
5 13
6 13
7 11
8 15
9 31
10 38
11 68
12 99
13 113
14 105
15 78
16 58
17 40
18 32
19 41
20 20
21 25
22 15
23 10
24 6
25 5
26 4
27 1
28 4
29 4
30 1
31 0
32 0
last timestep 32
node 526 iteration 7
0 0
1 1
2 3
3 6
4 11
5 11
6 10
7 18
8 24
9 36
10 47
11 63
12 89
13 98
14 87
15 67
16 54
17 53
18 43
19 23
20 14
21 16
22 26
23 17
24 11
25 4
26 4
27 8
28 3
29 3
30 2
31 0
32 0
last timestep 32
node 526 iteration 8
0 0
1 0
2 0
last timestep 2
node 526 iteration 9
0 0
1 0
2 0
last timestep 2
