node 253 iteration 0
0 0
1 3
2 6
3 2
4 3
5 3
6 6
7 9
8 9
9 7
10 16
11 16
12 27
13 41
14 54
15 56
16 62
17 76
18 77
19 60
20 52
21 41
22 40
23 30
24 22
25 22
26 13
27 4
28 4
29 1
30 1
31 0
32 0
last timestep 32
node 253 iteration 1
0 0
1 5
2 4
3 8
4 22
5 24
6 27
7 35
8 43
9 39
10 66
11 58
12 53
13 45
14 37
15 47
16 26
17 32
18 32
19 42
20 20
21 19
22 16
23 11
24 6
25 1
26 1
27 3
28 2
29 0
30 0
last timestep 30
node 253 iteration 2
0 0
1 2
2 3
3 5
4 11
5 24
6 21
7 34
8 38
9 54
10 76
11 87
12 109
13 99
14 90
15 63
16 49
17 28
18 16
19 22
20 14
21 5
22 1
23 0
24 0
last timestep 24
node 253 iteration 3
0 0
1 3
2 3
3 12
4 32
5 37
6 60
7 82
8 109
9 113
10 111
11 91
12 74
13 39
14 29
15 22
16 8
17 9
18 7
19 7
20 6
21 5
22 10
23 1
24 1
25 1
26 1
27 0
28 0
last timestep 28
node 253 iteration 4
0 0
1 2
2 3
3 6
4 4
5 13
6 26
7 37
8 47
9 65
10 81
11 106
12 109
13 109
14 77
15 45
16 28
17 25
18 12
19 8
20 4
21 4
22 5
23 4
24 6
25 6
26 2
27 6
28 4
29 3
30 4
31 2
32 5
33 1
34 1
35 0
36 0
last timestep 36
node 253 iteration 5
0 0
1 3
2 4
3 6
4 0
5 2
6 10
7 13
8 21
9 32
10 38
11 68
12 80
13 100
14 96
15 127
16 108
17 73
18 52
19 42
20 22
21 17
22 6
23 5
24 1
25 1
26 0
last timestep 26
node 253 iteration 6
0 0
1 4
2 11
3 4
4 17
5 24
6 27
7 37
8 38
9 54
10 81
11 115
12 117
13 92
14 81
15 39
16 23
17 14
18 4
19 2
20 5
21 6
22 6
23 5
24 6
25 2
26 3
27 1
28 1
29 0
30 0
last timestep 30
node 253 iteration 7
0 0
1 1
2 6
3 13
4 24
5 29
6 50
7 68
8 87
9 90
10 86
11 86
12 60
13 52
14 51
15 31
16 23
17 8
18 6
19 1
20 0
21 0
last timestep 21
node 253 iteration 8
0 0
1 3
2 3
3 5
4 7
5 10
6 14
7 19
8 25
9 36
10 42
11 81
12 89
13 108
14 97
15 89
16 51
17 43
18 47
19 25
20 15
21 14
22 9
23 9
24 4
25 2
26 2
27 2
28 2
29 3
30 0
31 0
last timestep 31
node 253 iteration 9
0 0
1 2
2 3
3 4
4 6
5 10
6 9
7 11
8 17
9 18
10 18
11 27
12 42
13 50
14 82
15 85
16 101
17 106
18 74
19 48
20 34
21 38
22 12
23 10
24 1
25 2
26 1
27 1
28 0
29 0
last timestep 29
