node 2506 iteration 0
0 0
1 0
2 1
3 0
last timestep 3
node 2506 iteration 1
0 0
1 0
2 0
last timestep 2
node 2506 iteration 2
0 0
1 1
2 1
3 4
4 14
5 35
6 38
7 56
8 73
9 78
10 106
11 111
12 94
13 64
14 53
15 43
16 30
17 21
18 10
19 8
20 5
21 4
22 1
23 2
24 0
25 0
last timestep 25
node 2506 iteration 3
0 0
1 1
2 1
3 4
4 5
5 12
6 10
7 14
8 21
9 21
10 33
11 26
12 38
13 54
14 76
15 84
16 70
17 64
18 51
19 48
20 33
21 33
22 20
23 14
24 8
25 5
26 5
27 0
28 0
last timestep 28
node 2506 iteration 4
0 0
1 1
2 2
3 2
4 5
5 15
6 20
7 29
8 24
9 24
10 35
11 42
12 56
13 74
14 88
15 84
16 80
17 75
18 53
19 38
20 21
21 15
22 3
23 0
24 0
last timestep 24
node 2506 iteration 5
0 0
1 3
2 8
3 8
4 12
5 25
6 43
7 52
8 71
9 72
10 97
11 128
12 112
13 102
14 78
15 52
16 31
17 22
18 15
19 2
20 1
21 2
22 0
23 0
last timestep 23
node 2506 iteration 6
0 0
1 1
2 6
3 2
4 5
5 3
6 6
7 5
8 4
9 5
10 13
11 12
12 40
13 57
14 59
15 59
16 71
17 68
18 72
19 63
20 46
21 45
22 38
23 45
24 24
25 27
26 6
27 4
28 5
29 6
30 3
31 3
32 2
33 0
34 0
last timestep 34
node 2506 iteration 7
0 0
1 2
2 6
3 5
4 6
5 8
6 9
7 20
8 22
9 32
10 47
11 58
12 52
13 78
14 95
15 108
16 71
17 64
18 36
19 25
20 15
21 17
22 14
23 12
24 6
25 4
26 0
27 0
last timestep 27
node 2506 iteration 8
0 0
1 5
2 13
3 18
4 27
5 37
6 62
7 83
8 90
9 116
10 115
11 90
12 59
13 45
14 28
15 19
16 17
17 14
18 4
19 2
20 2
21 1
22 0
23 0
last timestep 23
node 2506 iteration 9
0 0
1 1
2 0
3 0
last timestep 3
