node 1019 iteration 0
0 0
1 10
2 13
3 24
4 34
5 54
6 80
7 83
8 117
9 107
10 108
11 79
12 59
13 39
14 27
15 30
16 15
17 9
18 6
19 1
20 0
21 0
last timestep 21
node 1019 iteration 1
0 0
1 9
2 12
3 19
4 27
5 25
6 31
7 63
8 90
9 107
10 104
11 91
12 90
13 73
14 63
15 48
16 23
17 14
18 9
19 8
20 11
21 6
22 5
23 2
24 2
25 0
26 0
last timestep 26
node 1019 iteration 2
0 0
1 6
2 6
3 3
4 6
5 2
6 2
7 3
8 9
9 10
10 10
11 18
12 24
13 25
14 29
15 46
16 54
17 59
18 50
19 59
20 56
21 46
22 55
23 41
24 33
25 18
26 13
27 10
28 10
29 8
30 5
31 9
32 6
33 4
34 1
35 0
36 0
last timestep 36
node 1019 iteration 3
0 0
1 5
2 11
3 22
4 29
5 28
6 65
7 60
8 64
9 60
10 56
11 43
12 46
13 50
14 26
15 27
16 25
17 18
18 11
19 26
20 10
21 8
22 7
23 4
24 2
25 4
26 1
27 0
28 1
29 1
30 0
last timestep 30
node 1019 iteration 4
0 0
1 12
2 14
3 20
4 35
5 53
6 53
7 75
8 96
9 93
10 82
11 75
12 71
13 40
14 41
15 31
16 21
17 16
18 12
19 9
20 5
21 2
22 2
23 0
24 0
last timestep 24
node 1019 iteration 5
0 0
1 11
2 4
3 11
4 19
5 36
6 51
7 52
8 63
9 62
10 76
11 93
12 84
13 81
14 65
15 38
16 19
17 14
18 8
19 9
20 5
21 2
22 1
23 2
24 3
25 2
26 2
27 0
28 0
last timestep 28
node 1019 iteration 6
0 0
1 7
2 6
3 11
4 13
5 31
6 34
7 81
8 111
9 116
10 92
11 79
12 40
13 29
14 17
15 7
16 8
17 17
18 14
19 9
20 9
21 12
22 6
23 3
24 1
25 2
26 2
27 0
28 0
last timestep 28
node 1019 iteration 7
0 0
1 10
2 11
3 11
4 8
5 24
6 32
7 53
8 88
9 87
10 94
11 91
12 85
13 57
14 62
15 57
16 41
17 25
18 20
19 22
20 18
21 6
22 0
23 0
last timestep 23
node 1019 iteration 8
0 0
1 6
2 9
3 11
4 13
5 16
6 15
7 15
8 26
9 33
10 36
11 39
12 56
13 67
14 62
15 49
16 66
17 44
18 38
19 39
20 26
21 25
22 17
23 9
24 3
25 0
26 0
last timestep 26
node 1019 iteration 9
0 0
1 6
2 7
3 3
4 13
5 20
6 14
7 18
8 25
9 24
10 27
11 40
12 63
13 67
14 60
15 69
16 60
17 58
18 41
19 27
20 19
21 10
22 5
23 1
24 1
25 0
26 0
last timestep 26
