node 1081 iteration 0
0 0
1 4
2 4
3 6
4 13
5 12
6 16
7 30
8 66
9 72
10 75
11 82
12 76
13 79
14 57
15 46
16 41
17 18
18 9
19 5
20 2
21 1
22 0
23 0
last timestep 23
node 1081 iteration 1
0 0
1 4
2 9
3 13
4 26
5 44
6 38
7 46
8 69
9 84
10 107
11 94
12 99
13 68
14 48
15 32
16 19
17 10
18 5
19 7
20 4
21 1
22 2
23 0
24 1
25 0
last timestep 25
node 1081 iteration 2
0 0
1 4
2 13
3 19
4 31
5 38
6 51
7 60
8 79
9 87
10 74
11 90
12 77
13 63
14 55
15 23
16 17
17 9
18 7
19 5
20 2
21 1
22 0
23 0
last timestep 23
node 1081 iteration 3
0 0
1 3
2 5
3 17
4 35
5 53
6 60
7 79
8 81
9 93
10 88
11 89
12 71
13 42
14 29
15 26
16 15
17 14
18 2
19 1
20 0
21 1
22 2
23 0
last timestep 23
node 1081 iteration 4
0 0
1 4
2 3
3 4
4 15
5 17
6 41
7 67
8 72
9 96
10 80
11 69
12 59
13 51
14 40
15 24
16 22
17 15
18 18
19 27
20 24
21 22
22 12
23 5
24 2
25 5
26 0
27 0
last timestep 27
node 1081 iteration 5
0 0
1 4
2 3
3 1
4 1
5 1
6 0
7 0
last timestep 7
node 1081 iteration 6
0 0
1 2
2 1
3 0
4 0
last timestep 4
node 1081 iteration 7
0 0
1 4
2 2
3 1
4 2
5 10
6 12
7 28
8 50
9 80
10 88
11 103
12 90
13 71
14 77
15 41
16 50
17 34
18 34
19 16
20 19
21 19
22 5
23 3
24 2
25 1
26 0
27 0
last timestep 27
node 1081 iteration 8
0 0
1 4
2 7
3 22
4 37
5 50
6 78
7 67
8 86
9 113
10 118
11 101
12 63
13 48
14 27
15 17
16 12
17 7
18 1
19 4
20 2
21 0
22 0
last timestep 22
node 1081 iteration 9
0 0
1 6
2 5
3 4
4 4
5 10
6 16
7 27
8 41
9 41
10 57
11 76
12 52
13 48
14 56
15 59
16 58
17 46
18 37
19 29
20 23
21 18
22 13
23 10
24 7
25 7
26 0
27 0
last timestep 27
