node 582 iteration 0
0 0
1 0
2 0
last timestep 2
node 582 iteration 1
0 0
1 3
2 3
3 5
4 7
5 11
6 16
7 11
8 12
9 11
10 14
11 23
12 33
13 31
14 47
15 34
16 52
17 66
18 56
19 56
20 41
21 42
22 44
23 32
24 19
25 21
26 20
27 21
28 11
29 6
30 4
31 2
32 2
33 1
34 0
35 3
36 2
37 1
38 0
last timestep 38
node 582 iteration 2
0 0
1 0
2 4
3 7
4 5
5 14
6 16
7 28
8 39
9 39
10 43
11 60
12 70
13 74
14 67
15 38
16 36
17 46
18 35
19 28
20 26
21 30
22 13
23 15
24 20
25 11
26 9
27 4
28 5
29 3
30 2
31 0
last timestep 31
node 582 iteration 3
0 0
1 0
2 3
3 4
4 3
5 3
6 0
last timestep 6
node 582 iteration 4
0 0
1 2
2 2
3 5
4 11
5 20
6 17
7 34
8 43
9 53
10 79
11 87
12 75
13 75
14 83
15 71
16 46
17 31
18 20
19 8
20 3
21 2
22 0
23 0
last timestep 23
node 582 iteration 5
0 0
1 1
2 2
3 0
4 1
5 2
6 3
7 1
8 3
9 4
10 17
11 19
12 29
13 50
14 72
15 88
16 120
17 143
18 132
19 90
20 73
21 58
22 35
23 11
24 5
25 3
26 5
27 0
last timestep 27
node 582 iteration 6
0 0
1 0
2 0
last timestep 2
node 582 iteration 7
0 0
1 1
2 8
3 11
4 10
5 12
6 26
7 43
8 48
9 59
10 62
11 75
12 96
13 74
14 59
15 47
16 48
17 30
18 26
19 24
20 18
21 7
22 4
23 6
24 6
25 3
26 1
27 0
28 0
last timestep 28
node 582 iteration 8
0 0
1 1
2 3
3 1
4 2
5 9
6 4
7 1
8 0
9 0
last timestep 9
node 582 iteration 9
0 0
1 2
2 3
3 5
4 5
5 10
6 17
7 31
8 60
9 82
10 100
11 95
12 95
13 76
14 71
15 65
16 51
17 24
18 28
19 12
20 9
21 5
22 0
23 2
24 1
25 0
last timestep 25
