node 1266 iteration 0
0 0
1 2
2 3
3 19
4 24
5 30
6 46
7 64
8 73
9 91
10 75
11 87
12 67
13 61
14 46
15 36
16 34
17 16
18 25
19 9
20 9
21 5
22 17
23 14
24 12
25 6
26 2
27 1
28 0
29 0
last timestep 29
node 1266 iteration 1
0 0
1 2
2 1
3 3
4 7
5 1
6 5
7 10
8 22
9 30
10 49
11 82
12 114
13 120
14 124
15 103
16 73
17 78
18 37
19 25
20 13
21 13
22 5
23 3
24 0
25 1
26 0
last timestep 26
node 1266 iteration 2
0 0
1 2
2 3
3 3
4 7
5 9
6 15
7 34
8 61
9 81
10 128
11 115
12 94
13 96
14 79
15 54
16 24
17 18
18 12
19 6
20 3
21 3
22 7
23 7
24 4
25 0
26 0
last timestep 26
node 1266 iteration 3
0 0
1 2
2 3
3 3
4 3
5 12
6 8
7 7
8 26
9 23
10 50
11 60
12 73
13 78
14 91
15 76
16 71
17 51
18 57
19 42
20 29
21 21
22 12
23 16
24 2
25 6
26 2
27 0
28 0
last timestep 28
node 1266 iteration 4
0 0
1 2
2 4
3 2
4 2
5 2
6 3
7 4
8 20
9 8
10 8
11 19
12 20
13 8
14 12
15 15
16 23
17 32
18 36
19 54
20 45
21 35
22 48
23 36
24 48
25 28
26 21
27 19
28 13
29 6
30 6
31 3
32 4
33 2
34 6
35 1
36 1
37 0
38 0
last timestep 38
node 1266 iteration 5
0 0
1 2
2 1
3 1
4 0
5 0
last timestep 5
node 1266 iteration 6
0 0
1 2
2 3
3 7
4 6
5 10
6 8
7 15
8 30
9 48
10 56
11 124
12 109
13 100
14 80
15 58
16 61
17 32
18 24
19 11
20 6
21 0
22 0
last timestep 22
node 1266 iteration 7
0 0
1 2
2 4
3 9
4 9
5 26
6 19
7 32
8 34
9 30
10 41
11 66
12 52
13 58
14 67
15 76
16 68
17 49
18 49
19 28
20 14
21 10
22 10
23 7
24 2
25 2
26 5
27 1
28 0
29 0
last timestep 29
node 1266 iteration 8
0 0
1 3
2 1
3 4
4 14
5 30
6 28
7 39
8 34
9 54
10 57
11 80
12 101
13 89
14 59
15 44
16 20
17 26
18 20
19 28
20 18
21 9
22 3
23 2
24 0
25 0
last timestep 25
node 1266 iteration 9
0 0
1 2
2 4
3 3
4 2
5 2
6 4
7 4
8 4
9 6
10 8
11 4
12 6
13 9
14 13
15 22
16 37
17 45
18 46
19 62
20 81
21 87
22 95
23 93
24 74
25 60
26 33
27 30
28 16
29 2
30 4
31 4
32 4
33 0
34 0
last timestep 34
