node 1288 iteration 0
0 0
1 3
2 5
3 12
4 17
5 23
6 38
7 63
8 101
9 114
10 107
11 117
12 101
13 87
14 48
15 40
16 12
17 5
18 2
19 0
20 0
last timestep 20
node 1288 iteration 1
0 0
1 6
2 17
3 19
4 23
5 24
6 41
7 57
8 84
9 111
10 119
11 98
12 73
13 50
14 44
15 40
16 24
17 16
18 14
19 9
20 1
21 2
22 2
23 1
24 1
25 0
26 0
last timestep 26
node 1288 iteration 2
0 0
1 3
2 5
3 21
4 27
5 35
6 54
7 67
8 86
9 79
10 87
11 94
12 83
13 46
14 34
15 14
16 12
17 12
18 11
19 11
20 8
21 3
22 0
23 0
last timestep 23
node 1288 iteration 3
0 0
1 3
2 4
3 7
4 23
5 26
6 31
7 42
8 47
9 59
10 52
11 52
12 62
13 48
14 46
15 38
16 23
17 29
18 20
19 13
20 14
21 22
22 18
23 7
24 3
25 1
26 2
27 3
28 1
29 4
30 2
31 4
32 0
33 0
last timestep 33
node 1288 iteration 4
0 0
1 2
2 4
3 5
4 18
5 28
6 41
7 54
8 85
9 100
10 85
11 80
12 65
13 54
14 57
15 28
16 18
17 10
18 6
19 5
20 8
21 7
22 5
23 3
24 4
25 0
26 0
last timestep 26
node 1288 iteration 5
0 0
1 2
2 2
3 4
4 8
5 14
6 25
7 41
8 50
9 74
10 67
11 103
12 108
13 104
14 79
15 68
16 41
17 29
18 12
19 14
20 9
21 4
22 2
23 1
24 1
25 5
26 3
27 2
28 0
29 0
last timestep 29
node 1288 iteration 6
0 0
1 4
2 5
3 11
4 12
5 31
6 40
7 83
8 105
9 135
10 114
11 73
12 41
13 35
14 18
15 19
16 21
17 8
18 9
19 9
20 3
21 3
22 3
23 1
24 0
25 0
last timestep 25
node 1288 iteration 7
0 0
1 0
2 0
last timestep 2
node 1288 iteration 8
0 0
1 3
2 2
3 4
4 6
5 15
6 13
7 34
8 38
9 52
10 75
11 90
12 73
13 65
14 63
15 63
16 44
17 39
18 39
19 24
20 38
21 30
22 25
23 9
24 4
25 1
26 0
27 0
last timestep 27
node 1288 iteration 9
0 0
1 2
2 2
3 3
4 19
5 38
6 49
7 45
8 67
9 74
10 107
11 86
12 62
13 49
14 35
15 24
16 26
17 21
18 12
19 18
20 10
21 7
22 5
23 3
24 2
25 0
26 0
last timestep 26
