node 1722 iteration 0
0 0
1 2
2 0
3 0
last timestep 3
node 1722 iteration 1
0 0
1 7
2 11
3 21
4 46
5 62
6 77
7 108
8 129
9 128
10 99
11 72
12 54
13 36
14 25
15 21
16 9
17 3
18 1
19 0
20 0
last timestep 20
node 1722 iteration 2
0 0
1 9
2 14
3 21
4 27
5 42
6 69
7 80
8 71
9 84
10 49
11 42
12 25
13 22
14 18
15 15
16 9
17 4
18 0
19 0
last timestep 19
node 1722 iteration 3
0 0
1 9
2 9
3 13
4 31
5 48
6 59
7 54
8 52
9 77
10 66
11 81
12 91
13 64
14 61
15 48
16 30
17 21
18 17
19 11
20 13
21 5
22 3
23 2
24 1
25 1
26 0
27 0
last timestep 27
node 1722 iteration 4
0 0
1 6
2 12
3 15
4 20
5 27
6 39
7 46
8 71
9 92
10 96
11 91
12 79
13 67
14 72
15 47
16 32
17 29
18 24
19 22
20 22
21 12
22 7
23 10
24 3
25 1
26 0
27 0
last timestep 27
node 1722 iteration 5
0 0
1 6
2 6
3 13
4 12
5 16
6 15
7 32
8 40
9 72
10 76
11 75
12 83
13 72
14 51
15 51
16 45
17 25
18 16
19 11
20 5
21 3
22 2
23 1
24 1
25 0
26 0
last timestep 26
node 1722 iteration 6
0 0
1 4
2 13
3 9
4 14
5 27
6 32
7 46
8 52
9 50
10 61
11 52
12 53
13 56
14 58
15 39
16 27
17 25
18 19
19 10
20 4
21 2
22 5
23 2
24 0
25 0
last timestep 25
node 1722 iteration 7
0 0
1 4
2 4
3 8
4 4
5 6
6 6
7 9
8 11
9 21
10 31
11 49
12 66
13 71
14 73
15 87
16 96
17 95
18 78
19 59
20 39
21 22
22 11
23 7
24 2
25 5
26 11
27 2
28 3
29 2
30 0
31 5
32 3
33 2
34 0
last timestep 34
node 1722 iteration 8
0 0
1 4
2 7
3 5
4 3
5 2
6 4
7 3
8 5
9 9
10 8
11 15
12 22
13 31
14 47
15 40
16 55
17 81
18 88
19 93
20 85
21 76
22 61
23 49
24 29
25 19
26 8
27 0
28 0
last timestep 28
node 1722 iteration 9
0 0
1 2
2 0
3 0
last timestep 3
