node 364 iteration 0
0 0
1 4
2 7
3 4
4 4
5 8
6 3
7 11
8 11
9 15
10 29
11 42
12 83
13 80
14 77
15 68
16 55
17 41
18 19
19 19
20 15
21 17
22 12
23 5
24 5
25 1
26 0
27 0
last timestep 27
node 364 iteration 1
0 0
1 1
2 0
3 0
last timestep 3
node 364 iteration 2
0 0
1 2
2 4
3 7
4 6
5 10
6 28
7 23
8 31
9 37
10 47
11 36
12 42
13 31
14 47
15 41
16 44
17 66
18 52
19 40
20 52
21 41
22 30
23 27
24 8
25 5
26 3
27 4
28 4
29 1
30 0
31 0
last timestep 31
node 364 iteration 3
0 0
1 2
2 0
3 0
last timestep 3
node 364 iteration 4
0 0
1 1
2 5
3 5
4 13
5 13
6 20
7 26
8 49
9 74
10 87
11 107
12 84
13 75
14 71
15 59
16 34
17 28
18 16
19 14
20 8
21 3
22 1
23 0
24 0
last timestep 24
node 364 iteration 5
0 0
1 2
2 2
3 1
4 0
5 0
last timestep 5
node 364 iteration 6
0 0
1 1
2 1
3 0
4 0
last timestep 4
node 364 iteration 7
0 0
1 4
2 8
3 15
4 27
5 34
6 51
7 82
8 88
9 96
10 83
11 65
12 48
13 35
14 25
15 20
16 10
17 7
18 5
19 3
20 5
21 2
22 1
23 0
24 0
last timestep 24
node 364 iteration 8
0 0
1 4
2 4
3 9
4 6
5 5
6 10
7 11
8 13
9 13
10 13
11 20
12 30
13 48
14 59
15 59
16 72
17 79
18 49
19 41
20 24
21 24
22 34
23 39
24 31
25 14
26 16
27 12
28 4
29 2
30 1
31 0
32 2
33 1
34 1
35 0
last timestep 35
node 364 iteration 9
0 0
1 2
2 1
3 3
4 1
5 0
6 0
last timestep 6
