node 774 iteration 0
0 0
1 3
2 1
3 4
4 7
5 9
6 14
7 21
8 30
9 32
10 44
11 62
12 93
13 102
14 109
15 90
16 61
17 41
18 26
19 19
20 8
21 6
22 4
23 6
24 4
25 1
26 3
27 1
28 0
29 0
last timestep 29
node 774 iteration 1
0 0
1 1
2 0
3 0
last timestep 3
node 774 iteration 2
0 0
1 0
2 2
3 3
4 2
5 3
6 0
last timestep 6
node 774 iteration 3
0 0
1 6
2 5
3 7
4 9
5 19
6 28
7 42
8 67
9 93
10 114
11 90
12 72
13 81
14 54
15 46
16 26
17 20
18 8
19 5
20 6
21 2
22 2
23 1
24 1
25 2
26 1
27 2
28 3
29 0
30 0
last timestep 30
node 774 iteration 4
0 0
1 1
2 3
3 1
4 2
5 8
6 12
7 23
8 20
9 29
10 24
11 36
12 33
13 61
14 79
15 85
16 81
17 69
18 57
19 49
20 41
21 23
22 14
23 10
24 8
25 10
26 6
27 3
28 1
29 2
30 3
31 1
32 3
33 4
34 4
35 0
36 0
last timestep 36
node 774 iteration 5
0 0
1 2
2 5
3 10
4 22
5 26
6 47
7 47
8 73
9 66
10 77
11 79
12 76
13 56
14 56
15 52
16 52
17 34
18 24
19 17
20 9
21 3
22 2
23 0
24 0
last timestep 24
node 774 iteration 6
0 0
1 3
2 4
3 10
4 9
5 18
6 28
7 53
8 65
9 87
10 77
11 58
12 67
13 70
14 74
15 56
16 67
17 46
18 25
19 16
20 13
21 7
22 3
23 2
24 6
25 10
26 7
27 4
28 1
29 0
30 0
last timestep 30
node 774 iteration 7
0 0
1 0
2 0
last timestep 2
node 774 iteration 8
0 0
1 3
2 5
3 10
4 14
5 20
6 18
7 21
8 36
9 41
10 44
11 56
12 59
13 48
14 46
15 45
16 49
17 50
18 62
19 64
20 35
21 32
22 25
23 14
24 8
25 7
26 8
27 1
28 0
29 0
last timestep 29
node 774 iteration 9
0 0
1 4
2 7
3 7
4 11
5 13
6 21
7 45
8 51
9 66
10 60
11 59
12 72
13 65
14 48
15 36
16 35
17 32
18 17
19 20
20 14
21 14
22 9
23 11
24 10
25 3
26 4
27 3
28 3
29 2
30 1
31 0
32 0
last timestep 32
