node 1057 iteration 0
0 0
1 11
2 8
3 10
4 21
5 21
6 33
7 53
8 84
9 77
10 92
11 59
12 42
13 27
14 16
15 17
16 14
17 18
18 7
19 3
20 4
21 1
22 1
23 3
24 1
25 0
26 0
last timestep 26
node 1057 iteration 1
0 0
1 6
2 10
3 5
4 10
5 22
6 30
7 37
8 51
9 50
10 68
11 94
12 86
13 97
14 61
15 55
16 43
17 24
18 11
19 6
20 4
21 4
22 1
23 0
24 0
last timestep 24
node 1057 iteration 2
0 0
1 5
2 2
3 2
4 4
5 11
6 13
7 13
8 11
9 13
10 15
11 27
12 42
13 62
14 91
15 102
16 92
17 97
18 69
19 44
20 30
21 15
22 17
23 12
24 5
25 3
26 0
27 0
last timestep 27
node 1057 iteration 3
0 0
1 3
2 2
3 2
4 1
5 1
6 3
7 3
8 2
9 6
10 11
11 27
12 31
13 69
14 72
15 79
16 80
17 68
18 67
19 51
20 49
21 31
22 28
23 25
24 11
25 8
26 6
27 5
28 0
29 0
last timestep 29
node 1057 iteration 4
0 0
1 4
2 3
3 7
4 4
5 9
6 4
7 8
8 4
9 3
10 3
11 2
12 1
13 3
14 2
15 0
16 0
last timestep 16
node 1057 iteration 5
0 0
1 8
2 7
3 18
4 33
5 54
6 81
7 93
8 107
9 89
10 88
11 76
12 38
13 33
14 16
15 14
16 4
17 3
18 1
19 0
20 0
last timestep 20
node 1057 iteration 6
0 0
1 5
2 6
3 5
4 6
5 9
6 18
7 23
8 38
9 55
10 59
11 95
12 83
13 81
14 75
15 67
16 60
17 41
18 30
19 20
20 17
21 10
22 4
23 0
24 0
last timestep 24
node 1057 iteration 7
0 0
1 6
2 13
3 25
4 39
5 60
6 78
7 91
8 84
9 98
10 103
11 80
12 51
13 31
14 17
15 5
16 6
17 4
18 3
19 3
20 1
21 2
22 0
23 0
last timestep 23
node 1057 iteration 8
0 0
1 11
2 18
3 27
4 36
5 64
6 93
7 102
8 121
9 74
10 69
11 44
12 36
13 22
14 16
15 12
16 5
17 3
18 0
19 0
last timestep 19
node 1057 iteration 9
0 0
1 6
2 4
3 16
4 21
5 37
6 36
7 41
8 48
9 53
10 70
11 78
12 74
13 76
14 61
15 63
16 32
17 31
18 18
19 9
20 3
21 5
22 4
23 0
24 0
last timestep 24
