node 748 iteration 0
0 0
1 6
2 11
3 12
4 27
5 38
6 52
7 86
8 97
9 103
10 102
11 100
12 54
13 39
14 26
15 20
16 11
17 9
18 6
19 7
20 6
21 3
22 1
23 1
24 0
25 0
last timestep 25
node 748 iteration 1
0 0
1 0
2 0
last timestep 2
node 748 iteration 2
0 0
1 5
2 11
3 15
4 26
5 42
6 73
7 106
8 132
9 151
10 128
11 94
12 68
13 41
14 25
15 12
16 8
17 4
18 2
19 1
20 0
21 0
last timestep 21
node 748 iteration 3
0 0
1 3
2 2
3 2
4 4
5 5
6 6
7 15
8 22
9 25
10 55
11 70
12 84
13 103
14 94
15 103
16 78
17 61
18 39
19 37
20 17
21 12
22 5
23 2
24 2
25 3
26 1
27 2
28 0
29 0
last timestep 29
node 748 iteration 4
0 0
1 2
2 0
3 0
last timestep 3
node 748 iteration 5
0 0
1 5
2 7
3 15
4 27
5 34
6 48
7 55
8 66
9 76
10 94
11 106
12 104
13 65
14 61
15 29
16 18
17 17
18 9
19 8
20 6
21 6
22 5
23 4
24 1
25 0
26 0
last timestep 26
node 748 iteration 6
0 0
1 6
2 8
3 9
4 4
5 4
6 3
7 0
8 0
last timestep 8
node 748 iteration 7
0 0
1 4
2 9
3 9
4 8
5 16
6 22
7 48
8 74
9 90
10 90
11 94
12 92
13 64
14 45
15 30
16 19
17 8
18 4
19 2
20 0
21 0
last timestep 21
node 748 iteration 8
0 0
1 3
2 5
3 14
4 38
5 51
6 72
7 92
8 98
9 104
10 116
11 87
12 51
13 44
14 31
15 24
16 17
17 11
18 6
19 1
20 0
21 1
22 0
last timestep 22
node 748 iteration 9
0 0
1 3
2 0
3 1
4 19
5 21
6 27
7 55
8 73
9 91
10 76
11 79
12 57
13 52
14 33
15 29
16 20
17 10
18 9
19 8
20 7
21 7
22 2
23 3
24 2
25 1
26 1
27 0
last timestep 27
