node 580 iteration 0
0 0
1 1
2 6
3 7
4 9
5 16
6 24
7 30
8 46
9 56
10 71
11 82
12 82
13 86
14 75
15 67
16 55
17 34
18 41
19 33
20 17
21 22
22 13
23 5
24 1
25 6
26 2
27 2
28 0
29 0
last timestep 29
node 580 iteration 1
0 0
1 1
2 1
3 1
4 0
5 0
last timestep 5
node 580 iteration 2
0 0
1 1
2 7
3 17
4 24
5 42
6 50
7 91
8 101
9 121
10 101
11 102
12 68
13 66
14 50
15 27
16 15
17 11
18 9
19 3
20 2
21 1
22 1
23 0
24 0
last timestep 24
node 580 iteration 3
0 0
1 3
2 8
3 7
4 8
5 13
6 25
7 37
8 40
9 58
10 73
11 71
12 75
13 78
14 67
15 51
16 35
17 24
18 12
19 6
20 5
21 2
22 2
23 3
24 1
25 0
26 0
last timestep 26
node 580 iteration 4
0 0
1 0
2 1
3 8
4 11
5 23
6 47
7 59
8 78
9 73
10 74
11 72
12 63
13 60
14 38
15 43
16 23
17 16
18 17
19 11
20 6
21 6
22 1
23 4
24 3
25 3
26 0
last timestep 26
node 580 iteration 5
0 0
1 1
2 1
3 3
4 0
5 0
last timestep 5
node 580 iteration 6
0 0
1 1
2 6
3 4
4 8
5 8
6 16
7 23
8 29
9 47
10 68
11 92
12 95
13 68
14 71
15 75
16 71
17 42
18 20
19 24
20 16
21 8
22 6
23 6
24 6
25 13
26 11
27 10
28 6
29 3
30 2
31 1
32 0
33 0
last timestep 33
node 580 iteration 7
0 0
1 2
2 2
3 4
4 5
5 2
6 1
7 2
8 2
9 2
10 1
11 6
12 5
13 3
14 5
15 10
16 20
17 25
18 26
19 29
20 35
21 40
22 42
23 46
24 59
25 92
26 85
27 73
28 58
29 45
30 27
31 9
32 15
33 6
34 1
35 0
36 0
last timestep 36
node 580 iteration 8
0 0
1 2
2 12
3 17
4 41
5 51
6 82
7 110
8 121
9 112
10 75
11 41
12 35
13 17
14 17
15 21
16 9
17 11
18 8
19 6
20 6
21 4
22 6
23 5
24 0
25 0
last timestep 25
node 580 iteration 9
0 0
1 3
2 1
3 1
4 0
5 0
last timestep 5
