node 1348 iteration 0
0 0
1 1
2 0
3 0
last timestep 3
node 1348 iteration 1
0 0
1 2
2 4
3 8
4 21
5 37
6 53
7 70
8 77
9 89
10 96
11 108
12 65
13 55
14 39
15 29
16 30
17 15
18 7
19 5
20 4
21 2
22 1
23 3
24 3
25 0
26 0
last timestep 26
node 1348 iteration 2
0 0
1 4
2 3
3 4
4 10
5 13
6 13
7 12
8 12
9 22
10 22
11 29
12 29
13 21
14 49
15 57
16 74
17 77
18 91
19 76
20 69
21 48
22 44
23 53
24 36
25 14
26 7
27 2
28 4
29 1
30 0
31 0
last timestep 31
node 1348 iteration 3
0 0
1 1
2 5
3 5
4 8
5 8
6 12
7 28
8 32
9 41
10 41
11 59
12 67
13 65
14 76
15 74
16 65
17 44
18 41
19 23
20 21
21 16
22 4
23 6
24 6
25 10
26 6
27 4
28 1
29 0
30 0
last timestep 30
node 1348 iteration 4
0 0
1 3
2 0
3 2
4 2
5 5
6 1
7 2
8 7
9 13
10 32
11 51
12 56
13 69
14 90
15 111
16 122
17 112
18 78
19 52
20 32
21 20
22 10
23 3
24 2
25 1
26 0
last timestep 26
node 1348 iteration 5
0 0
1 4
2 1
3 1
4 8
5 5
6 5
7 7
8 21
9 28
10 45
11 54
12 52
13 63
14 74
15 91
16 69
17 56
18 43
19 49
20 29
21 28
22 12
23 5
24 2
25 3
26 3
27 2
28 0
29 0
last timestep 29
node 1348 iteration 6
0 0
1 4
2 9
3 9
4 6
5 14
6 11
7 18
8 39
9 50
10 63
11 70
12 94
13 95
14 94
15 85
16 63
17 48
18 39
19 32
20 11
21 8
22 5
23 3
24 4
25 2
26 3
27 0
28 0
last timestep 28
node 1348 iteration 7
0 0
1 4
2 14
3 22
4 31
5 47
6 66
7 72
8 98
9 99
10 96
11 77
12 80
13 59
14 41
15 39
16 17
17 16
18 5
19 1
20 1
21 0
22 0
last timestep 22
node 1348 iteration 8
0 0
1 1
2 0
3 0
last timestep 3
node 1348 iteration 9
0 0
1 5
2 15
3 22
4 48
5 60
6 94
7 102
8 120
9 82
10 66
11 51
12 46
13 30
14 17
15 11
16 7
17 2
18 2
19 0
20 0
last timestep 20
