node 590 iteration 0
0 0
1 3
2 1
3 1
4 1
5 0
6 0
last timestep 6
node 590 iteration 1
0 0
1 0
2 0
last timestep 2
node 590 iteration 2
0 0
1 4
2 3
3 2
4 1
5 3
6 10
7 18
8 27
9 40
10 64
11 78
12 80
13 86
14 68
15 83
16 70
17 44
18 42
19 15
20 12
21 5
22 1
23 2
24 1
25 0
26 0
last timestep 26
node 590 iteration 3
0 0
1 4
2 3
3 5
4 7
5 15
6 23
7 28
8 33
9 71
10 83
11 89
12 94
13 76
14 68
15 71
16 58
17 37
18 21
19 15
20 8
21 5
22 2
23 0
24 0
last timestep 24
node 590 iteration 4
0 0
1 4
2 9
3 12
4 14
5 16
6 21
7 21
8 39
9 59
10 70
11 77
12 71
13 60
14 65
15 57
16 37
17 21
18 16
19 7
20 3
21 2
22 3
23 1
24 0
25 0
last timestep 25
node 590 iteration 5
0 0
1 3
2 4
3 2
4 0
5 2
6 3
7 17
8 29
9 36
10 55
11 77
12 85
13 116
14 100
15 96
16 88
17 73
18 37
19 26
20 22
21 4
22 6
23 3
24 2
25 2
26 0
last timestep 26
node 590 iteration 6
0 0
1 4
2 3
3 7
4 9
5 13
6 11
7 12
8 16
9 23
10 27
11 36
12 49
13 60
14 64
15 69
16 66
17 58
18 51
19 51
20 33
21 17
22 17
23 7
24 8
25 8
26 6
27 5
28 4
29 1
30 0
31 0
last timestep 31
node 590 iteration 7
0 0
1 4
2 0
3 3
4 6
5 12
6 13
7 17
8 19
9 28
10 29
11 40
12 56
13 96
14 85
15 67
16 66
17 52
18 57
19 42
20 37
21 21
22 19
23 17
24 7
25 7
26 4
27 4
28 1
29 1
30 1
31 0
last timestep 31
node 590 iteration 8
0 0
1 5
2 10
3 11
4 16
5 27
6 53
7 52
8 55
9 59
10 67
11 73
12 96
13 91
14 68
15 65
16 33
17 25
18 18
19 14
20 14
21 5
22 2
23 3
24 4
25 3
26 0
27 0
last timestep 27
node 590 iteration 9
0 0
1 3
2 5
3 12
4 21
5 40
6 59
7 72
8 107
9 108
10 102
11 90
12 68
13 54
14 37
15 26
16 20
17 11
18 7
19 3
20 0
21 0
last timestep 21
