node 1487 iteration 0
0 0
1 3
2 1
3 1
4 2
5 4
6 3
7 4
8 5
9 5
10 15
11 30
12 35
13 44
14 56
15 72
16 54
17 67
18 66
19 52
20 45
21 33
22 21
23 18
24 18
25 18
26 15
27 13
28 8
29 3
30 4
31 2
32 1
33 0
34 0
last timestep 34
node 1487 iteration 1
0 0
1 2
2 1
3 5
4 9
5 16
6 24
7 37
8 31
9 39
10 60
11 93
12 101
13 84
14 69
15 49
16 49
17 40
18 30
19 17
20 8
21 3
22 6
23 9
24 5
25 0
26 0
last timestep 26
node 1487 iteration 2
0 0
1 0
2 0
last timestep 2
node 1487 iteration 3
0 0
1 0
2 0
last timestep 2
node 1487 iteration 4
0 0
1 2
2 9
3 18
4 30
5 46
6 62
7 83
8 88
9 91
10 90
11 97
12 79
13 47
14 26
15 18
16 9
17 9
18 5
19 2
20 0
21 0
last timestep 21
node 1487 iteration 5
0 0
1 1
2 2
3 2
4 4
5 5
6 13
7 14
8 18
9 24
10 26
11 39
12 29
13 48
14 62
15 64
16 76
17 63
18 60
19 58
20 48
21 22
22 23
23 14
24 6
25 2
26 2
27 2
28 1
29 0
30 0
last timestep 30
node 1487 iteration 6
0 0
1 2
2 8
3 11
4 20
5 20
6 40
7 57
8 77
9 92
10 81
11 69
12 51
13 41
14 35
15 26
16 17
17 11
18 7
19 8
20 4
21 5
22 2
23 8
24 7
25 3
26 1
27 1
28 0
29 0
last timestep 29
node 1487 iteration 7
0 0
1 2
2 1
3 3
4 5
5 4
6 5
7 1
8 1
9 1
10 0
11 0
last timestep 11
node 1487 iteration 8
0 0
1 0
2 0
last timestep 2
node 1487 iteration 9
0 0
1 0
2 1
3 1
4 5
5 2
6 1
7 0
last timestep 7
