node 2018 iteration 0
0 0
1 3
2 10
3 14
4 19
5 21
6 44
7 62
8 88
9 70
10 76
11 55
12 34
13 25
14 18
15 11
16 5
17 4
18 2
19 0
20 2
21 1
22 2
23 1
24 0
last timestep 24
node 2018 iteration 1
0 0
1 5
2 8
3 19
4 20
5 29
6 27
7 35
8 34
9 51
10 53
11 59
12 57
13 59
14 64
15 75
16 56
17 43
18 47
19 36
20 10
21 16
22 10
23 8
24 2
25 1
26 0
27 0
last timestep 27
node 2018 iteration 2
0 0
1 2
2 5
3 5
4 4
5 4
6 6
7 9
8 12
9 14
10 14
11 22
12 20
13 42
14 36
15 48
16 76
17 80
18 69
19 61
20 48
21 35
22 27
23 24
24 17
25 15
26 14
27 5
28 2
29 3
30 3
31 0
32 0
last timestep 32
node 2018 iteration 3
0 0
1 3
2 5
3 9
4 7
5 18
6 26
7 18
8 32
9 38
10 45
11 63
12 68
13 62
14 81
15 85
16 71
17 60
18 40
19 22
20 23
21 17
22 16
23 14
24 5
25 1
26 0
27 0
last timestep 27
node 2018 iteration 4
0 0
1 2
2 1
3 6
4 7
5 14
6 15
7 30
8 52
9 82
10 93
11 102
12 76
13 72
14 65
15 60
16 36
17 20
18 10
19 12
20 10
21 8
22 2
23 2
24 0
25 0
last timestep 25
node 2018 iteration 5
0 0
1 1
2 0
3 0
last timestep 3
node 2018 iteration 6
0 0
1 3
2 2
3 5
4 7
5 13
6 12
7 19
8 28
9 24
10 29
11 29
12 39
13 48
14 48
15 58
16 52
17 50
18 43
19 47
20 40
21 51
22 31
23 28
24 24
25 12
26 16
27 13
28 8
29 6
30 1
31 0
32 0
last timestep 32
node 2018 iteration 7
0 0
1 4
2 3
3 0
4 0
last timestep 4
node 2018 iteration 8
0 0
1 2
2 5
3 9
4 7
5 10
6 23
7 39
8 45
9 67
10 77
11 80
12 56
13 66
14 74
15 76
16 68
17 54
18 39
19 18
20 15
21 4
22 0
23 0
last timestep 23
node 2018 iteration 9
0 0
1 2
2 4
3 8
4 12
5 26
6 25
7 28
8 56
9 86
10 115
11 127
12 78
13 48
14 48
15 39
16 19
17 10
18 9
19 5
20 4
21 3
22 0
23 0
last timestep 23
