node 2564 iteration 0
0 0
1 0
2 0
last timestep 2
node 2564 iteration 1
0 0
1 2
2 4
3 1
4 4
5 8
6 10
7 15
8 16
9 19
10 27
11 31
12 35
13 47
14 60
15 61
16 66
17 56
18 48
19 41
20 42
21 25
22 25
23 16
24 11
25 4
26 5
27 2
28 3
29 3
30 1
31 1
32 1
33 0
34 0
last timestep 34
node 2564 iteration 2
0 0
1 2
2 3
3 14
4 23
5 27
6 45
7 55
8 55
9 62
10 65
11 66
12 66
13 50
14 41
15 23
16 33
17 36
18 37
19 30
20 18
21 25
22 15
23 17
24 13
25 11
26 11
27 4
28 2
29 2
30 2
31 0
32 0
last timestep 32
node 2564 iteration 3
0 0
1 0
2 0
last timestep 2
node 2564 iteration 4
0 0
1 2
2 7
3 5
4 2
5 2
6 3
7 3
8 4
9 0
10 0
last timestep 10
node 2564 iteration 5
0 0
1 0
2 0
last timestep 2
node 2564 iteration 6
0 0
1 1
2 3
3 2
4 2
5 7
6 10
7 18
8 21
9 30
10 46
11 43
12 61
13 68
14 80
15 68
16 64
17 74
18 63
19 48
20 31
21 17
22 6
23 5
24 1
25 2
26 0
27 4
28 3
29 1
30 0
last timestep 30
node 2564 iteration 7
0 0
1 2
2 2
3 2
4 12
5 4
6 11
7 11
8 28
9 53
10 64
11 75
12 102
13 118
14 128
15 96
16 73
17 62
18 50
19 20
20 18
21 10
22 5
23 2
24 1
25 0
26 0
last timestep 26
node 2564 iteration 8
0 0
1 1
2 4
3 9
4 8
5 13
6 41
7 42
8 48
9 74
10 106
11 112
12 74
13 68
14 58
15 37
16 31
17 21
18 9
19 5
20 2
21 1
22 2
23 0
24 0
last timestep 24
node 2564 iteration 9
0 0
1 0
2 4
3 12
4 12
5 14
6 23
7 52
8 71
9 105
10 119
11 118
12 101
13 71
14 60
15 50
16 25
17 14
18 5
19 5
20 5
21 6
22 4
23 2
24 0
last timestep 24
