node 1015 iteration 0
0 0
1 6
2 13
3 23
4 45
5 58
6 64
7 72
8 77
9 91
10 90
11 82
12 78
13 53
14 24
15 18
16 13
17 5
18 4
19 2
20 1
21 0
22 0
last timestep 22
node 1015 iteration 1
0 0
1 7
2 19
3 23
4 44
5 49
6 78
7 85
8 89
9 96
10 94
11 83
12 61
13 49
14 27
15 20
16 8
17 10
18 4
19 3
20 0
21 0
last timestep 21
node 1015 iteration 2
0 0
1 1
2 2
3 2
4 4
5 8
6 9
7 11
8 12
9 14
10 8
11 13
12 17
13 23
14 34
15 51
16 73
17 85
18 100
19 67
20 66
21 47
22 35
23 27
24 22
25 16
26 14
27 10
28 11
29 6
30 9
31 5
32 1
33 0
34 1
35 0
last timestep 35
node 1015 iteration 3
0 0
1 5
2 8
3 13
4 37
5 40
6 49
7 76
8 83
9 103
10 110
11 87
12 68
13 48
14 27
15 25
16 18
17 10
18 13
19 8
20 4
21 8
22 3
23 4
24 5
25 2
26 1
27 0
28 0
last timestep 28
node 1015 iteration 4
0 0
1 2
2 12
3 14
4 21
5 31
6 33
7 38
8 56
9 68
10 84
11 79
12 93
13 96
14 88
15 47
16 34
17 15
18 3
19 0
20 0
last timestep 20
node 1015 iteration 5
0 0
1 5
2 5
3 3
4 5
5 12
6 15
7 30
8 45
9 54
10 67
11 51
12 65
13 59
14 71
15 66
16 60
17 58
18 44
19 33
20 20
21 10
22 6
23 4
24 2
25 1
26 0
27 0
last timestep 27
node 1015 iteration 6
0 0
1 5
2 7
3 12
4 12
5 13
6 28
7 29
8 63
9 117
10 158
11 132
12 106
13 89
14 71
15 50
16 22
17 9
18 7
19 8
20 5
21 4
22 4
23 3
24 1
25 4
26 1
27 0
28 0
last timestep 28
node 1015 iteration 7
0 0
1 2
2 8
3 7
4 11
5 14
6 36
7 68
8 103
9 114
10 133
11 111
12 106
13 68
14 51
15 23
16 9
17 10
18 4
19 2
20 1
21 2
22 0
23 0
last timestep 23
node 1015 iteration 8
0 0
1 0
2 4
3 7
4 12
5 13
6 13
7 21
8 45
9 48
10 67
11 85
12 80
13 90
14 65
15 38
16 27
17 25
18 5
19 2
20 1
21 1
22 1
23 0
last timestep 23
node 1015 iteration 9
0 0
1 6
2 10
3 26
4 29
5 45
6 44
7 57
8 52
9 57
10 72
11 88
12 80
13 60
14 41
15 30
16 23
17 27
18 20
19 12
20 5
21 1
22 0
23 0
last timestep 23
