node 1303 iteration 0
0 0
1 2
2 6
3 6
4 10
5 7
6 18
7 26
8 31
9 48
10 67
11 62
12 49
13 75
14 64
15 59
16 66
17 52
18 47
19 26
20 28
21 25
22 14
23 14
24 11
25 8
26 2
27 3
28 1
29 0
30 0
last timestep 30
node 1303 iteration 1
0 0
1 1
2 3
3 2
4 1
5 2
6 8
7 15
8 21
9 29
10 29
11 37
12 51
13 40
14 51
15 56
16 75
17 87
18 80
19 57
20 49
21 37
22 22
23 16
24 18
25 13
26 5
27 5
28 3
29 4
30 1
31 0
32 0
last timestep 32
node 1303 iteration 2
0 0
1 2
2 2
3 4
4 4
5 7
6 8
7 11
8 24
9 35
10 40
11 46
12 63
13 60
14 73
15 81
16 76
17 70
18 44
19 31
20 23
21 13
22 14
23 2
24 1
25 0
26 0
last timestep 26
node 1303 iteration 3
0 0
1 1
2 4
3 2
4 6
5 12
6 14
7 19
8 27
9 43
10 49
11 75
12 87
13 101
14 99
15 93
16 53
17 45
18 34
19 26
20 13
21 7
22 4
23 3
24 6
25 3
26 3
27 2
28 6
29 4
30 0
31 0
last timestep 31
node 1303 iteration 4
0 0
1 3
2 8
3 11
4 18
5 17
6 25
7 40
8 60
9 63
10 76
11 78
12 83
13 64
14 51
15 32
16 24
17 31
18 12
19 16
20 10
21 10
22 5
23 2
24 0
25 0
last timestep 25
node 1303 iteration 5
0 0
1 0
2 0
last timestep 2
node 1303 iteration 6
0 0
1 1
2 1
3 1
4 0
5 0
last timestep 5
node 1303 iteration 7
0 0
1 2
2 2
3 1
4 1
5 0
6 0
last timestep 6
node 1303 iteration 8
0 0
1 5
2 5
3 1
4 1
5 2
6 1
7 2
8 0
9 0
last timestep 9
node 1303 iteration 9
0 0
1 2
2 0
3 0
last timestep 3
