node 543 iteration 0
0 0
1 3
2 2
3 3
4 0
5 0
last timestep 5
node 543 iteration 1
0 0
1 2
2 7
3 17
4 26
5 57
6 76
7 89
8 100
9 105
10 96
11 71
12 49
13 32
14 31
15 15
16 15
17 5
18 9
19 2
20 7
21 4
22 5
23 1
24 0
25 0
last timestep 25
node 543 iteration 2
0 0
1 3
2 5
3 11
4 10
5 16
6 27
7 39
8 81
9 85
10 106
11 93
12 90
13 94
14 64
15 44
16 31
17 23
18 12
19 6
20 8
21 6
22 5
23 1
24 1
25 1
26 1
27 0
28 0
last timestep 28
node 543 iteration 3
0 0
1 2
2 3
3 1
4 2
5 1
6 1
7 2
8 3
9 6
10 7
11 10
12 11
13 18
14 27
15 32
16 44
17 54
18 69
19 82
20 83
21 76
22 64
23 43
24 38
25 24
26 18
27 16
28 6
29 10
30 7
31 1
32 5
33 5
34 6
35 6
36 1
37 2
38 1
39 0
40 0
last timestep 40
node 543 iteration 4
0 0
1 4
2 2
3 2
4 0
5 0
last timestep 5
node 543 iteration 5
0 0
1 1
2 1
3 2
4 4
5 2
6 0
7 0
last timestep 7
node 543 iteration 6
0 0
1 1
2 3
3 1
4 0
5 2
6 2
7 1
8 6
9 2
10 7
11 11
12 16
13 6
14 14
15 9
16 13
17 24
18 36
19 46
20 57
21 53
22 46
23 68
24 74
25 75
26 59
27 43
28 33
29 26
30 27
31 12
32 18
33 13
34 17
35 8
36 9
37 7
38 7
39 3
40 5
41 4
42 0
last timestep 42
node 543 iteration 7
0 0
1 1
2 3
3 4
4 11
5 13
6 11
7 23
8 18
9 25
10 43
11 61
12 68
13 82
14 84
15 80
16 81
17 68
18 47
19 37
20 32
21 18
22 7
23 8
24 3
25 3
26 2
27 1
28 0
29 0
last timestep 29
node 543 iteration 8
0 0
1 2
2 0
3 0
last timestep 3
node 543 iteration 9
0 0
1 2
2 0
3 0
last timestep 3
