node 1040 iteration 0
0 0
1 4
2 7
3 8
4 8
5 16
6 26
7 55
8 52
9 81
10 84
11 78
12 55
13 38
14 25
15 14
16 5
17 3
18 0
19 0
last timestep 19
node 1040 iteration 1
0 0
1 3
2 0
3 0
last timestep 3
node 1040 iteration 2
0 0
1 3
2 6
3 16
4 18
5 20
6 26
7 35
8 42
9 66
10 73
11 67
12 81
13 66
14 73
15 52
16 40
17 27
18 21
19 15
20 10
21 8
22 4
23 3
24 5
25 4
26 3
27 1
28 0
29 0
last timestep 29
node 1040 iteration 3
0 0
1 2
2 1
3 2
4 2
5 1
6 2
7 5
8 11
9 14
10 13
11 18
12 24
13 24
14 32
15 51
16 68
17 94
18 85
19 75
20 52
21 50
22 31
23 25
24 20
25 13
26 6
27 5
28 4
29 0
30 0
last timestep 30
node 1040 iteration 4
0 0
1 5
2 11
3 11
4 12
5 16
6 31
7 37
8 44
9 57
10 78
11 85
12 86
13 61
14 71
15 47
16 28
17 18
18 15
19 14
20 12
21 5
22 6
23 2
24 2
25 1
26 0
27 0
last timestep 27
node 1040 iteration 5
0 0
1 2
2 4
3 2
4 2
5 4
6 8
7 9
8 19
9 22
10 27
11 37
12 54
13 69
14 95
15 97
16 92
17 61
18 48
19 28
20 34
21 29
22 17
23 11
24 10
25 6
26 4
27 0
28 1
29 1
30 0
last timestep 30
node 1040 iteration 6
0 0
1 3
2 3
3 5
4 5
5 4
6 4
7 2
8 3
9 5
10 7
11 13
12 11
13 20
14 27
15 29
16 43
17 52
18 43
19 67
20 72
21 70
22 59
23 37
24 47
25 41
26 25
27 22
28 12
29 19
30 12
31 2
32 0
33 0
last timestep 33
node 1040 iteration 7
0 0
1 0
2 0
last timestep 2
node 1040 iteration 8
0 0
1 1
2 0
3 0
last timestep 3
node 1040 iteration 9
0 0
1 3
2 7
3 19
4 31
5 36
6 55
7 72
8 114
9 110
10 80
11 74
12 71
13 68
14 44
15 27
16 22
17 17
18 12
19 1
20 0
21 0
last timestep 21
