node 638 iteration 0
0 0
1 2
2 5
3 5
4 5
5 11
6 17
7 18
8 16
9 19
10 21
11 38
12 58
13 71
14 75
15 67
16 60
17 54
18 51
19 39
20 21
21 16
22 10
23 7
24 2
25 3
26 1
27 1
28 1
29 2
30 1
31 2
32 7
33 8
34 14
35 3
36 7
37 2
38 2
39 1
40 0
41 0
last timestep 41
node 638 iteration 1
0 0
1 2
2 4
3 2
4 0
5 2
6 1
7 0
last timestep 7
node 638 iteration 2
0 0
1 1
2 2
3 2
4 5
5 7
6 10
7 12
8 15
9 20
10 34
11 45
12 56
13 86
14 102
15 123
16 99
17 70
18 58
19 32
20 24
21 16
22 9
23 9
24 2
25 0
26 0
last timestep 26
node 638 iteration 3
0 0
1 2
2 2
3 0
4 0
last timestep 4
node 638 iteration 4
0 0
1 1
2 1
3 3
4 2
5 2
6 0
7 0
last timestep 7
node 638 iteration 5
0 0
1 1
2 0
3 0
last timestep 3
node 638 iteration 6
0 0
1 1
2 1
3 0
4 0
last timestep 4
node 638 iteration 7
0 0
1 1
2 3
3 3
4 9
5 13
6 23
7 27
8 26
9 39
10 49
11 63
12 74
13 83
14 73
15 75
16 58
17 55
18 38
19 32
20 18
21 12
22 7
23 3
24 4
25 3
26 4
27 2
28 1
29 1
30 0
31 0
last timestep 31
node 638 iteration 8
0 0
1 0
2 0
last timestep 2
node 638 iteration 9
0 0
1 2
2 3
3 3
4 2
5 2
6 2
7 4
8 11
9 22
10 49
11 65
12 104
13 113
14 121
15 94
16 90
17 54
18 35
19 19
20 8
21 2
22 2
23 2
24 0
25 0
last timestep 25
