node 3079 iteration 0
0 0
1 4
2 3
3 2
4 1
5 2
6 2
7 1
8 0
9 0
last timestep 9
node 3079 iteration 1
0 0
1 0
2 3
3 1
4 0
last timestep 4
node 3079 iteration 2
0 0
1 1
2 2
3 1
4 0
5 0
last timestep 5
node 3079 iteration 3
0 0
1 2
2 11
3 25
4 47
5 65
6 67
7 79
8 61
9 65
10 73
11 58
12 44
13 36
14 28
15 23
16 14
17 15
18 9
19 5
20 2
21 1
22 0
23 0
last timestep 23
node 3079 iteration 4
0 0
1 3
2 6
3 13
4 8
5 22
6 22
7 29
8 59
9 55
10 70
11 56
12 57
13 43
14 43
15 43
16 37
17 17
18 10
19 5
20 1
21 2
22 1
23 1
24 0
25 0
last timestep 25
node 3079 iteration 5
0 0
1 2
2 2
3 3
4 2
5 0
6 0
last timestep 6
node 3079 iteration 6
0 0
1 1
2 0
3 0
last timestep 3
node 3079 iteration 7
0 0
1 2
2 2
3 5
4 13
5 20
6 30
7 57
8 76
9 90
10 107
11 75
12 89
13 65
14 50
15 36
16 28
17 21
18 8
19 6
20 6
21 4
22 2
23 0
24 0
last timestep 24
node 3079 iteration 8
0 0
1 3
2 7
3 9
4 10
5 18
6 18
7 34
8 49
9 60
10 72
11 95
12 114
13 103
14 74
15 68
16 43
17 25
18 12
19 12
20 5
21 2
22 0
23 0
last timestep 23
node 3079 iteration 9
0 0
1 1
2 2
3 6
4 10
5 25
6 29
7 41
8 60
9 90
10 95
11 85
12 92
13 80
14 84
15 55
16 27
17 22
18 14
19 17
20 9
21 9
22 1
23 3
24 1
25 1
26 0
27 0
last timestep 27
