node 1342 iteration 0
0 0
1 2
2 6
3 11
4 24
5 15
6 29
7 37
8 38
9 49
10 60
11 79
12 94
13 71
14 83
15 53
16 43
17 40
18 31
19 24
20 5
21 10
22 7
23 0
24 1
25 0
last timestep 25
node 1342 iteration 1
0 0
1 1
2 2
3 2
4 5
5 2
6 3
7 4
8 11
9 9
10 15
11 28
12 40
13 50
14 71
15 99
16 113
17 94
18 82
19 67
20 43
21 29
22 25
23 14
24 13
25 10
26 13
27 5
28 1
29 1
30 0
31 0
last timestep 31
node 1342 iteration 2
0 0
1 2
2 1
3 1
4 3
5 6
6 2
7 14
8 15
9 17
10 15
11 22
12 36
13 43
14 64
15 77
16 91
17 102
18 97
19 80
20 69
21 30
22 29
23 27
24 17
25 11
26 9
27 6
28 6
29 6
30 1
31 1
32 0
33 0
last timestep 33
node 1342 iteration 3
0 0
1 0
2 0
last timestep 2
node 1342 iteration 4
0 0
1 1
2 3
3 1
4 4
5 10
6 16
7 12
8 21
9 4
10 14
11 22
12 22
13 31
14 45
15 57
16 95
17 92
18 86
19 87
20 67
21 35
22 32
23 21
24 8
25 14
26 10
27 6
28 7
29 4
30 3
31 1
32 1
33 2
34 3
35 0
36 0
last timestep 36
node 1342 iteration 5
0 0
1 3
2 5
3 5
4 4
5 17
6 19
7 17
8 21
9 26
10 39
11 43
12 52
13 65
14 74
15 89
16 81
17 65
18 42
19 29
20 20
21 6
22 5
23 4
24 7
25 1
26 3
27 0
28 0
last timestep 28
node 1342 iteration 6
0 0
1 1
2 1
3 3
4 2
5 0
6 0
last timestep 6
node 1342 iteration 7
0 0
1 0
2 0
last timestep 2
node 1342 iteration 8
0 0
1 2
2 7
3 10
4 16
5 23
6 58
7 69
8 60
9 89
10 97
11 72
12 78
13 65
14 50
15 34
16 19
17 12
18 9
19 2
20 1
21 0
22 0
last timestep 22
node 1342 iteration 9
0 0
1 1
2 0
3 0
last timestep 3
