node 696 iteration 0
0 0
1 3
2 4
3 10
4 5
5 10
6 12
7 13
8 30
9 45
10 55
11 54
12 66
13 60
14 57
15 65
16 48
17 51
18 35
19 48
20 37
21 26
22 23
23 19
24 11
25 3
26 3
27 3
28 2
29 2
30 0
31 0
last timestep 31
node 696 iteration 1
0 0
1 0
2 0
last timestep 2
node 696 iteration 2
0 0
1 2
2 2
3 3
4 2
5 7
6 3
7 9
8 3
9 3
10 3
11 2
12 9
13 13
14 22
15 29
16 49
17 73
18 78
19 95
20 97
21 106
22 84
23 70
24 42
25 31
26 20
27 22
28 7
29 3
30 3
31 3
32 2
33 2
34 1
35 0
36 0
last timestep 36
node 696 iteration 3
0 0
1 0
2 0
last timestep 2
node 696 iteration 4
0 0
1 3
2 4
3 5
4 8
5 5
6 5
7 9
8 13
9 8
10 12
11 16
12 22
13 25
14 31
15 45
16 63
17 58
18 73
19 77
20 53
21 42
22 37
23 34
24 24
25 28
26 34
27 14
28 8
29 7
30 0
31 0
last timestep 31
node 696 iteration 5
0 0
1 4
2 2
3 4
4 2
5 1
6 1
7 2
8 3
9 4
10 4
11 4
12 9
13 10
14 28
15 37
16 33
17 37
18 38
19 59
20 71
21 72
22 68
23 59
24 44
25 31
26 32
27 37
28 23
29 13
30 16
31 7
32 6
33 1
34 0
35 0
last timestep 35
node 696 iteration 6
0 0
1 0
2 0
last timestep 2
node 696 iteration 7
0 0
1 2
2 1
3 9
4 17
5 42
6 49
7 74
8 76
9 83
10 89
11 69
12 60
13 54
14 41
15 39
16 21
17 20
18 14
19 4
20 6
21 1
22 1
23 0
24 0
last timestep 24
node 696 iteration 8
0 0
1 2
2 2
3 6
4 10
5 16
6 18
7 18
8 18
9 13
10 6
11 7
12 25
13 18
14 28
15 23
16 37
17 37
18 53
19 54
20 63
21 50
22 45
23 35
24 27
25 21
26 15
27 20
28 24
29 15
30 14
31 15
32 8
33 5
34 7
35 3
36 0
37 1
38 0
last timestep 38
node 696 iteration 9
0 0
1 3
2 2
3 1
4 1
5 3
6 0
7 0
last timestep 7
