node 627 iteration 0
0 0
1 3
2 1
3 4
4 5
5 12
6 29
7 37
8 41
9 52
10 55
11 74
12 75
13 93
14 80
15 56
16 48
17 35
18 31
19 20
20 24
21 20
22 9
23 7
24 10
25 5
26 2
27 0
28 0
last timestep 28
node 627 iteration 1
0 0
1 1
2 5
3 6
4 13
5 6
6 5
7 10
8 6
9 12
10 29
11 53
12 92
13 102
14 97
15 90
16 63
17 46
18 34
19 26
20 21
21 14
22 10
23 3
24 3
25 1
26 2
27 1
28 0
29 0
last timestep 29
node 627 iteration 2
0 0
1 1
2 0
3 0
last timestep 3
node 627 iteration 3
0 0
1 4
2 5
3 6
4 9
5 5
6 16
7 29
8 38
9 38
10 52
11 68
12 79
13 88
14 88
15 63
16 54
17 38
18 32
19 34
20 16
21 12
22 2
23 1
24 3
25 0
26 0
last timestep 26
node 627 iteration 4
0 0
1 1
2 5
3 12
4 12
5 33
6 38
7 49
8 83
9 81
10 90
11 125
12 107
13 74
14 56
15 44
16 31
17 16
18 10
19 12
20 4
21 1
22 4
23 3
24 2
25 2
26 0
27 0
last timestep 27
node 627 iteration 5
0 0
1 5
2 4
3 10
4 21
5 31
6 41
7 33
8 49
9 77
10 83
11 85
12 103
13 67
14 60
15 38
16 27
17 20
18 11
19 7
20 3
21 5
22 2
23 3
24 0
25 0
last timestep 25
node 627 iteration 6
0 0
1 3
2 5
3 7
4 6
5 4
6 6
7 4
8 2
9 6
10 5
11 9
12 23
13 36
14 55
15 73
16 88
17 87
18 102
19 64
20 69
21 55
22 34
23 19
24 12
25 20
26 11
27 7
28 10
29 8
30 7
31 6
32 6
33 3
34 0
35 0
last timestep 35
node 627 iteration 7
0 0
1 2
2 3
3 9
4 8
5 14
6 35
7 37
8 43
9 60
10 82
11 76
12 76
13 68
14 58
15 59
16 48
17 49
18 34
19 33
20 21
21 10
22 5
23 1
24 0
25 1
26 1
27 0
last timestep 27
node 627 iteration 8
0 0
1 8
2 15
3 23
4 18
5 19
6 35
7 42
8 44
9 61
10 77
11 90
12 68
13 64
14 61
15 49
16 45
17 14
18 6
19 3
20 2
21 1
22 1
23 0
24 0
last timestep 24
node 627 iteration 9
0 0
1 3
2 4
3 8
4 14
5 13
6 13
7 10
8 15
9 17
10 28
11 38
12 54
13 67
14 80
15 63
16 80
17 80
18 65
19 49
20 47
21 21
22 11
23 11
24 6
25 2
26 2
27 1
28 0
29 0
last timestep 29
