node 1301 iteration 0
0 0
1 3
2 0
3 0
last timestep 3
node 1301 iteration 1
0 0
1 1
2 0
3 0
last timestep 3
node 1301 iteration 2
0 0
1 1
2 2
3 0
4 0
last timestep 4
node 1301 iteration 3
0 0
1 0
2 1
3 6
4 11
5 20
6 44
7 62
8 66
9 78
10 95
11 90
12 92
13 62
14 52
15 25
16 19
17 21
18 16
19 8
20 4
21 0
last timestep 21
node 1301 iteration 4
0 0
1 2
2 1
3 2
4 1
5 0
6 0
last timestep 6
node 1301 iteration 5
0 0
1 2
2 5
3 6
4 17
5 19
6 33
7 46
8 55
9 78
10 96
11 98
12 92
13 102
14 69
15 59
16 38
17 30
18 12
19 9
20 5
21 0
22 0
last timestep 22
node 1301 iteration 6
0 0
1 0
2 0
last timestep 2
node 1301 iteration 7
0 0
1 1
2 2
3 3
4 2
5 1
6 2
7 5
8 6
9 4
10 2
11 4
12 4
13 7
14 6
15 3
16 2
17 2
18 1
19 1
20 2
21 1
22 1
23 1
24 1
25 0
26 0
last timestep 26
node 1301 iteration 8
0 0
1 1
2 2
3 5
4 1
5 9
6 4
7 3
8 1
9 1
10 2
11 1
12 3
13 2
14 2
15 3
16 2
17 8
18 10
19 17
20 30
21 28
22 40
23 48
24 82
25 86
26 82
27 61
28 46
29 49
30 38
31 38
32 19
33 18
34 4
35 1
36 1
37 0
38 0
last timestep 38
node 1301 iteration 9
0 0
1 2
2 2
3 1
4 3
5 2
6 3
7 5
8 5
9 1
10 1
11 4
12 12
13 10
14 24
15 36
16 31
17 48
18 52
19 62
20 53
21 63
22 60
23 63
24 37
25 37
26 44
27 38
28 14
29 9
30 6
31 6
32 4
33 7
34 5
35 2
36 0
37 0
last timestep 37
