node 370 iteration 0
0 0
1 3
2 8
3 11
4 19
5 20
6 28
7 43
8 69
9 87
10 87
11 101
12 74
13 56
14 38
15 34
16 29
17 15
18 14
19 14
20 6
21 1
22 0
23 0
last timestep 23
node 370 iteration 1
0 0
1 4
2 2
3 3
4 5
5 14
6 23
7 21
8 33
9 39
10 74
11 94
12 97
13 83
14 76
15 87
16 61
17 34
18 33
19 22
20 8
21 11
22 7
23 1
24 1
25 0
26 0
last timestep 26
node 370 iteration 2
0 0
1 3
2 7
3 6
4 5
5 6
6 23
7 37
8 44
9 44
10 59
11 69
12 75
13 78
14 71
15 70
16 51
17 32
18 6
19 3
20 5
21 4
22 3
23 1
24 0
25 0
last timestep 25
node 370 iteration 3
0 0
1 1
2 2
3 0
4 0
last timestep 4
node 370 iteration 4
0 0
1 3
2 0
3 0
last timestep 3
node 370 iteration 5
0 0
1 2
2 0
3 0
last timestep 3
node 370 iteration 6
0 0
1 6
2 6
3 5
4 3
5 4
6 4
7 16
8 21
9 15
10 30
11 39
12 47
13 62
14 71
15 83
16 73
17 65
18 57
19 59
20 35
21 21
22 8
23 5
24 3
25 0
26 1
27 0
last timestep 27
node 370 iteration 7
0 0
1 2
2 2
3 3
4 5
5 3
6 4
7 7
8 9
9 11
10 19
11 24
12 56
13 53
14 91
15 102
16 97
17 70
18 62
19 47
20 24
21 24
22 12
23 10
24 7
25 4
26 2
27 1
28 0
29 0
last timestep 29
node 370 iteration 8
0 0
1 1
2 0
3 1
4 3
5 4
6 3
7 3
8 6
9 15
10 18
11 31
12 48
13 70
14 77
15 69
16 79
17 98
18 76
19 64
20 46
21 39
22 23
23 12
24 6
25 7
26 3
27 3
28 0
last timestep 28
node 370 iteration 9
0 0
1 2
2 2
3 5
4 8
5 6
6 10
7 23
8 25
9 32
10 47
11 54
12 75
13 78
14 91
15 85
16 63
17 65
18 48
19 36
20 26
21 21
22 5
23 2
24 1
25 0
26 1
27 0
last timestep 27
