node 1030 iteration 0
0 0
1 4
2 6
3 14
4 25
5 29
6 49
7 38
8 60
9 64
10 86
11 111
12 93
13 59
14 48
15 42
16 36
17 26
18 16
19 14
20 7
21 6
22 4
23 1
24 1
25 0
26 0
last timestep 26
node 1030 iteration 1
0 0
1 4
2 13
3 34
4 50
5 59
6 51
7 73
8 85
9 92
10 89
11 58
12 53
13 39
14 34
15 22
16 15
17 6
18 1
19 1
20 2
21 0
22 0
last timestep 22
node 1030 iteration 2
0 0
1 0
2 0
last timestep 2
node 1030 iteration 3
0 0
1 3
2 10
3 8
4 15
5 18
6 23
7 29
8 22
9 21
10 29
11 40
12 60
13 70
14 82
15 80
16 85
17 50
18 44
19 27
20 29
21 7
22 8
23 5
24 10
25 8
26 7
27 9
28 3
29 3
30 0
31 0
last timestep 31
node 1030 iteration 4
0 0
1 1
2 2
3 3
4 3
5 0
6 0
last timestep 6
node 1030 iteration 5
0 0
1 1
2 0
3 0
last timestep 3
node 1030 iteration 6
0 0
1 2
2 1
3 1
4 1
5 3
6 3
7 3
8 6
9 12
10 13
11 20
12 38
13 51
14 56
15 93
16 77
17 72
18 57
19 37
20 39
21 34
22 34
23 38
24 34
25 10
26 13
27 8
28 5
29 4
30 4
31 4
32 2
33 0
34 0
last timestep 34
node 1030 iteration 7
0 0
1 0
2 0
last timestep 2
node 1030 iteration 8
0 0
1 1
2 0
3 0
last timestep 3
node 1030 iteration 9
0 0
1 3
2 8
3 15
4 17
5 17
6 27
7 28
8 41
9 52
10 57
11 72
12 72
13 50
14 67
15 46
16 50
17 46
18 31
19 38
20 27
21 22
22 24
23 11
24 10
25 10
26 7
27 11
28 2
29 0
30 0
last timestep 30
