node 2210 iteration 0
0 0
1 2
2 3
3 6
4 8
5 8
6 24
7 31
8 47
9 53
10 81
11 73
12 92
13 94
14 93
15 96
16 75
17 38
18 22
19 17
20 6
21 7
22 12
23 8
24 6
25 3
26 3
27 2
28 0
29 0
last timestep 29
node 2210 iteration 1
0 0
1 3
2 5
3 11
4 11
5 18
6 29
7 44
8 74
9 97
10 98
11 87
12 79
13 70
14 38
15 15
16 16
17 4
18 10
19 8
20 9
21 7
22 8
23 6
24 2
25 3
26 2
27 1
28 0
29 0
last timestep 29
node 2210 iteration 2
0 0
1 1
2 1
3 1
4 2
5 2
6 6
7 8
8 11
9 8
10 11
11 21
12 31
13 55
14 65
15 112
16 101
17 91
18 82
19 67
20 51
21 38
22 29
23 10
24 5
25 5
26 4
27 4
28 1
29 1
30 2
31 3
32 0
33 1
34 4
35 0
last timestep 35
node 2210 iteration 3
0 0
1 0
2 0
last timestep 2
node 2210 iteration 4
0 0
1 0
2 0
last timestep 2
node 2210 iteration 5
0 0
1 0
2 0
last timestep 2
node 2210 iteration 6
0 0
1 4
2 8
3 15
4 28
5 35
6 38
7 34
8 43
9 45
10 63
11 86
12 68
13 69
14 70
15 73
16 49
17 30
18 25
19 20
20 11
21 7
22 6
23 2
24 1
25 0
26 0
last timestep 26
node 2210 iteration 7
0 0
1 2
2 1
3 3
4 4
5 8
6 12
7 20
8 35
9 36
10 46
11 82
12 101
13 87
14 97
15 92
16 78
17 64
18 45
19 34
20 21
21 15
22 7
23 4
24 3
25 1
26 0
27 0
last timestep 27
node 2210 iteration 8
0 0
1 0
2 0
last timestep 2
node 2210 iteration 9
0 0
1 2
2 11
3 10
4 11
5 4
6 6
7 11
8 8
9 13
10 17
11 16
12 25
13 24
14 36
15 38
16 51
17 46
18 60
19 53
20 43
21 32
22 27
23 21
24 15
25 18
26 7
27 9
28 6
29 4
30 0
31 0
last timestep 31
