node 2838 iteration 0
0 0
1 2
2 1
3 2
4 7
5 2
6 13
7 8
8 8
9 15
10 20
11 29
12 39
13 52
14 57
15 84
16 54
17 64
18 43
19 38
20 23
21 13
22 7
23 3
24 0
25 0
last timestep 25
node 2838 iteration 1
0 0
1 4
2 12
3 27
4 23
5 36
6 49
7 52
8 38
9 55
10 72
11 65
12 63
13 65
14 36
15 41
16 24
17 26
18 24
19 17
20 10
21 7
22 7
23 6
24 11
25 2
26 1
27 0
28 0
last timestep 28
node 2838 iteration 2
0 0
1 4
2 3
3 6
4 9
5 14
6 19
7 27
8 35
9 43
10 65
11 70
12 74
13 78
14 89
15 69
16 57
17 39
18 23
19 18
20 14
21 1
22 1
23 0
24 0
last timestep 24
node 2838 iteration 3
0 0
1 5
2 10
3 29
4 31
5 55
6 44
7 71
8 90
9 94
10 99
11 84
12 73
13 43
14 31
15 24
16 26
17 17
18 10
19 10
20 7
21 5
22 1
23 0
24 0
last timestep 24
node 2838 iteration 4
0 0
1 1
2 0
3 0
last timestep 3
node 2838 iteration 5
0 0
1 2
2 1
3 3
4 3
5 1
6 2
7 7
8 8
9 10
10 12
11 25
12 16
13 41
14 41
15 53
16 66
17 58
18 66
19 68
20 70
21 50
22 40
23 36
24 33
25 23
26 8
27 5
28 7
29 5
30 1
31 1
32 0
33 0
last timestep 33
node 2838 iteration 6
0 0
1 1
2 0
3 0
last timestep 3
node 2838 iteration 7
0 0
1 0
2 0
last timestep 2
node 2838 iteration 8
0 0
1 1
2 1
3 1
4 0
5 0
last timestep 5
node 2838 iteration 9
0 0
1 2
2 3
3 2
4 8
5 18
6 31
7 38
8 58
9 63
10 68
11 58
12 55
13 65
14 49
15 54
16 36
17 33
18 19
19 14
20 21
21 13
22 7
23 6
24 1
25 1
26 0
27 0
last timestep 27
