node 629 iteration 0
0 0
1 4
2 6
3 8
4 13
5 26
6 35
7 53
8 88
9 97
10 91
11 106
12 75
13 88
14 66
15 40
16 28
17 7
18 1
19 0
20 0
last timestep 20
node 629 iteration 1
0 0
1 3
2 1
3 1
4 2
5 0
6 0
last timestep 6
node 629 iteration 2
0 0
1 9
2 10
3 14
4 21
5 43
6 74
7 82
8 114
9 116
10 88
11 73
12 47
13 25
14 9
15 7
16 3
17 2
18 3
19 0
20 0
last timestep 20
node 629 iteration 3
0 0
1 3
2 5
3 6
4 6
5 12
6 21
7 41
8 37
9 57
10 63
11 54
12 87
13 64
14 70
15 50
16 41
17 31
18 17
19 22
20 12
21 16
22 11
23 8
24 4
25 2
26 1
27 1
28 0
29 0
last timestep 29
node 629 iteration 4
0 0
1 4
2 7
3 2
4 0
5 1
6 2
7 4
8 3
9 5
10 9
11 12
12 16
13 27
14 49
15 76
16 75
17 97
18 102
19 98
20 76
21 64
22 45
23 28
24 22
25 23
26 11
27 5
28 3
29 3
30 2
31 1
32 0
last timestep 32
node 629 iteration 5
0 0
1 3
2 3
3 2
4 4
5 4
6 7
7 13
8 13
9 26
10 29
11 35
12 63
13 91
14 111
15 96
16 75
17 95
18 78
19 53
20 38
21 21
22 13
23 16
24 9
25 9
26 10
27 12
28 7
29 4
30 3
31 1
32 2
33 2
34 1
35 1
36 0
37 0
last timestep 37
node 629 iteration 6
0 0
1 2
2 5
3 2
4 3
5 3
6 2
7 9
8 6
9 8
10 22
11 29
12 43
13 53
14 65
15 80
16 104
17 90
18 66
19 61
20 30
21 28
22 16
23 7
24 6
25 9
26 4
27 4
28 0
29 0
last timestep 29
node 629 iteration 7
0 0
1 3
2 11
3 22
4 52
5 76
6 92
7 106
8 103
9 81
10 65
11 51
12 34
13 18
14 10
15 5
16 5
17 3
18 8
19 12
20 4
21 1
22 2
23 0
24 0
last timestep 24
node 629 iteration 8
0 0
1 3
2 5
3 11
4 5
5 16
6 18
7 29
8 39
9 51
10 43
11 48
12 50
13 49
14 56
15 46
16 62
17 40
18 34
19 44
20 22
21 27
22 12
23 26
24 13
25 12
26 10
27 8
28 3
29 1
30 0
31 0
last timestep 31
node 629 iteration 9
0 0
1 3
2 3
3 2
4 2
5 1
6 2
7 0
8 1
9 0
last timestep 9
