node 1458 iteration 0
0 0
1 6
2 3
3 3
4 2
5 2
6 1
7 2
8 1
9 0
10 0
last timestep 10
node 1458 iteration 1
0 0
1 1
2 1
3 1
4 0
5 0
last timestep 5
node 1458 iteration 2
0 0
1 3
2 5
3 5
4 8
5 6
6 16
7 20
8 28
9 43
10 45
11 53
12 54
13 47
14 32
15 33
16 41
17 48
18 45
19 43
20 49
21 37
22 25
23 19
24 14
25 10
26 6
27 5
28 8
29 2
30 2
31 1
32 0
33 0
last timestep 33
node 1458 iteration 3
0 0
1 1
2 3
3 3
4 7
5 7
6 24
7 40
8 52
9 72
10 65
11 47
12 60
13 55
14 58
15 41
16 31
17 22
18 20
19 14
20 15
21 15
22 7
23 3
24 3
25 1
26 2
27 0
28 0
last timestep 28
node 1458 iteration 4
0 0
1 2
2 5
3 1
4 0
5 0
last timestep 5
node 1458 iteration 5
0 0
1 4
2 3
3 4
4 13
5 12
6 19
7 33
8 36
9 51
10 32
11 43
12 47
13 56
14 86
15 87
16 72
17 53
18 37
19 33
20 12
21 8
22 6
23 2
24 0
25 2
26 0
last timestep 26
node 1458 iteration 6
0 0
1 3
2 4
3 2
4 3
5 1
6 5
7 10
8 16
9 29
10 34
11 51
12 63
13 102
14 112
15 129
16 90
17 83
18 60
19 36
20 17
21 15
22 11
23 5
24 1
25 3
26 2
27 1
28 1
29 0
30 0
last timestep 30
node 1458 iteration 7
0 0
1 2
2 3
3 8
4 7
5 12
6 17
7 32
8 57
9 55
10 68
11 68
12 98
13 86
14 94
15 64
16 49
17 37
18 33
19 21
20 8
21 8
22 6
23 6
24 0
25 1
26 1
27 0
last timestep 27
node 1458 iteration 8
0 0
1 2
2 2
3 9
4 13
5 7
6 10
7 11
8 16
9 42
10 73
11 79
12 73
13 66
14 79
15 92
16 71
17 53
18 31
19 22
20 13
21 11
22 7
23 3
24 0
25 1
26 1
27 0
last timestep 27
node 1458 iteration 9
0 0
1 0
2 2
3 0
last timestep 3
