node 670 iteration 0
0 0
1 3
2 2
3 5
4 5
5 16
6 26
7 40
8 43
9 55
10 75
11 103
12 92
13 89
14 79
15 73
16 58
17 41
18 17
19 8
20 6
21 0
22 0
last timestep 22
node 670 iteration 1
0 0
1 0
2 0
last timestep 2
node 670 iteration 2
0 0
1 0
2 0
last timestep 2
node 670 iteration 3
0 0
1 1
2 1
3 7
4 19
5 36
6 43
7 72
8 82
9 117
10 127
11 110
12 84
13 36
14 13
15 8
16 2
17 5
18 2
19 4
20 1
21 1
22 0
23 0
last timestep 23
node 670 iteration 4
0 0
1 0
2 0
last timestep 2
node 670 iteration 5
0 0
1 1
2 2
3 3
4 6
5 10
6 26
7 33
8 26
9 55
10 67
11 79
12 107
13 112
14 87
15 73
16 50
17 41
18 21
19 17
20 10
21 5
22 1
23 3
24 1
25 1
26 1
27 1
28 2
29 0
30 0
last timestep 30
node 670 iteration 6
0 0
1 3
2 3
3 2
4 1
5 0
6 0
last timestep 6
node 670 iteration 7
0 0
1 2
2 1
3 1
4 2
5 3
6 4
7 5
8 6
9 11
10 21
11 33
12 51
13 56
14 69
15 92
16 106
17 75
18 57
19 47
20 46
21 41
22 34
23 27
24 14
25 17
26 11
27 13
28 7
29 2
30 5
31 2
32 5
33 3
34 0
35 0
last timestep 35
node 670 iteration 8
0 0
1 1
2 1
3 2
4 5
5 3
6 4
7 13
8 15
9 35
10 48
11 45
12 70
13 76
14 70
15 52
16 63
17 62
18 64
19 51
20 44
21 35
22 32
23 26
24 17
25 8
26 4
27 3
28 1
29 3
30 6
31 10
32 8
33 4
34 5
35 0
36 0
last timestep 36
node 670 iteration 9
0 0
1 3
2 4
3 7
4 9
5 19
6 22
7 15
8 38
9 47
10 47
11 49
12 57
13 54
14 63
15 69
16 60
17 41
18 27
19 21
20 17
21 11
22 4
23 1
24 0
25 0
last timestep 25
