node 983 iteration 0
0 0
1 3
2 0
3 0
last timestep 3
node 983 iteration 1
0 0
1 1
2 2
3 3
4 2
5 6
6 6
7 11
8 9
9 14
10 21
11 20
12 28
13 21
14 42
15 45
16 62
17 50
18 59
19 67
20 81
21 55
22 42
23 26
24 25
25 25
26 31
27 32
28 22
29 12
30 6
31 1
32 0
33 0
last timestep 33
node 983 iteration 2
0 0
1 2
2 0
3 0
last timestep 3
node 983 iteration 3
0 0
1 2
2 6
3 16
4 26
5 50
6 62
7 81
8 88
9 92
10 91
11 70
12 64
13 51
14 31
15 28
16 15
17 6
18 1
19 0
20 0
last timestep 20
node 983 iteration 4
0 0
1 4
2 9
3 8
4 7
5 11
6 11
7 13
8 14
9 19
10 17
11 19
12 27
13 42
14 40
15 50
16 85
17 62
18 56
19 62
20 54
21 46
22 44
23 36
24 20
25 15
26 9
27 8
28 7
29 2
30 2
31 0
32 0
last timestep 32
node 983 iteration 5
0 0
1 3
2 3
3 4
4 0
5 0
last timestep 5
node 983 iteration 6
0 0
1 2
2 3
3 4
4 3
5 21
6 30
7 49
8 66
9 64
10 70
11 69
12 77
13 63
14 52
15 41
16 35
17 24
18 17
19 11
20 8
21 4
22 2
23 0
24 0
last timestep 24
node 983 iteration 7
0 0
1 5
2 1
3 1
4 2
5 3
6 1
7 9
8 7
9 12
10 15
11 31
12 35
13 42
14 42
15 69
16 61
17 63
18 68
19 52
20 35
21 15
22 33
23 40
24 34
25 36
26 15
27 10
28 2
29 4
30 4
31 6
32 1
33 0
34 0
last timestep 34
node 983 iteration 8
0 0
1 2
2 0
3 0
last timestep 3
node 983 iteration 9
0 0
1 3
2 4
3 8
4 19
5 36
6 73
7 82
8 101
9 99
10 106
11 87
12 64
13 49
14 31
15 17
16 15
17 9
18 4
19 2
20 0
21 0
last timestep 21
