node 1135 iteration 0
0 0
1 3
2 10
3 19
4 23
5 44
6 64
7 74
8 101
9 88
10 80
11 78
12 61
13 41
14 27
15 31
16 17
17 13
18 11
19 6
20 3
21 3
22 2
23 0
24 0
last timestep 24
node 1135 iteration 1
0 0
1 4
2 1
3 1
4 0
5 0
last timestep 5
node 1135 iteration 2
0 0
1 0
2 0
last timestep 2
node 1135 iteration 3
0 0
1 3
2 3
3 6
4 10
5 15
6 21
7 40
8 58
9 75
10 106
11 89
12 87
13 60
14 62
15 48
16 23
17 22
18 23
19 12
20 11
21 10
22 4
23 1
24 0
25 0
last timestep 25
node 1135 iteration 4
0 0
1 2
2 11
3 14
4 22
5 43
6 41
7 39
8 49
9 79
10 101
11 83
12 75
13 59
14 48
15 36
16 20
17 18
18 13
19 8
20 7
21 7
22 4
23 2
24 1
25 0
26 0
last timestep 26
node 1135 iteration 5
0 0
1 4
2 3
3 9
4 8
5 11
6 16
7 15
8 23
9 29
10 24
11 26
12 31
13 39
14 62
15 53
16 73
17 58
18 61
19 46
20 42
21 40
22 28
23 24
24 9
25 12
26 6
27 13
28 15
29 9
30 8
31 2
32 3
33 2
34 1
35 0
36 0
last timestep 36
node 1135 iteration 6
0 0
1 2
2 2
3 7
4 7
5 21
6 36
7 49
8 76
9 95
10 110
11 79
12 81
13 66
14 55
15 44
16 31
17 26
18 21
19 16
20 9
21 8
22 2
23 0
24 0
last timestep 24
node 1135 iteration 7
0 0
1 3
2 6
3 2
4 3
5 1
6 1
7 4
8 2
9 1
10 2
11 0
12 0
last timestep 12
node 1135 iteration 8
0 0
1 3
2 12
3 14
4 25
5 45
6 47
7 51
8 67
9 61
10 72
11 48
12 32
13 27
14 29
15 34
16 33
17 21
18 27
19 19
20 9
21 20
22 13
23 17
24 14
25 5
26 6
27 13
28 11
29 7
30 8
31 1
32 1
33 2
34 0
35 0
last timestep 35
node 1135 iteration 9
0 0
1 2
2 3
3 10
4 10
5 10
6 23
7 51
8 70
9 111
10 124
11 112
12 89
13 73
14 67
15 38
16 36
17 18
18 11
19 3
20 3
21 1
22 1
23 1
24 1
25 0
26 3
27 0
last timestep 27
