node 1008 iteration 0
0 0
1 2
2 1
3 9
4 9
5 14
6 18
7 31
8 55
9 52
10 68
11 84
12 99
13 97
14 96
15 69
16 53
17 40
18 22
19 13
20 8
21 5
22 2
23 0
24 0
last timestep 24
node 1008 iteration 1
0 0
1 1
2 2
3 3
4 0
5 0
last timestep 5
node 1008 iteration 2
0 0
1 2
2 2
3 6
4 9
5 16
6 16
7 15
8 30
9 39
10 45
11 50
12 82
13 95
14 75
15 73
16 63
17 46
18 41
19 29
20 13
21 16
22 8
23 1
24 1
25 1
26 0
27 2
28 1
29 0
last timestep 29
node 1008 iteration 3
0 0
1 5
2 13
3 5
4 5
5 7
6 16
7 25
8 35
9 42
10 52
11 65
12 68
13 67
14 51
15 63
16 38
17 42
18 40
19 34
20 24
21 20
22 24
23 19
24 5
25 1
26 0
27 0
last timestep 27
node 1008 iteration 4
0 0
1 7
2 20
3 35
4 49
5 53
6 80
7 98
8 81
9 84
10 88
11 71
12 61
13 43
14 23
15 14
16 16
17 16
18 9
19 7
20 5
21 3
22 3
23 2
24 0
25 0
last timestep 25
node 1008 iteration 5
0 0
1 4
2 2
3 1
4 6
5 2
6 8
7 11
8 17
9 21
10 34
11 67
12 74
13 88
14 73
15 87
16 85
17 57
18 50
19 27
20 25
21 12
22 10
23 7
24 4
25 2
26 1
27 2
28 0
29 0
last timestep 29
node 1008 iteration 6
0 0
1 6
2 5
3 11
4 11
5 12
6 20
7 27
8 35
9 49
10 63
11 84
12 82
13 75
14 75
15 73
16 57
17 45
18 32
19 27
20 27
21 11
22 5
23 4
24 2
25 3
26 2
27 1
28 1
29 0
30 0
last timestep 30
node 1008 iteration 7
0 0
1 4
2 1
3 1
4 0
5 1
6 0
last timestep 6
node 1008 iteration 8
0 0
1 3
2 3
3 2
4 7
5 13
6 15
7 25
8 36
9 35
10 73
11 107
12 110
13 83
14 64
15 35
16 30
17 31
18 15
19 6
20 3
21 5
22 1
23 1
24 1
25 2
26 2
27 1
28 0
29 0
last timestep 29
node 1008 iteration 9
0 0
1 3
2 0
3 4
4 5
5 10
6 13
7 28
8 20
9 44
10 64
11 68
12 100
13 95
14 109
15 102
16 90
17 64
18 30
19 14
20 4
21 4
22 1
23 0
last timestep 23
