node 1469 iteration 0
0 0
1 1
2 1
3 1
4 0
5 0
last timestep 5
node 1469 iteration 1
0 0
1 1
2 2
3 0
4 0
last timestep 4
node 1469 iteration 2
0 0
1 1
2 1
3 1
4 6
5 23
6 28
7 33
8 49
9 51
10 66
11 83
12 89
13 91
14 67
15 60
16 42
17 36
18 13
19 5
20 2
21 1
22 0
23 0
last timestep 23
node 1469 iteration 3
0 0
1 0
2 0
last timestep 2
node 1469 iteration 4
0 0
1 0
2 0
last timestep 2
node 1469 iteration 5
0 0
1 1
2 3
3 5
4 6
5 11
6 5
7 11
8 15
9 14
10 15
11 14
12 26
13 51
14 75
15 87
16 97
17 87
18 90
19 93
20 67
21 41
22 24
23 10
24 8
25 4
26 2
27 1
28 7
29 2
30 5
31 0
32 0
last timestep 32
node 1469 iteration 6
0 0
1 0
2 0
last timestep 2
node 1469 iteration 7
0 0
1 1
2 6
3 7
4 11
5 16
6 26
7 35
8 35
9 53
10 60
11 74
12 69
13 65
14 69
15 48
16 42
17 34
18 24
19 19
20 21
21 17
22 16
23 8
24 9
25 3
26 3
27 1
28 0
29 0
last timestep 29
node 1469 iteration 8
0 0
1 1
2 1
3 1
4 0
5 0
last timestep 5
node 1469 iteration 9
0 0
1 1
2 1
3 1
4 3
5 3
6 5
7 15
8 26
9 45
10 62
11 78
12 101
13 108
14 102
15 79
16 64
17 31
18 32
19 17
20 16
21 20
22 10
23 8
24 11
25 4
26 5
27 2
28 1
29 0
30 0
last timestep 30
