node 114 iteration 0
0 0
1 12
2 18
3 19
4 24
5 37
6 49
7 55
8 70
9 108
10 95
11 83
12 53
13 41
14 23
15 13
16 16
17 15
18 23
19 16
20 7
21 2
22 5
23 2
24 1
25 0
26 0
last timestep 26
node 114 iteration 1
0 0
1 5
2 19
3 15
4 20
5 20
6 33
7 43
8 35
9 42
10 48
11 66
12 78
13 87
14 67
15 65
16 42
17 34
18 19
19 20
20 10
21 5
22 1
23 0
24 0
last timestep 24
node 114 iteration 2
0 0
1 6
2 9
3 22
4 35
5 30
6 57
7 70
8 90
9 111
10 98
11 107
12 93
13 78
14 45
15 22
16 13
17 12
18 6
19 1
20 0
21 0
last timestep 21
node 114 iteration 3
0 0
1 8
2 10
3 18
4 28
5 35
6 53
7 64
8 63
9 67
10 90
11 94
12 83
13 57
14 51
15 42
16 28
17 20
18 8
19 12
20 2
21 1
22 4
23 3
24 1
25 1
26 2
27 2
28 0
29 0
last timestep 29
node 114 iteration 4
0 0
1 8
2 13
3 23
4 37
5 54
6 89
7 95
8 99
9 94
10 78
11 73
12 46
13 28
14 28
15 17
16 14
17 7
18 1
19 0
20 0
last timestep 20
node 114 iteration 5
0 0
1 7
2 6
3 13
4 6
5 14
6 13
7 20
8 25
9 32
10 52
11 73
12 83
13 85
14 75
15 58
16 46
17 32
18 42
19 29
20 16
21 17
22 13
23 12
24 4
25 3
26 2
27 1
28 0
29 0
last timestep 29
node 114 iteration 6
0 0
1 6
2 12
3 16
4 22
5 50
6 76
7 95
8 101
9 113
10 96
11 78
12 62
13 43
14 48
15 30
16 16
17 10
18 9
19 2
20 1
21 0
22 0
last timestep 22
node 114 iteration 7
0 0
1 3
2 19
3 18
4 36
5 46
6 61
7 73
8 96
9 131
10 104
11 89
12 56
13 43
14 30
15 18
16 17
17 17
18 2
19 2
20 0
21 0
last timestep 21
node 114 iteration 8
0 0
1 5
2 5
3 4
4 14
5 16
6 15
7 24
8 43
9 48
10 57
11 89
12 71
13 73
14 78
15 53
16 41
17 30
18 18
19 13
20 8
21 4
22 3
23 1
24 1
25 0
26 0
last timestep 26
node 114 iteration 9
0 0
1 5
2 6
3 7
4 3
5 8
6 13
7 20
8 32
9 39
10 30
11 46
12 49
13 49
14 41
15 53
16 60
17 42
18 53
19 22
20 31
21 31
22 18
23 20
24 18
25 17
26 13
27 9
28 16
29 5
30 7
31 6
32 2
33 2
34 0
35 1
36 0
last timestep 36
