node 1117 iteration 0
0 0
1 0
2 0
last timestep 2
node 1117 iteration 1
0 0
1 3
2 4
3 16
4 11
5 15
6 21
7 19
8 20
9 35
10 34
11 35
12 33
13 48
14 52
15 61
16 38
17 33
18 30
19 18
20 35
21 37
22 21
23 18
24 13
25 7
26 11
27 4
28 3
29 4
30 6
31 6
32 5
33 4
34 7
35 8
36 3
37 2
38 2
39 3
40 1
41 0
42 0
last timestep 42
node 1117 iteration 2
0 0
1 2
2 7
3 6
4 5
5 8
6 18
7 19
8 34
9 60
10 68
11 68
12 80
13 80
14 74
15 46
16 55
17 40
18 22
19 14
20 8
21 5
22 3
23 7
24 4
25 3
26 5
27 2
28 1
29 1
30 2
31 2
32 0
33 0
last timestep 33
node 1117 iteration 3
0 0
1 3
2 6
3 3
4 6
5 6
6 12
7 17
8 36
9 51
10 54
11 72
12 86
13 97
14 86
15 52
16 56
17 42
18 39
19 29
20 20
21 12
22 4
23 2
24 3
25 2
26 0
27 0
last timestep 27
node 1117 iteration 4
0 0
1 0
2 0
last timestep 2
node 1117 iteration 5
0 0
1 3
2 3
3 4
4 6
5 10
6 12
7 18
8 19
9 31
10 69
11 84
12 102
13 97
14 120
15 118
16 77
17 48
18 37
19 25
20 15
21 6
22 4
23 4
24 3
25 0
26 0
last timestep 26
node 1117 iteration 6
0 0
1 4
2 14
3 11
4 19
5 31
6 45
7 51
8 80
9 72
10 80
11 94
12 92
13 65
14 45
15 45
16 31
17 20
18 17
19 10
20 11
21 3
22 4
23 2
24 1
25 1
26 1
27 0
28 0
last timestep 28
node 1117 iteration 7
0 0
1 2
2 0
3 0
last timestep 3
node 1117 iteration 8
0 0
1 1
2 3
3 4
4 2
5 13
6 11
7 20
8 23
9 27
10 59
11 88
12 105
13 106
14 106
15 104
16 72
17 58
18 46
19 23
20 8
21 7
22 1
23 2
24 2
25 1
26 1
27 1
28 0
29 0
last timestep 29
node 1117 iteration 9
0 0
1 1
2 2
3 5
4 7
5 9
6 15
7 16
8 19
9 25
10 41
11 58
12 69
13 88
14 81
15 73
16 80
17 62
18 50
19 40
20 29
21 26
22 11
23 7
24 2
25 2
26 1
27 0
28 0
last timestep 28
