node 1077 iteration 0
0 0
1 2
2 1
3 0
4 2
5 2
6 1
7 1
8 2
9 4
10 2
11 0
last timestep 11
node 1077 iteration 1
0 0
1 2
2 10
3 22
4 24
5 27
6 37
7 41
8 46
9 52
10 74
11 56
12 46
13 48
14 34
15 29
16 17
17 10
18 8
19 7
20 6
21 15
22 6
23 6
24 8
25 9
26 9
27 4
28 4
29 5
30 11
31 5
32 3
33 0
34 0
last timestep 34
node 1077 iteration 2
0 0
1 1
2 0
3 0
last timestep 3
node 1077 iteration 3
0 0
1 6
2 5
3 17
4 31
5 40
6 30
7 40
8 69
9 86
10 95
11 112
12 84
13 83
14 61
15 47
16 29
17 21
18 10
19 6
20 0
21 0
last timestep 21
node 1077 iteration 4
0 0
1 3
2 0
3 0
last timestep 3
node 1077 iteration 5
0 0
1 5
2 6
3 10
4 11
5 15
6 17
7 31
8 41
9 70
10 81
11 67
12 92
13 65
14 68
15 60
16 52
17 36
18 28
19 23
20 7
21 9
22 6
23 2
24 1
25 0
26 0
last timestep 26
node 1077 iteration 6
0 0
1 1
2 1
3 0
4 0
last timestep 4
node 1077 iteration 7
0 0
1 2
2 0
3 0
last timestep 3
node 1077 iteration 8
0 0
1 4
2 8
3 9
4 20
5 26
6 72
7 69
8 79
9 103
10 87
11 76
12 78
13 59
14 47
15 31
16 23
17 13
18 3
19 6
20 5
21 1
22 2
23 3
24 1
25 0
26 0
last timestep 26
node 1077 iteration 9
0 0
1 6
2 7
3 12
4 11
5 21
6 37
7 71
8 94
9 105
10 90
11 103
12 72
13 75
14 31
15 28
16 26
17 18
18 19
19 16
20 16
21 16
22 15
23 6
24 9
25 2
26 1
27 0
28 0
last timestep 28
