node 767 iteration 0
0 0
1 0
2 0
last timestep 2
node 767 iteration 1
0 0
1 1
2 2
3 7
4 10
5 12
6 18
7 26
8 36
9 51
10 70
11 97
12 121
13 106
14 117
15 81
16 66
17 33
18 25
19 21
20 12
21 13
22 9
23 6
24 1
25 0
26 1
27 0
last timestep 27
node 767 iteration 2
0 0
1 2
2 13
3 24
4 26
5 39
6 44
7 54
8 71
9 74
10 75
11 61
12 59
13 58
14 51
15 35
16 21
17 15
18 16
19 15
20 2
21 2
22 2
23 0
24 0
last timestep 24
node 767 iteration 3
0 0
1 2
2 4
3 2
4 6
5 13
6 14
7 24
8 31
9 52
10 70
11 60
12 96
13 90
14 98
15 73
16 64
17 39
18 29
19 20
20 16
21 8
22 12
23 4
24 0
25 0
last timestep 25
node 767 iteration 4
0 0
1 0
2 0
last timestep 2
node 767 iteration 5
0 0
1 1
2 2
3 0
4 0
last timestep 4
node 767 iteration 6
0 0
1 1
2 3
3 7
4 19
5 24
6 39
7 53
8 90
9 99
10 107
11 126
12 81
13 68
14 49
15 30
16 24
17 14
18 9
19 5
20 2
21 0
22 0
last timestep 22
node 767 iteration 7
0 0
1 3
2 3
3 5
4 6
5 12
6 22
7 32
8 58
9 51
10 46
11 71
12 84
13 71
14 55
15 52
16 52
17 29
18 26
19 14
20 13
21 14
22 7
23 2
24 3
25 0
26 0
last timestep 26
node 767 iteration 8
0 0
1 0
2 0
last timestep 2
node 767 iteration 9
0 0
1 1
2 1
3 0
4 0
last timestep 4
