node 1566 iteration 0
0 0
1 1
2 4
3 6
4 11
5 11
6 27
7 34
8 39
9 64
10 72
11 84
12 91
13 91
14 88
15 56
16 31
17 28
18 18
19 7
20 6
21 4
22 3
23 3
24 2
25 0
26 0
last timestep 26
node 1566 iteration 1
0 0
1 4
2 3
3 4
4 7
5 6
6 12
7 12
8 25
9 35
10 38
11 72
12 90
13 91
14 118
15 102
16 93
17 70
18 46
19 42
20 24
21 20
22 6
23 3
24 2
25 1
26 0
27 0
last timestep 27
node 1566 iteration 2
0 0
1 0
2 0
last timestep 2
node 1566 iteration 3
0 0
1 0
2 0
last timestep 2
node 1566 iteration 4
0 0
1 0
2 0
last timestep 2
node 1566 iteration 5
0 0
1 0
2 1
3 1
4 6
5 10
6 16
7 29
8 32
9 48
10 70
11 85
12 107
13 85
14 85
15 66
16 51
17 47
18 34
19 27
20 25
21 16
22 16
23 11
24 5
25 0
last timestep 25
node 1566 iteration 6
0 0
1 0
2 0
last timestep 2
node 1566 iteration 7
0 0
1 2
2 1
3 1
4 2
5 1
6 3
7 3
8 3
9 1
10 1
11 6
12 6
13 13
14 11
15 19
16 42
17 53
18 67
19 78
20 72
21 61
22 50
23 42
24 36
25 35
26 29
27 20
28 15
29 11
30 8
31 4
32 2
33 4
34 2
35 1
36 2
37 1
38 0
39 0
last timestep 39
node 1566 iteration 8
0 0
1 0
2 0
last timestep 2
node 1566 iteration 9
0 0
1 1
2 0
3 0
last timestep 3
