node 672 iteration 0
0 0
1 0
2 0
last timestep 2
node 672 iteration 1
0 0
1 1
2 1
3 1
4 0
5 0
last timestep 5
node 672 iteration 2
0 0
1 2
2 2
3 5
4 5
5 6
6 13
7 25
8 33
9 61
10 55
11 73
12 80
13 99
14 101
15 67
16 56
17 60
18 43
19 26
20 10
21 5
22 2
23 1
24 0
25 0
last timestep 25
node 672 iteration 3
0 0
1 0
2 0
last timestep 2
node 672 iteration 4
0 0
1 2
2 3
3 5
4 12
5 16
6 29
7 40
8 35
9 37
10 58
11 78
12 72
13 74
14 76
15 67
16 63
17 45
18 26
19 21
20 16
21 29
22 15
23 26
24 10
25 4
26 3
27 1
28 1
29 0
30 0
last timestep 30
node 672 iteration 5
0 0
1 1
2 5
3 2
4 7
5 6
6 8
7 21
8 25
9 28
10 43
11 45
12 64
13 67
14 86
15 74
16 65
17 50
18 33
19 30
20 29
21 12
22 11
23 3
24 0
25 0
last timestep 25
node 672 iteration 6
0 0
1 1
2 1
3 1
4 0
5 0
last timestep 5
node 672 iteration 7
0 0
1 1
2 1
3 1
4 3
5 4
6 4
7 8
8 16
9 28
10 32
11 64
12 69
13 93
14 112
15 88
16 86
17 62
18 49
19 32
20 19
21 11
22 6
23 2
24 2
25 1
26 3
27 1
28 0
29 0
last timestep 29
node 672 iteration 8
0 0
1 1
2 2
3 5
4 4
5 12
6 21
7 27
8 43
9 44
10 62
11 82
12 77
13 78
14 83
15 73
16 49
17 25
18 20
19 8
20 7
21 3
22 5
23 0
24 0
last timestep 24
node 672 iteration 9
0 0
1 3
2 5
3 9
4 14
5 26
6 43
7 68
8 80
9 84
10 91
11 82
12 79
13 61
14 39
15 34
16 25
17 20
18 8
19 7
20 3
21 1
22 0
23 0
last timestep 23
