node 156 iteration 0
0 0
1 4
2 7
3 9
4 28
5 34
6 50
7 70
8 101
9 108
10 79
11 81
12 65
13 49
14 51
15 31
16 34
17 18
18 6
19 2
20 0
21 0
last timestep 21
node 156 iteration 1
0 0
1 4
2 2
3 8
4 7
5 18
6 41
7 59
8 74
9 86
10 79
11 111
12 74
13 73
14 51
15 31
16 18
17 8
18 5
19 0
20 0
last timestep 20
node 156 iteration 2
0 0
1 1
2 6
3 9
4 14
5 32
6 42
7 49
8 84
9 123
10 101
11 95
12 85
13 67
14 49
15 39
16 29
17 17
18 15
19 13
20 5
21 3
22 1
23 0
24 0
last timestep 24
node 156 iteration 3
0 0
1 4
2 2
3 1
4 4
5 5
6 20
7 24
8 43
9 56
10 71
11 86
12 88
13 100
14 79
15 69
16 74
17 54
18 42
19 21
20 8
21 8
22 3
23 2
24 1
25 0
26 1
27 2
28 2
29 1
30 1
31 0
last timestep 31
node 156 iteration 4
0 0
1 5
2 6
3 5
4 8
5 14
6 24
7 33
8 55
9 58
10 105
11 105
12 103
13 104
14 77
15 74
16 35
17 22
18 10
19 9
20 4
21 3
22 3
23 1
24 0
25 0
last timestep 25
node 156 iteration 5
0 0
1 7
2 1
3 2
4 5
5 12
6 21
7 25
8 31
9 33
10 39
11 40
12 53
13 55
14 47
15 54
16 61
17 67
18 46
19 44
20 24
21 13
22 7
23 1
24 1
25 1
26 0
27 0
last timestep 27
node 156 iteration 6
0 0
1 5
2 6
3 8
4 5
5 9
6 9
7 29
8 54
9 64
10 75
11 80
12 73
13 108
14 76
15 55
16 39
17 18
18 13
19 15
20 11
21 4
22 0
23 0
last timestep 23
node 156 iteration 7
0 0
1 2
2 4
3 1
4 0
5 0
last timestep 5
node 156 iteration 8
0 0
1 5
2 7
3 4
4 14
5 13
6 10
7 15
8 27
9 36
10 39
11 29
12 41
13 41
14 36
15 50
16 50
17 38
18 45
19 38
20 42
21 36
22 43
23 35
24 17
25 17
26 14
27 9
28 10
29 11
30 3
31 3
32 0
33 1
34 2
35 0
last timestep 35
node 156 iteration 9
0 0
1 4
2 1
3 2
4 2
5 0
6 0
last timestep 6
