node 1118 iteration 0
0 0
1 0
2 0
last timestep 2
node 1118 iteration 1
0 0
1 1
2 1
3 0
4 1
5 0
last timestep 5
node 1118 iteration 2
0 0
1 3
2 3
3 15
4 20
5 29
6 44
7 44
8 74
9 103
10 124
11 103
12 87
13 67
14 49
15 34
16 32
17 18
18 6
19 3
20 1
21 1
22 0
23 0
last timestep 23
node 1118 iteration 3
0 0
1 1
2 1
3 2
4 2
5 2
6 3
7 10
8 21
9 40
10 53
11 65
12 79
13 78
14 92
15 65
16 64
17 56
18 39
19 37
20 23
21 26
22 12
23 9
24 3
25 4
26 0
27 0
last timestep 27
node 1118 iteration 4
0 0
1 3
2 9
3 19
4 29
5 47
6 47
7 85
8 97
9 148
10 114
11 92
12 67
13 44
14 27
15 22
16 11
17 9
18 3
19 7
20 3
21 6
22 1
23 1
24 1
25 0
26 0
last timestep 26
node 1118 iteration 5
0 0
1 1
2 9
3 8
4 16
5 21
6 27
7 35
8 49
9 71
10 92
11 110
12 113
13 90
14 79
15 62
16 33
17 13
18 7
19 5
20 2
21 4
22 0
23 0
last timestep 23
node 1118 iteration 6
0 0
1 5
2 6
3 18
4 42
5 54
6 67
7 97
8 99
9 83
10 56
11 56
12 51
13 51
14 33
15 20
16 6
17 5
18 4
19 6
20 5
21 5
22 1
23 1
24 0
25 0
last timestep 25
node 1118 iteration 7
0 0
1 3
2 0
3 1
4 0
last timestep 4
node 1118 iteration 8
0 0
1 1
2 0
3 0
last timestep 3
node 1118 iteration 9
0 0
1 2
2 1
3 2
4 1
5 0
6 0
last timestep 6
