node 853 iteration 0
0 0
1 5
2 6
3 5
4 12
5 19
6 18
7 25
8 38
9 38
10 55
11 70
12 86
13 108
14 91
15 62
16 43
17 25
18 22
19 14
20 12
21 14
22 11
23 5
24 5
25 2
26 2
27 0
28 0
last timestep 28
node 853 iteration 1
0 0
1 3
2 3
3 4
4 13
5 17
6 15
7 26
8 33
9 42
10 44
11 41
12 66
13 72
14 77
15 85
16 71
17 55
18 51
19 44
20 20
21 15
22 12
23 8
24 4
25 2
26 0
27 0
last timestep 27
node 853 iteration 2
0 0
1 0
2 0
last timestep 2
node 853 iteration 3
0 0
1 1
2 1
3 0
4 0
last timestep 4
node 853 iteration 4
0 0
1 2
2 6
3 2
4 1
5 3
6 5
7 7
8 17
9 18
10 30
11 36
12 24
13 40
14 66
15 73
16 86
17 80
18 67
19 51
20 38
21 36
22 23
23 15
24 24
25 13
26 21
27 13
28 13
29 3
30 2
31 3
32 1
33 0
34 0
last timestep 34
node 853 iteration 5
0 0
1 1
2 0
3 0
last timestep 3
node 853 iteration 6
0 0
1 2
2 2
3 1
4 1
5 2
6 3
7 5
8 3
9 16
10 19
11 50
12 62
13 90
14 96
15 84
16 81
17 46
18 59
19 43
20 54
21 23
22 17
23 13
24 9
25 1
26 0
27 0
last timestep 27
node 853 iteration 7
0 0
1 3
2 2
3 1
4 0
5 1
6 0
last timestep 6
node 853 iteration 8
0 0
1 5
2 7
3 10
4 13
5 21
6 46
7 49
8 50
9 70
10 92
11 84
12 93
13 65
14 67
15 51
16 44
17 35
18 16
19 11
20 8
21 6
22 4
23 3
24 1
25 1
26 0
27 0
last timestep 27
node 853 iteration 9
0 0
1 0
2 1
3 2
4 3
5 4
6 19
7 14
8 24
9 36
10 53
11 59
12 89
13 82
14 94
15 85
16 62
17 57
18 46
19 31
20 30
21 17
22 13
23 6
24 6
25 3
26 1
27 0
last timestep 27
