node 1316 iteration 0
0 0
1 3
2 5
3 11
4 14
5 29
6 56
7 64
8 95
9 118
10 117
11 105
12 99
13 78
14 41
15 24
16 19
17 5
18 5
19 1
20 0
21 0
last timestep 21
node 1316 iteration 1
0 0
1 2
2 2
3 6
4 6
5 14
6 27
7 46
8 70
9 91
10 102
11 114
12 80
13 55
14 42
15 24
16 11
17 11
18 5
19 3
20 0
21 0
last timestep 21
node 1316 iteration 2
0 0
1 1
2 5
3 11
4 9
5 13
6 22
7 43
8 54
9 67
10 86
11 111
12 115
13 91
14 72
15 57
16 33
17 29
18 13
19 4
20 3
21 0
22 0
last timestep 22
node 1316 iteration 3
0 0
1 3
2 5
3 1
4 2
5 2
6 4
7 6
8 4
9 6
10 4
11 6
12 13
13 31
14 54
15 73
16 80
17 108
18 125
19 89
20 78
21 63
22 46
23 29
24 28
25 17
26 16
27 12
28 6
29 2
30 0
31 0
last timestep 31
node 1316 iteration 4
0 0
1 1
2 0
3 0
last timestep 3
node 1316 iteration 5
0 0
1 1
2 5
3 8
4 15
5 14
6 15
7 22
8 49
9 69
10 69
11 88
12 105
13 79
14 51
15 30
16 16
17 12
18 4
19 9
20 1
21 7
22 1
23 0
24 0
last timestep 24
node 1316 iteration 6
0 0
1 4
2 4
3 8
4 13
5 10
6 8
7 8
8 8
9 27
10 62
11 64
12 96
13 109
14 106
15 67
16 67
17 43
18 48
19 30
20 26
21 21
22 14
23 6
24 9
25 2
26 0
27 0
last timestep 27
node 1316 iteration 7
0 0
1 2
2 3
3 3
4 11
5 22
6 39
7 43
8 69
9 99
10 99
11 85
12 85
13 71
14 63
15 50
16 24
17 23
18 17
19 10
20 3
21 0
22 0
last timestep 22
node 1316 iteration 8
0 0
1 0
2 0
last timestep 2
node 1316 iteration 9
0 0
1 3
2 4
3 21
4 38
5 40
6 61
7 74
8 83
9 89
10 77
11 65
12 62
13 40
14 45
15 39
16 9
17 8
18 1
19 1
20 2
21 2
22 2
23 2
24 6
25 2
26 2
27 1
28 1
29 2
30 1
31 0
32 0
last timestep 32
