node 1098 iteration 0
0 0
1 3
2 7
3 4
4 4
5 4
6 7
7 13
8 17
9 38
10 52
11 77
12 83
13 97
14 97
15 82
16 63
17 44
18 23
19 19
20 11
21 7
22 0
23 3
24 1
25 0
last timestep 25
node 1098 iteration 1
0 0
1 3
2 8
3 8
4 7
5 7
6 7
7 11
8 13
9 12
10 6
11 7
12 5
13 3
14 4
15 2
16 8
17 14
18 8
19 7
20 7
21 12
22 24
23 27
24 18
25 44
26 51
27 62
28 50
29 40
30 44
31 41
32 32
33 31
34 27
35 15
36 7
37 7
38 7
39 7
40 4
41 9
42 3
43 3
44 4
45 2
46 1
47 1
48 4
49 1
50 0
51 0
last timestep 51
node 1098 iteration 2
0 0
1 3
2 2
3 3
4 7
5 13
6 23
7 34
8 39
9 52
10 75
11 85
12 97
13 94
14 76
15 72
16 62
17 34
18 22
19 21
20 17
21 3
22 4
23 3
24 2
25 2
26 0
27 0
last timestep 27
node 1098 iteration 3
0 0
1 1
2 6
3 16
4 29
5 54
6 77
7 102
8 139
9 116
10 100
11 64
12 46
13 36
14 17
15 14
16 7
17 4
18 3
19 2
20 1
21 1
22 1
23 0
24 0
last timestep 24
node 1098 iteration 4
0 0
1 2
2 8
3 16
4 19
5 30
6 46
7 49
8 71
9 79
10 90
11 113
12 114
13 60
14 38
15 19
16 14
17 11
18 8
19 8
20 3
21 0
22 0
last timestep 22
node 1098 iteration 5
0 0
1 1
2 3
3 7
4 9
5 10
6 23
7 45
8 39
9 59
10 66
11 89
12 97
13 99
14 82
15 77
16 64
17 45
18 34
19 22
20 15
21 8
22 3
23 4
24 1
25 0
26 0
last timestep 26
node 1098 iteration 6
0 0
1 3
2 0
3 1
4 1
5 1
6 0
last timestep 6
node 1098 iteration 7
0 0
1 3
2 5
3 4
4 7
5 10
6 16
7 30
8 44
9 55
10 58
11 59
12 53
13 83
14 70
15 52
16 57
17 44
18 33
19 20
20 15
21 12
22 10
23 7
24 6
25 2
26 0
27 0
last timestep 27
node 1098 iteration 8
0 0
1 3
2 2
3 5
4 6
5 10
6 19
7 19
8 28
9 44
10 68
11 77
12 92
13 93
14 73
15 67
16 49
17 43
18 37
19 14
20 12
21 8
22 4
23 2
24 4
25 3
26 2
27 3
28 0
29 0
last timestep 29
node 1098 iteration 9
0 0
1 5
2 9
3 13
4 27
5 51
6 61
7 71
8 70
9 89
10 101
11 81
12 63
13 51
14 31
15 22
16 21
17 17
18 10
19 9
20 2
21 2
22 1
23 1
24 0
25 0
last timestep 25
