node 1089 iteration 0
0 0
1 3
2 1
3 7
4 5
5 3
6 9
7 22
8 43
9 59
10 100
11 98
12 82
13 66
14 45
15 31
16 32
17 16
18 18
19 11
20 6
21 2
22 4
23 3
24 3
25 0
26 0
last timestep 26
node 1089 iteration 1
0 0
1 0
2 0
last timestep 2
node 1089 iteration 2
0 0
1 3
2 6
3 11
4 18
5 12
6 24
7 25
8 50
9 74
10 72
11 77
12 101
13 74
14 70
15 62
16 34
17 21
18 23
19 16
20 10
21 8
22 4
23 2
24 0
25 0
last timestep 25
node 1089 iteration 3
0 0
1 1
2 0
3 0
last timestep 3
node 1089 iteration 4
0 0
1 2
2 2
3 7
4 11
5 26
6 43
7 68
8 115
9 110
10 89
11 79
12 73
13 58
14 44
15 23
16 26
17 27
18 18
19 5
20 4
21 0
22 0
last timestep 22
node 1089 iteration 5
0 0
1 2
2 2
3 3
4 1
5 2
6 1
7 1
8 2
9 15
10 21
11 34
12 40
13 59
14 94
15 93
16 87
17 80
18 64
19 65
20 51
21 38
22 20
23 20
24 18
25 9
26 5
27 2
28 0
29 0
last timestep 29
node 1089 iteration 6
0 0
1 0
2 0
last timestep 2
node 1089 iteration 7
0 0
1 1
2 8
3 16
4 24
5 41
6 55
7 68
8 73
9 61
10 66
11 79
12 56
13 48
14 43
15 42
16 38
17 34
18 14
19 14
20 21
21 8
22 4
23 4
24 3
25 5
26 4
27 0
28 0
last timestep 28
node 1089 iteration 8
0 0
1 0
2 0
last timestep 2
node 1089 iteration 9
0 0
1 3
2 7
3 5
4 7
5 6
6 13
7 23
8 31
9 46
10 56
11 65
12 86
13 88
14 99
15 76
16 72
17 53
18 45
19 30
20 19
21 15
22 8
23 8
24 1
25 2
26 1
27 0
28 1
29 0
last timestep 29
