node 1799 iteration 0
0 0
1 2
2 2
3 3
4 10
5 28
6 21
7 51
8 53
9 55
10 84
11 93
12 74
13 63
14 60
15 47
16 33
17 22
18 16
19 20
20 22
21 11
22 9
23 3
24 2
25 3
26 0
27 0
last timestep 27
node 1799 iteration 1
0 0
1 1
2 1
3 1
4 1
5 1
6 1
7 1
8 5
9 9
10 7
11 9
12 5
13 14
14 5
15 5
16 12
17 23
18 21
19 23
20 41
21 68
22 71
23 83
24 91
25 87
26 66
27 58
28 31
29 21
30 13
31 7
32 5
33 0
34 0
last timestep 34
node 1799 iteration 2
0 0
1 4
2 9
3 13
4 21
5 37
6 49
7 58
8 78
9 70
10 79
11 91
12 79
13 60
14 52
15 33
16 27
17 24
18 23
19 17
20 5
21 4
22 6
23 3
24 1
25 1
26 0
27 0
last timestep 27
node 1799 iteration 3
0 0
1 0
2 0
last timestep 2
node 1799 iteration 4
0 0
1 2
2 3
3 4
4 7
5 6
6 10
7 20
8 45
9 48
10 55
11 58
12 84
13 77
14 105
15 88
16 64
17 53
18 38
19 26
20 15
21 12
22 1
23 0
24 0
last timestep 24
node 1799 iteration 5
0 0
1 2
2 3
3 4
4 2
5 2
6 3
7 9
8 11
9 14
10 18
11 16
12 18
13 37
14 62
15 69
16 71
17 59
18 55
19 63
20 53
21 56
22 39
23 38
24 26
25 21
26 18
27 6
28 6
29 4
30 0
31 0
last timestep 31
node 1799 iteration 6
0 0
1 0
2 0
last timestep 2
node 1799 iteration 7
0 0
1 3
2 3
3 2
4 8
5 14
6 16
7 27
8 17
9 29
10 40
11 31
12 50
13 47
14 55
15 63
16 59
17 79
18 61
19 48
20 32
21 30
22 15
23 12
24 10
25 7
26 6
27 2
28 3
29 4
30 0
31 0
last timestep 31
node 1799 iteration 8
0 0
1 1
2 0
3 0
last timestep 3
node 1799 iteration 9
0 0
1 1
2 0
3 0
last timestep 3
