node 1313 iteration 0
0 0
1 0
2 2
3 5
4 7
5 3
6 7
7 19
8 17
9 22
10 24
11 29
12 41
13 45
14 48
15 67
16 61
17 46
18 40
19 37
20 31
21 32
22 17
23 23
24 24
25 29
26 19
27 12
28 10
29 14
30 7
31 7
32 6
33 4
34 1
35 0
last timestep 35
node 1313 iteration 1
0 0
1 3
2 7
3 15
4 28
5 34
6 60
7 82
8 82
9 85
10 91
11 77
12 82
13 50
14 40
15 19
16 15
17 12
18 6
19 5
20 2
21 0
22 1
23 0
last timestep 23
node 1313 iteration 2
0 0
1 0
2 2
3 6
4 4
5 13
6 16
7 20
8 38
9 33
10 50
11 61
12 62
13 56
14 57
15 67
16 52
17 49
18 39
19 30
20 34
21 27
22 18
23 12
24 7
25 8
26 3
27 1
28 4
29 1
30 0
last timestep 30
node 1313 iteration 3
0 0
1 2
2 2
3 2
4 3
5 6
6 4
7 2
8 3
9 2
10 0
11 0
last timestep 11
node 1313 iteration 4
0 0
1 0
2 1
3 2
4 9
5 10
6 15
7 17
8 28
9 49
10 47
11 59
12 76
13 94
14 94
15 73
16 74
17 45
18 38
19 25
20 22
21 11
22 3
23 1
24 0
last timestep 24
node 1313 iteration 5
0 0
1 2
2 2
3 0
4 2
5 2
6 1
7 5
8 8
9 6
10 7
11 7
12 14
13 18
14 18
15 30
16 43
17 66
18 62
19 87
20 81
21 83
22 74
23 56
24 54
25 39
26 23
27 16
28 7
29 4
30 4
31 6
32 5
33 3
34 6
35 5
36 3
37 0
last timestep 37
node 1313 iteration 6
0 0
1 1
2 0
3 0
last timestep 3
node 1313 iteration 7
0 0
1 0
2 0
last timestep 2
node 1313 iteration 8
0 0
1 2
2 1
3 0
4 0
last timestep 4
node 1313 iteration 9
0 0
1 2
2 5
3 18
4 34
5 52
6 90
7 94
8 98
9 106
10 75
11 56
12 41
13 40
14 30
15 14
16 13
17 11
18 1
19 1
20 0
21 0
last timestep 21
