node 1652 iteration 0
0 0
1 5
2 11
3 20
4 20
5 22
6 34
7 36
8 48
9 73
10 72
11 81
12 89
13 64
14 41
15 34
16 29
17 26
18 17
19 16
20 21
21 15
22 8
23 8
24 1
25 2
26 2
27 3
28 2
29 3
30 4
31 5
32 3
33 3
34 2
35 1
36 0
37 0
last timestep 37
node 1652 iteration 1
0 0
1 1
2 1
3 0
4 0
last timestep 4
node 1652 iteration 2
0 0
1 5
2 7
3 11
4 19
5 32
6 44
7 48
8 55
9 60
10 77
11 67
12 79
13 71
14 52
15 41
16 32
17 23
18 16
19 7
20 4
21 6
22 4
23 2
24 0
25 0
last timestep 25
node 1652 iteration 3
0 0
1 5
2 3
3 3
4 8
5 6
6 11
7 18
8 28
9 43
10 39
11 51
12 61
13 77
14 95
15 90
16 79
17 51
18 35
19 19
20 13
21 7
22 3
23 4
24 3
25 2
26 8
27 6
28 2
29 1
30 0
31 0
last timestep 31
node 1652 iteration 4
0 0
1 1
2 1
3 0
4 0
last timestep 4
node 1652 iteration 5
0 0
1 2
2 0
3 0
last timestep 3
node 1652 iteration 6
0 0
1 0
2 0
last timestep 2
node 1652 iteration 7
0 0
1 3
2 3
3 5
4 13
5 23
6 28
7 36
8 76
9 62
10 87
11 93
12 63
13 62
14 46
15 26
16 28
17 20
18 15
19 14
20 7
21 13
22 13
23 9
24 8
25 7
26 9
27 14
28 7
29 4
30 3
31 0
32 0
last timestep 32
node 1652 iteration 8
0 0
1 2
2 1
3 1
4 0
5 1
6 0
last timestep 6
node 1652 iteration 9
0 0
1 0
2 0
last timestep 2
