node 569 iteration 0
0 0
1 2
2 3
3 6
4 16
5 28
6 62
7 75
8 111
9 111
10 89
11 87
12 75
13 77
14 44
15 32
16 11
17 4
18 7
19 2
20 1
21 0
22 0
last timestep 22
node 569 iteration 1
0 0
1 1
2 1
3 1
4 1
5 3
6 5
7 4
8 3
9 9
10 14
11 18
12 28
13 44
14 40
15 61
16 74
17 75
18 83
19 68
20 65
21 50
22 44
23 19
24 13
25 8
26 4
27 1
28 1
29 0
30 0
last timestep 30
node 569 iteration 2
0 0
1 0
2 0
last timestep 2
node 569 iteration 3
0 0
1 1
2 6
3 13
4 31
5 40
6 61
7 83
8 113
9 117
10 120
11 85
12 68
13 55
14 31
15 18
16 11
17 11
18 3
19 2
20 0
21 0
last timestep 21
node 569 iteration 4
0 0
1 0
2 0
last timestep 2
node 569 iteration 5
0 0
1 0
2 0
last timestep 2
node 569 iteration 6
0 0
1 2
2 1
3 3
4 5
5 8
6 28
7 39
8 45
9 67
10 66
11 89
12 97
13 96
14 73
15 58
16 49
17 30
18 19
19 15
20 6
21 9
22 6
23 7
24 3
25 2
26 0
27 0
last timestep 27
node 569 iteration 7
0 0
1 0
2 0
last timestep 2
node 569 iteration 8
0 0
1 2
2 6
3 8
4 15
5 13
6 14
7 29
8 55
9 85
10 85
11 99
12 97
13 81
14 80
15 53
16 36
17 23
18 20
19 10
20 8
21 5
22 2
23 6
24 4
25 2
26 0
27 1
28 1
29 0
last timestep 29
node 569 iteration 9
0 0
1 1
2 2
3 1
4 1
5 1
6 5
7 9
8 13
9 20
10 32
11 48
12 45
13 44
14 39
15 54
16 49
17 55
18 49
19 46
20 44
21 35
22 28
23 25
24 12
25 18
26 11
27 11
28 9
29 3
30 5
31 5
32 0
33 0
last timestep 33
