node 351 iteration 0
0 0
1 3
2 2
3 1
4 2
5 7
6 4
7 10
8 11
9 9
10 14
11 35
12 55
13 59
14 82
15 76
16 65
17 55
18 65
19 48
20 38
21 17
22 11
23 7
24 7
25 4
26 1
27 0
28 2
29 2
30 0
last timestep 30
node 351 iteration 1
0 0
1 1
2 0
3 0
last timestep 3
node 351 iteration 2
0 0
1 2
2 3
3 2
4 9
5 2
6 6
7 8
8 18
9 28
10 34
11 38
12 39
13 57
14 64
15 77
16 102
17 73
18 64
19 42
20 34
21 27
22 21
23 27
24 12
25 5
26 0
27 0
last timestep 27
node 351 iteration 3
0 0
1 3
2 2
3 2
4 1
5 0
6 0
last timestep 6
node 351 iteration 4
0 0
1 1
2 0
3 0
last timestep 3
node 351 iteration 5
0 0
1 1
2 7
3 12
4 16
5 26
6 42
7 81
8 89
9 103
10 104
11 82
12 64
13 48
14 37
15 28
16 20
17 19
18 7
19 6
20 6
21 3
22 4
23 2
24 0
25 0
last timestep 25
node 351 iteration 6
0 0
1 4
2 9
3 29
4 29
5 43
6 56
7 72
8 49
9 64
10 79
11 76
12 68
13 60
14 43
15 44
16 33
17 22
18 19
19 12
20 0
21 1
22 1
23 0
last timestep 23
node 351 iteration 7
0 0
1 2
2 7
3 8
4 9
5 21
6 24
7 47
8 64
9 104
10 109
11 106
12 84
13 72
14 66
15 47
16 37
17 25
18 12
19 9
20 6
21 1
22 0
23 0
last timestep 23
node 351 iteration 8
0 0
1 6
2 2
3 10
4 20
5 29
6 24
7 43
8 55
9 60
10 80
11 81
12 81
13 56
14 55
15 37
16 30
17 30
18 31
19 27
20 27
21 24
22 13
23 3
24 2
25 2
26 2
27 1
28 0
29 0
last timestep 29
node 351 iteration 9
0 0
1 3
2 10
3 8
4 18
5 21
6 20
7 32
8 52
9 67
10 93
11 91
12 74
13 85
14 55
15 43
16 27
17 17
18 16
19 5
20 4
21 4
22 2
23 4
24 7
25 7
26 11
27 7
28 5
29 2
30 0
31 0
last timestep 31
