node 996 iteration 0
0 0
1 4
2 13
3 22
4 27
5 36
6 40
7 52
8 59
9 72
10 90
11 76
12 78
13 69
14 57
15 48
16 36
17 15
18 12
19 6
20 1
21 2
22 2
23 0
24 0
last timestep 24
node 996 iteration 1
0 0
1 2
2 3
3 4
4 3
5 14
6 12
7 15
8 21
9 34
10 51
11 75
12 87
13 100
14 87
15 79
16 72
17 54
18 30
19 25
20 23
21 17
22 12
23 9
24 5
25 7
26 3
27 1
28 0
29 0
last timestep 29
node 996 iteration 2
0 0
1 2
2 0
3 1
4 3
5 12
6 19
7 31
8 30
9 57
10 54
11 67
12 80
13 78
14 97
15 88
16 72
17 55
18 29
19 17
20 18
21 10
22 12
23 11
24 12
25 8
26 0
last timestep 26
node 996 iteration 3
0 0
1 2
2 7
3 4
4 13
5 12
6 12
7 7
8 23
9 29
10 35
11 43
12 64
13 92
14 118
15 104
16 89
17 71
18 31
19 19
20 9
21 8
22 5
23 4
24 4
25 2
26 0
27 0
last timestep 27
node 996 iteration 4
0 0
1 2
2 2
3 7
4 4
5 7
6 9
7 17
8 39
9 46
10 56
11 72
12 76
13 98
14 80
15 63
16 75
17 54
18 33
19 22
20 21
21 11
22 3
23 5
24 5
25 1
26 1
27 0
28 0
last timestep 28
node 996 iteration 5
0 0
1 5
2 2
3 2
4 5
5 4
6 11
7 9
8 23
9 16
10 32
11 58
12 57
13 72
14 77
15 92
16 73
17 54
18 42
19 45
20 37
21 27
22 20
23 12
24 6
25 6
26 0
27 2
28 1
29 0
last timestep 29
node 996 iteration 6
0 0
1 1
2 4
3 5
4 7
5 11
6 19
7 37
8 58
9 81
10 99
11 116
12 114
13 85
14 76
15 67
16 50
17 26
18 11
19 5
20 1
21 0
22 0
last timestep 22
node 996 iteration 7
0 0
1 3
2 4
3 11
4 17
5 20
6 47
7 59
8 79
9 118
10 137
11 123
12 74
13 50
14 27
15 22
16 14
17 3
18 7
19 4
20 7
21 3
22 1
23 2
24 0
25 0
last timestep 25
node 996 iteration 8
0 0
1 2
2 2
3 2
4 6
5 7
6 6
7 7
8 15
9 40
10 35
11 55
12 72
13 73
14 85
15 83
16 82
17 55
18 49
19 31
20 33
21 16
22 4
23 3
24 2
25 0
26 0
last timestep 26
node 996 iteration 9
0 0
1 7
2 6
3 7
4 19
5 37
6 53
7 52
8 76
9 93
10 76
11 101
12 91
13 60
14 42
15 31
16 27
17 14
18 5
19 4
20 1
21 3
22 2
23 0
24 0
last timestep 24
