node 2285 iteration 0
0 0
1 1
2 0
3 0
last timestep 3
node 2285 iteration 1
0 0
1 3
2 4
3 6
4 15
5 31
6 44
7 65
8 73
9 85
10 106
11 95
12 71
13 62
14 45
15 33
16 13
17 10
18 8
19 5
20 0
21 0
last timestep 21
node 2285 iteration 2
0 0
1 2
2 4
3 3
4 6
5 9
6 19
7 18
8 34
9 52
10 50
11 88
12 81
13 65
14 66
15 56
16 44
17 46
18 32
19 24
20 12
21 10
22 4
23 3
24 1
25 2
26 1
27 2
28 2
29 5
30 1
31 0
32 0
last timestep 32
node 2285 iteration 3
0 0
1 3
2 5
3 0
4 0
last timestep 4
node 2285 iteration 4
0 0
1 0
2 0
last timestep 2
node 2285 iteration 5
0 0
1 2
2 0
3 0
last timestep 3
node 2285 iteration 6
0 0
1 0
2 0
last timestep 2
node 2285 iteration 7
0 0
1 3
2 7
3 15
4 31
5 20
6 38
7 58
8 75
9 95
10 114
11 82
12 80
13 62
14 53
15 47
16 18
17 16
18 19
19 15
20 6
21 2
22 1
23 0
24 0
last timestep 24
node 2285 iteration 8
0 0
1 4
2 2
3 5
4 7
5 7
6 15
7 20
8 30
9 54
10 70
11 77
12 108
13 106
14 90
15 82
16 53
17 40
18 41
19 17
20 13
21 8
22 4
23 3
24 3
25 0
26 0
last timestep 26
node 2285 iteration 9
0 0
1 2
2 4
3 9
4 5
5 11
6 11
7 14
8 20
9 29
10 44
11 29
12 57
13 89
14 132
15 120
16 83
17 55
18 43
19 29
20 27
21 12
22 8
23 3
24 5
25 0
26 0
last timestep 26
