node 615 iteration 0
0 0
1 1
2 1
3 1
4 2
5 1
6 3
7 4
8 1
9 2
10 7
11 7
12 16
13 9
14 11
15 6
16 13
17 22
18 44
19 30
20 43
21 52
22 57
23 94
24 68
25 66
26 61
27 34
28 24
29 25
30 19
31 9
32 4
33 1
34 1
35 0
36 0
last timestep 36
node 615 iteration 1
0 0
1 1
2 0
3 0
last timestep 3
node 615 iteration 2
0 0
1 0
2 1
3 1
4 3
5 7
6 3
7 11
8 15
9 19
10 25
11 29
12 52
13 63
14 101
15 95
16 93
17 59
18 49
19 45
20 41
21 37
22 25
23 23
24 12
25 13
26 6
27 2
28 1
29 0
last timestep 29
node 615 iteration 3
0 0
1 3
2 6
3 4
4 0
5 0
last timestep 5
node 615 iteration 4
0 0
1 4
2 1
3 7
4 11
5 16
6 15
7 27
8 43
9 67
10 68
11 77
12 63
13 54
14 45
15 38
16 45
17 31
18 26
19 27
20 18
21 9
22 6
23 5
24 5
25 5
26 2
27 3
28 3
29 6
30 3
31 2
32 5
33 1
34 0
35 0
last timestep 35
node 615 iteration 5
0 0
1 1
2 0
3 0
last timestep 3
node 615 iteration 6
0 0
1 1
2 3
3 5
4 10
5 16
6 19
7 35
8 36
9 57
10 66
11 65
12 82
13 74
14 81
15 82
16 52
17 34
18 35
19 10
20 4
21 8
22 4
23 2
24 0
25 0
last timestep 25
node 615 iteration 7
0 0
1 1
2 10
3 13
4 10
5 29
6 32
7 56
8 68
9 66
10 93
11 101
12 92
13 69
14 64
15 42
16 36
17 12
18 4
19 5
20 5
21 0
22 0
last timestep 22
node 615 iteration 8
0 0
1 2
2 3
3 5
4 6
5 17
6 31
7 30
8 44
9 77
10 96
11 98
12 97
13 81
14 72
15 51
16 44
17 45
18 23
19 25
20 19
21 7
22 3
23 7
24 6
25 2
26 1
27 0
28 0
last timestep 28
node 615 iteration 9
0 0
1 0
2 5
3 10
4 13
5 8
6 24
7 25
8 31
9 30
10 34
11 48
12 64
13 107
14 113
15 97
16 91
17 69
18 48
19 35
20 21
21 21
22 12
23 9
24 6
25 6
26 2
27 1
28 0
last timestep 28
