node 511 iteration 0
0 0
1 3
2 1
3 1
4 2
5 1
6 1
7 5
8 4
9 5
10 21
11 35
12 45
13 61
14 78
15 81
16 103
17 75
18 66
19 51
20 54
21 28
22 23
23 17
24 8
25 8
26 4
27 2
28 0
29 1
30 0
last timestep 30
node 511 iteration 1
0 0
1 1
2 1
3 2
4 2
5 3
6 7
7 20
8 22
9 39
10 53
11 83
12 101
13 88
14 75
15 85
16 78
17 61
18 57
19 37
20 23
21 15
22 6
23 4
24 3
25 4
26 4
27 2
28 0
29 0
last timestep 29
node 511 iteration 2
0 0
1 5
2 0
3 3
4 5
5 16
6 19
7 26
8 35
9 39
10 48
11 59
12 78
13 93
14 72
15 79
16 45
17 29
18 41
19 27
20 13
21 19
22 14
23 7
24 2
25 5
26 1
27 0
last timestep 27
node 511 iteration 3
0 0
1 3
2 5
3 6
4 10
5 12
6 17
7 25
8 31
9 40
10 50
11 53
12 57
13 72
14 71
15 66
16 51
17 32
18 25
19 16
20 12
21 12
22 9
23 7
24 14
25 17
26 11
27 6
28 5
29 3
30 1
31 0
32 0
last timestep 32
node 511 iteration 4
0 0
1 3
2 4
3 1
4 1
5 4
6 7
7 12
8 14
9 24
10 28
11 47
12 55
13 53
14 56
15 69
16 56
17 64
18 55
19 44
20 25
21 19
22 18
23 18
24 14
25 10
26 4
27 5
28 4
29 4
30 0
31 2
32 3
33 5
34 3
35 5
36 4
37 4
38 5
39 1
40 1
41 2
42 1
43 3
44 2
45 0
last timestep 45
node 511 iteration 5
0 0
1 0
2 1
3 2
4 6
5 7
6 18
7 19
8 30
9 34
10 58
11 58
12 74
13 101
14 101
15 75
16 61
17 51
18 50
19 25
20 26
21 8
22 12
23 7
24 5
25 1
26 1
27 2
28 0
last timestep 28
node 511 iteration 6
0 0
1 3
2 2
3 9
4 14
5 32
6 48
7 81
8 106
9 105
10 91
11 91
12 60
13 53
14 37
15 20
16 16
17 17
18 8
19 5
20 1
21 1
22 0
23 0
last timestep 23
node 511 iteration 7
0 0
1 2
2 4
3 13
4 19
5 35
6 49
7 62
8 97
9 97
10 120
11 105
12 85
13 57
14 39
15 19
16 11
17 4
18 0
19 0
last timestep 19
node 511 iteration 8
0 0
1 0
2 0
last timestep 2
node 511 iteration 9
0 0
1 2
2 3
3 9
4 6
5 13
6 21
7 21
8 24
9 38
10 36
11 40
12 61
13 58
14 56
15 72
16 62
17 47
18 39
19 30
20 34
21 27
22 15
23 16
24 13
25 8
26 10
27 9
28 8
29 4
30 5
31 1
32 1
33 0
34 0
last timestep 34
