node 828 iteration 0
0 0
1 2
2 2
3 3
4 12
5 12
6 22
7 19
8 34
9 40
10 61
11 57
12 78
13 70
14 51
15 47
16 54
17 38
18 25
19 19
20 14
21 8
22 12
23 7
24 4
25 3
26 0
27 3
28 8
29 7
30 4
31 2
32 5
33 4
34 8
35 3
36 2
37 2
38 2
39 2
40 2
41 4
42 3
43 0
last timestep 43
node 828 iteration 1
0 0
1 1
2 1
3 2
4 2
5 10
6 10
7 15
8 27
9 29
10 44
11 47
12 42
13 42
14 60
15 42
16 47
17 58
18 42
19 50
20 35
21 33
22 20
23 15
24 18
25 19
26 12
27 6
28 7
29 9
30 9
31 9
32 7
33 7
34 5
35 2
36 1
37 0
38 0
last timestep 38
node 828 iteration 2
0 0
1 2
2 2
3 9
4 11
5 8
6 13
7 21
8 19
9 29
10 35
11 47
12 60
13 89
14 83
15 69
16 84
17 76
18 54
19 31
20 14
21 6
22 5
23 1
24 1
25 2
26 4
27 3
28 0
29 0
last timestep 29
node 828 iteration 3
0 0
1 2
2 0
3 0
last timestep 3
node 828 iteration 4
0 0
1 3
2 4
3 2
4 2
5 4
6 4
7 3
8 5
9 3
10 5
11 10
12 6
13 9
14 18
15 39
16 45
17 77
18 85
19 116
20 145
21 144
22 100
23 67
24 47
25 30
26 12
27 8
28 2
29 0
30 1
31 1
32 0
last timestep 32
node 828 iteration 5
0 0
1 2
2 2
3 3
4 4
5 5
6 6
7 16
8 21
9 33
10 46
11 58
12 63
13 70
14 76
15 61
16 62
17 51
18 39
19 38
20 23
21 25
22 25
23 23
24 12
25 5
26 2
27 2
28 3
29 3
30 2
31 3
32 2
33 0
34 0
last timestep 34
node 828 iteration 6
0 0
1 1
2 1
3 0
4 0
last timestep 4
node 828 iteration 7
0 0
1 3
2 13
3 9
4 18
5 41
6 63
7 80
8 93
9 102
10 97
11 80
12 55
13 62
14 42
15 31
16 14
17 13
18 12
19 11
20 4
21 2
22 0
23 0
last timestep 23
node 828 iteration 8
0 0
1 1
2 3
3 4
4 5
5 7
6 10
7 18
8 21
9 26
10 36
11 49
12 46
13 51
14 55
15 56
16 54
17 58
18 59
19 45
20 55
21 42
22 25
23 18
24 20
25 10
26 7
27 3
28 1
29 1
30 0
31 0
last timestep 31
node 828 iteration 9
0 0
1 2
2 5
3 2
4 3
5 6
6 4
7 3
8 7
9 9
10 21
11 24
12 33
13 27
14 30
15 39
16 42
17 52
18 61
19 53
20 49
21 33
22 35
23 28
24 20
25 18
26 13
27 6
28 7
29 4
30 5
31 3
32 1
33 2
34 3
35 5
36 4
37 1
38 0
39 0
last timestep 39
