node 1217 iteration 0
0 0
1 2
2 4
3 13
4 17
5 46
6 69
7 66
8 66
9 62
10 94
11 100
12 90
13 53
14 34
15 28
16 14
17 10
18 10
19 3
20 1
21 2
22 1
23 0
24 0
last timestep 24
node 1217 iteration 1
0 0
1 0
2 0
last timestep 2
node 1217 iteration 2
0 0
1 0
2 0
last timestep 2
node 1217 iteration 3
0 0
1 3
2 3
3 8
4 11
5 11
6 30
7 45
8 95
9 110
10 148
11 142
12 111
13 74
14 50
15 28
16 19
17 7
18 3
19 0
20 0
last timestep 20
node 1217 iteration 4
0 0
1 1
2 1
3 7
4 7
5 12
6 27
7 25
8 38
9 49
10 68
11 86
12 82
13 82
14 69
15 58
16 65
17 38
18 36
19 21
20 14
21 7
22 6
23 4
24 2
25 4
26 2
27 1
28 2
29 1
30 0
31 0
last timestep 31
node 1217 iteration 5
0 0
1 1
2 2
3 1
4 1
5 3
6 6
7 16
8 16
9 22
10 26
11 31
12 53
13 55
14 63
15 51
16 57
17 58
18 52
19 53
20 44
21 53
22 45
23 30
24 24
25 13
26 14
27 9
28 7
29 3
30 1
31 1
32 0
33 0
last timestep 33
node 1217 iteration 6
0 0
1 1
2 2
3 1
4 0
5 0
last timestep 5
node 1217 iteration 7
0 0
1 2
2 1
3 1
4 1
5 8
6 27
7 41
8 65
9 83
10 80
11 129
12 112
13 83
14 62
15 45
16 32
17 11
18 13
19 8
20 2
21 1
22 2
23 0
24 1
25 3
26 3
27 5
28 2
29 0
last timestep 29
node 1217 iteration 8
0 0
1 1
2 1
3 0
4 3
5 4
6 10
7 13
8 20
9 36
10 21
11 21
12 48
13 55
14 83
15 72
16 77
17 55
18 70
19 69
20 79
21 46
22 30
23 8
24 6
25 8
26 7
27 2
28 1
29 1
30 0
last timestep 30
node 1217 iteration 9
0 0
1 1
2 1
3 3
4 6
5 5
6 15
7 16
8 30
9 47
10 40
11 56
12 94
13 101
14 81
15 80
16 43
17 37
18 22
19 16
20 14
21 11
22 6
23 2
24 1
25 0
26 0
last timestep 26
