node 508 iteration 0
0 0
1 1
2 2
3 1
4 4
5 1
6 2
7 2
8 2
9 7
10 4
11 7
12 9
13 13
14 24
15 59
16 85
17 84
18 112
19 102
20 91
21 64
22 40
23 30
24 13
25 8
26 4
27 2
28 4
29 2
30 0
31 0
last timestep 31
node 508 iteration 1
0 0
1 0
2 0
last timestep 2
node 508 iteration 2
0 0
1 2
2 1
3 1
4 2
5 4
6 1
7 1
8 1
9 0
10 0
last timestep 10
node 508 iteration 3
0 0
1 1
2 0
3 0
last timestep 3
node 508 iteration 4
0 0
1 2
2 3
3 1
4 2
5 1
6 2
7 3
8 9
9 13
10 15
11 16
12 27
13 22
14 38
15 43
16 85
17 68
18 70
19 53
20 57
21 78
22 42
23 38
24 24
25 15
26 15
27 1
28 3
29 1
30 2
31 3
32 3
33 4
34 5
35 11
36 8
37 5
38 1
39 3
40 2
41 2
42 0
43 0
last timestep 43
node 508 iteration 5
0 0
1 0
2 0
last timestep 2
node 508 iteration 6
0 0
1 1
2 1
3 7
4 11
5 13
6 16
7 20
8 26
9 40
10 63
11 73
12 93
13 79
14 102
15 86
16 60
17 53
18 54
19 30
20 20
21 10
22 13
23 5
24 5
25 2
26 1
27 0
28 0
last timestep 28
node 508 iteration 7
0 0
1 0
2 0
last timestep 2
node 508 iteration 8
0 0
1 1
2 1
3 3
4 1
5 1
6 1
7 3
8 7
9 7
10 13
11 10
12 37
13 48
14 54
15 95
16 101
17 97
18 90
19 81
20 82
21 56
22 39
23 20
24 10
25 9
26 1
27 0
28 0
last timestep 28
node 508 iteration 9
0 0
1 0
2 0
last timestep 2
