node 1210 iteration 0
0 0
1 3
2 6
3 11
4 17
5 19
6 32
7 46
8 62
9 84
10 82
11 82
12 88
13 68
14 68
15 34
16 29
17 13
18 7
19 8
20 5
21 4
22 3
23 4
24 7
25 8
26 3
27 1
28 0
29 0
last timestep 29
node 1210 iteration 1
0 0
1 1
2 0
3 0
last timestep 3
node 1210 iteration 2
0 0
1 1
2 3
3 6
4 9
5 22
6 26
7 29
8 36
9 68
10 100
11 90
12 91
13 93
14 78
15 38
16 24
17 19
18 11
19 10
20 11
21 4
22 1
23 0
24 0
last timestep 24
node 1210 iteration 3
0 0
1 2
2 7
3 6
4 15
5 32
6 47
7 50
8 47
9 66
10 57
11 69
12 56
13 59
14 51
15 47
16 45
17 33
18 31
19 15
20 10
21 4
22 3
23 0
24 0
last timestep 24
node 1210 iteration 4
0 0
1 3
2 9
3 6
4 4
5 4
6 4
7 2
8 0
9 0
last timestep 9
node 1210 iteration 5
0 0
1 2
2 4
3 3
4 2
5 4
6 15
7 31
8 36
9 51
10 82
11 91
12 83
13 113
14 95
15 67
16 35
17 22
18 16
19 9
20 11
21 7
22 2
23 2
24 0
25 0
last timestep 25
node 1210 iteration 6
0 0
1 4
2 11
3 7
4 8
5 10
6 19
7 23
8 35
9 28
10 62
11 59
12 65
13 43
14 31
15 30
16 26
17 26
18 15
19 16
20 30
21 23
22 19
23 13
24 8
25 5
26 4
27 1
28 4
29 4
30 1
31 1
32 0
33 0
last timestep 33
node 1210 iteration 7
0 0
1 4
2 4
3 10
4 12
5 13
6 29
7 50
8 78
9 107
10 137
11 127
12 97
13 61
14 50
15 45
16 22
17 15
18 23
19 14
20 10
21 5
22 3
23 3
24 1
25 1
26 0
27 0
last timestep 27
node 1210 iteration 8
0 0
1 5
2 4
3 14
4 21
5 29
6 44
7 72
8 93
9 109
10 113
11 123
12 90
13 71
14 37
15 16
16 15
17 12
18 3
19 1
20 1
21 0
22 0
last timestep 22
node 1210 iteration 9
0 0
1 1
2 8
3 20
4 37
5 69
6 74
7 72
8 96
9 84
10 73
11 58
12 47
13 29
14 29
15 22
16 13
17 3
18 1
19 2
20 0
21 0
last timestep 21
