node 860 iteration 0
0 0
1 1
2 1
3 0
4 0
last timestep 4
node 860 iteration 1
0 0
1 1
2 0
3 0
last timestep 3
node 860 iteration 2
0 0
1 0
2 0
last timestep 2
node 860 iteration 3
0 0
1 4
2 2
3 3
4 4
5 5
6 11
7 13
8 17
9 10
10 25
11 29
12 35
13 33
14 36
15 50
16 66
17 60
18 51
19 55
20 53
21 34
22 38
23 32
24 26
25 15
26 8
27 11
28 8
29 4
30 2
31 0
32 0
last timestep 32
node 860 iteration 4
0 0
1 3
2 2
3 4
4 5
5 7
6 17
7 28
8 21
9 41
10 55
11 80
12 100
13 96
14 102
15 99
16 74
17 50
18 36
19 11
20 16
21 10
22 4
23 3
24 0
25 0
last timestep 25
node 860 iteration 5
0 0
1 1
2 5
3 4
4 5
5 2
6 9
7 14
8 14
9 24
10 43
11 46
12 80
13 79
14 101
15 90
16 64
17 66
18 44
19 31
20 26
21 14
22 15
23 7
24 5
25 4
26 0
27 0
last timestep 27
node 860 iteration 6
0 0
1 4
2 3
3 5
4 4
5 5
6 8
7 15
8 17
9 36
10 36
11 58
12 78
13 98
14 86
15 57
16 56
17 73
18 44
19 30
20 18
21 14
22 13
23 7
24 7
25 6
26 4
27 1
28 3
29 0
30 0
last timestep 30
node 860 iteration 7
0 0
1 3
2 8
3 7
4 9
5 16
6 18
7 36
8 42
9 82
10 86
11 68
12 50
13 44
14 43
15 36
16 35
17 32
18 23
19 27
20 34
21 26
22 18
23 12
24 10
25 3
26 3
27 3
28 1
29 4
30 2
31 0
32 0
last timestep 32
node 860 iteration 8
0 0
1 0
2 0
last timestep 2
node 860 iteration 9
0 0
1 1
2 1
3 0
4 0
last timestep 4
