node 1140 iteration 0
0 0
1 2
2 2
3 1
4 2
5 6
6 12
7 16
8 12
9 16
10 29
11 36
12 46
13 65
14 81
15 119
16 102
17 84
18 61
19 48
20 36
21 14
22 14
23 7
24 7
25 3
26 0
27 0
last timestep 27
node 1140 iteration 1
0 0
1 2
2 1
3 1
4 3
5 3
6 10
7 17
8 30
9 45
10 40
11 58
12 71
13 101
14 108
15 105
16 100
17 73
18 57
19 37
20 30
21 13
22 3
23 3
24 5
25 0
26 0
last timestep 26
node 1140 iteration 2
0 0
1 2
2 3
3 7
4 5
5 21
6 27
7 47
8 56
9 64
10 93
11 114
12 113
13 99
14 78
15 58
16 33
17 14
18 5
19 2
20 3
21 1
22 3
23 2
24 4
25 1
26 0
27 0
last timestep 27
node 1140 iteration 3
0 0
1 4
2 3
3 5
4 2
5 3
6 14
7 9
8 4
9 13
10 15
11 34
12 27
13 32
14 38
15 43
16 59
17 71
18 75
19 88
20 64
21 46
22 34
23 22
24 18
25 13
26 8
27 7
28 2
29 2
30 2
31 2
32 3
33 10
34 6
35 3
36 1
37 2
38 3
39 6
40 0
41 1
42 1
43 2
44 3
45 0
last timestep 45
node 1140 iteration 4
0 0
1 1
2 0
3 0
last timestep 3
node 1140 iteration 5
0 0
1 0
2 0
last timestep 2
node 1140 iteration 6
0 0
1 1
2 2
3 2
4 9
5 9
6 12
7 23
8 25
9 39
10 57
11 55
12 50
13 63
14 60
15 64
16 46
17 67
18 52
19 26
20 21
21 13
22 5
23 4
24 6
25 5
26 1
27 0
28 0
last timestep 28
node 1140 iteration 7
0 0
1 3
2 3
3 7
4 15
5 19
6 22
7 12
8 16
9 18
10 23
11 48
12 54
13 51
14 63
15 57
16 69
17 64
18 54
19 47
20 37
21 30
22 28
23 14
24 9
25 5
26 10
27 2
28 3
29 2
30 4
31 2
32 1
33 1
34 0
35 0
last timestep 35
node 1140 iteration 8
0 0
1 1
2 3
3 1
4 6
5 3
6 2
7 2
8 4
9 6
10 5
11 1
12 3
13 0
14 0
last timestep 14
node 1140 iteration 9
0 0
1 0
2 0
last timestep 2
