node 1864 iteration 0
0 0
1 2
2 0
3 0
last timestep 3
node 1864 iteration 1
0 0
1 5
2 2
3 3
4 11
5 14
6 33
7 36
8 38
9 41
10 42
11 64
12 79
13 78
14 72
15 79
16 45
17 29
18 24
19 13
20 12
21 19
22 18
23 10
24 9
25 2
26 3
27 1
28 0
29 0
last timestep 29
node 1864 iteration 2
0 0
1 2
2 8
3 6
4 10
5 15
6 25
7 23
8 30
9 42
10 57
11 64
12 80
13 87
14 90
15 79
16 62
17 43
18 26
19 21
20 14
21 12
22 11
23 5
24 8
25 4
26 0
27 0
last timestep 27
node 1864 iteration 3
0 0
1 2
2 1
3 2
4 0
5 0
last timestep 5
node 1864 iteration 4
0 0
1 1
2 0
3 0
last timestep 3
node 1864 iteration 5
0 0
1 2
2 2
3 2
4 14
5 15
6 35
7 66
8 69
9 82
10 102
11 102
12 99
13 81
14 48
15 45
16 32
17 26
18 11
19 9
20 8
21 5
22 0
23 1
24 0
last timestep 24
node 1864 iteration 6
0 0
1 1
2 1
3 6
4 3
5 4
6 7
7 7
8 11
9 13
10 26
11 38
12 62
13 70
14 81
15 109
16 104
17 112
18 83
19 51
20 25
21 20
22 9
23 2
24 1
25 0
26 1
27 0
last timestep 27
node 1864 iteration 7
0 0
1 3
2 8
3 10
4 6
5 10
6 10
7 19
8 31
9 53
10 73
11 87
12 98
13 101
14 78
15 58
16 39
17 20
18 23
19 16
20 15
21 7
22 6
23 2
24 1
25 0
26 0
last timestep 26
node 1864 iteration 8
0 0
1 1
2 3
3 9
4 12
5 14
6 21
7 37
8 41
9 47
10 62
11 74
12 81
13 81
14 91
15 56
16 50
17 40
18 26
19 14
20 8
21 6
22 2
23 2
24 1
25 3
26 3
27 5
28 2
29 1
30 0
31 0
last timestep 31
node 1864 iteration 9
0 0
1 3
2 5
3 5
4 15
5 19
6 31
7 48
8 73
9 93
10 97
11 75
12 79
13 41
14 37
15 31
16 19
17 12
18 11
19 10
20 6
21 9
22 3
23 2
24 3
25 3
26 0
27 0
last timestep 27
