node 358 iteration 0
0 0
1 6
2 4
3 3
4 2
5 1
6 0
7 0
last timestep 7
node 358 iteration 1
0 0
1 1
2 2
3 1
4 4
5 3
6 5
7 7
8 18
9 25
10 38
11 40
12 51
13 54
14 57
15 54
16 49
17 46
18 53
19 66
20 45
21 29
22 20
23 13
24 12
25 12
26 7
27 5
28 6
29 6
30 7
31 3
32 6
33 4
34 2
35 5
36 2
37 0
38 0
last timestep 38
node 358 iteration 2
0 0
1 1
2 3
3 1
4 0
5 0
last timestep 5
node 358 iteration 3
0 0
1 2
2 2
3 1
4 2
5 1
6 0
7 0
last timestep 7
node 358 iteration 4
0 0
1 4
2 1
3 1
4 0
5 1
6 6
7 7
8 18
9 28
10 34
11 43
12 44
13 46
14 42
15 40
16 43
17 46
18 54
19 68
20 41
21 36
22 37
23 24
24 15
25 17
26 11
27 9
28 5
29 1
30 0
last timestep 30
node 358 iteration 5
0 0
1 1
2 0
3 0
last timestep 3
node 358 iteration 6
0 0
1 3
2 3
3 8
4 5
5 12
6 13
7 15
8 22
9 31
10 40
11 62
12 97
13 115
14 108
15 75
16 56
17 38
18 21
19 16
20 21
21 13
22 6
23 3
24 3
25 4
26 2
27 3
28 1
29 0
30 0
last timestep 30
node 358 iteration 7
0 0
1 4
2 4
3 6
4 11
5 8
6 25
7 42
8 86
9 98
10 142
11 127
12 104
13 78
14 50
15 39
16 22
17 22
18 11
19 12
20 18
21 9
22 2
23 1
24 0
25 0
last timestep 25
node 358 iteration 8
0 0
1 1
2 2
3 10
4 14
5 31
6 43
7 58
8 69
9 84
10 95
11 76
12 80
13 76
14 69
15 40
16 20
17 12
18 12
19 8
20 11
21 17
22 8
23 5
24 8
25 1
26 0
27 0
last timestep 27
node 358 iteration 9
0 0
1 6
2 10
3 20
4 20
5 31
6 31
7 41
8 45
9 77
10 89
11 105
12 98
13 74
14 52
15 41
16 28
17 18
18 9
19 2
20 1
21 1
22 0
23 0
last timestep 23
