node 925 iteration 0
0 0
1 1
2 1
3 5
4 2
5 1
6 2
7 4
8 6
9 8
10 12
11 11
12 25
13 34
14 49
15 53
16 59
17 72
18 62
19 54
20 61
21 63
22 40
23 31
24 12
25 1
26 0
27 0
last timestep 27
node 925 iteration 1
0 0
1 2
2 4
3 4
4 10
5 6
6 15
7 37
8 52
9 55
10 49
11 64
12 88
13 107
14 93
15 75
16 66
17 57
18 28
19 22
20 10
21 8
22 3
23 1
24 0
25 0
last timestep 25
node 925 iteration 2
0 0
1 4
2 4
3 6
4 13
5 16
6 32
7 41
8 37
9 51
10 90
11 82
12 84
13 71
14 59
15 36
16 27
17 22
18 13
19 13
20 20
21 12
22 6
23 5
24 3
25 2
26 3
27 5
28 5
29 0
30 1
31 0
last timestep 31
node 925 iteration 3
0 0
1 1
2 0
3 0
last timestep 3
node 925 iteration 4
0 0
1 1
2 1
3 2
4 1
5 0
6 0
last timestep 6
node 925 iteration 5
0 0
1 2
2 6
3 8
4 1
5 0
6 0
last timestep 6
node 925 iteration 6
0 0
1 1
2 1
3 4
4 7
5 24
6 53
7 70
8 72
9 85
10 79
11 72
12 83
13 87
14 69
15 56
16 49
17 42
18 16
19 12
20 11
21 10
22 13
23 1
24 1
25 2
26 1
27 0
28 0
last timestep 28
node 925 iteration 7
0 0
1 2
2 2
3 5
4 6
5 8
6 10
7 10
8 16
9 27
10 29
11 22
12 37
13 56
14 76
15 102
16 95
17 90
18 71
19 65
20 34
21 11
22 5
23 3
24 1
25 0
26 0
last timestep 26
node 925 iteration 8
0 0
1 1
2 0
3 0
last timestep 3
node 925 iteration 9
0 0
1 1
2 0
3 0
last timestep 3
