node 808 iteration 0
0 0
1 6
2 5
3 2
4 5
5 2
6 0
7 0
last timestep 7
node 808 iteration 1
0 0
1 3
2 2
3 4
4 16
5 20
6 18
7 39
8 51
9 57
10 57
11 58
12 57
13 50
14 49
15 53
16 38
17 34
18 29
19 18
20 13
21 7
22 3
23 1
24 0
25 0
last timestep 25
node 808 iteration 2
0 0
1 3
2 5
3 8
4 15
5 19
6 31
7 31
8 46
9 74
10 84
11 65
12 72
13 69
14 74
15 47
16 28
17 22
18 19
19 20
20 8
21 2
22 0
23 0
last timestep 23
node 808 iteration 3
0 0
1 1
2 3
3 2
4 1
5 6
6 9
7 23
8 26
9 23
10 43
11 49
12 48
13 62
14 78
15 92
16 84
17 73
18 57
19 39
20 29
21 14
22 8
23 6
24 1
25 0
26 0
last timestep 26
node 808 iteration 4
0 0
1 1
2 1
3 4
4 2
5 3
6 6
7 5
8 5
9 21
10 26
11 45
12 51
13 71
14 116
15 123
16 100
17 84
18 69
19 42
20 28
21 19
22 7
23 5
24 1
25 2
26 1
27 2
28 0
29 1
30 1
31 4
32 3
33 5
34 2
35 3
36 0
last timestep 36
node 808 iteration 5
0 0
1 4
2 4
3 5
4 10
5 17
6 47
7 62
8 92
9 92
10 105
11 90
12 91
13 57
14 41
15 27
16 17
17 6
18 4
19 5
20 6
21 7
22 7
23 2
24 0
25 1
26 0
last timestep 26
node 808 iteration 6
0 0
1 1
2 0
3 0
last timestep 3
node 808 iteration 7
0 0
1 5
2 14
3 31
4 51
5 80
6 113
7 98
8 109
9 80
10 86
11 53
12 36
13 18
14 8
15 8
16 1
17 2
18 3
19 1
20 2
21 0
22 0
last timestep 22
node 808 iteration 8
0 0
1 3
2 8
3 11
4 14
5 19
6 38
7 68
8 61
9 75
10 90
11 81
12 73
13 59
14 39
15 31
16 19
17 13
18 6
19 6
20 3
21 3
22 0
23 3
24 3
25 3
26 2
27 3
28 3
29 9
30 5
31 0
last timestep 31
node 808 iteration 9
0 0
1 3
2 1
3 4
4 11
5 20
6 25
7 21
8 22
9 37
10 45
11 64
12 68
13 89
14 95
15 80
16 64
17 60
18 32
19 21
20 13
21 7
22 2
23 0
24 0
last timestep 24
