node 1450 iteration 0
0 0
1 3
2 4
3 1
4 2
5 2
6 0
7 0
last timestep 7
node 1450 iteration 1
0 0
1 5
2 9
3 19
4 28
5 27
6 33
7 53
8 50
9 60
10 67
11 66
12 48
13 52
14 59
15 54
16 38
17 25
18 29
19 12
20 10
21 3
22 1
23 0
24 0
last timestep 24
node 1450 iteration 2
0 0
1 0
2 0
last timestep 2
node 1450 iteration 3
0 0
1 1
2 2
3 7
4 9
5 15
6 18
7 31
8 58
9 69
10 82
11 83
12 120
13 98
14 87
15 67
16 29
17 25
18 19
19 18
20 6
21 5
22 2
23 2
24 0
25 0
last timestep 25
node 1450 iteration 4
0 0
1 0
2 0
last timestep 2
node 1450 iteration 5
0 0
1 1
2 2
3 0
4 0
last timestep 4
node 1450 iteration 6
0 0
1 4
2 2
3 10
4 14
5 27
6 32
7 53
8 66
9 83
10 100
11 83
12 64
13 57
14 48
15 34
16 30
17 17
18 12
19 9
20 11
21 5
22 0
23 1
24 2
25 3
26 4
27 0
last timestep 27
node 1450 iteration 7
0 0
1 1
2 0
3 0
last timestep 3
node 1450 iteration 8
0 0
1 2
2 4
3 9
4 14
5 20
6 45
7 81
8 121
9 147
10 125
11 101
12 69
13 46
14 28
15 16
16 8
17 8
18 2
19 1
20 0
21 0
last timestep 21
node 1450 iteration 9
0 0
1 5
2 4
3 7
4 3
5 3
6 11
7 17
8 16
9 20
10 18
11 44
12 65
13 75
14 100
15 78
16 65
17 62
18 67
19 62
20 54
21 36
22 24
23 24
24 14
25 10
26 2
27 1
28 1
29 0
30 0
last timestep 30
