node 768 iteration 0
0 0
1 1
2 5
3 7
4 11
5 18
6 25
7 38
8 50
9 66
10 85
11 107
12 98
13 90
14 63
15 44
16 33
17 18
18 15
19 8
20 1
21 0
22 0
last timestep 22
node 768 iteration 1
0 0
1 2
2 4
3 3
4 5
5 12
6 20
7 23
8 56
9 62
10 97
11 119
12 111
13 99
14 79
15 50
16 24
17 19
18 10
19 5
20 1
21 0
22 0
last timestep 22
node 768 iteration 2
0 0
1 2
2 6
3 11
4 9
5 4
6 5
7 5
8 6
9 4
10 9
11 9
12 7
13 8
14 17
15 26
16 38
17 23
18 29
19 35
20 42
21 53
22 44
23 47
24 48
25 44
26 38
27 37
28 41
29 28
30 18
31 19
32 19
33 10
34 7
35 3
36 1
37 2
38 2
39 1
40 2
41 2
42 2
43 1
44 3
45 2
46 1
47 3
48 1
49 2
50 3
51 1
52 1
53 1
54 0
55 0
last timestep 55
node 768 iteration 3
0 0
1 2
2 9
3 8
4 13
5 23
6 41
7 59
8 70
9 103
10 105
11 94
12 86
13 57
14 40
15 26
16 21
17 12
18 11
19 13
20 4
21 3
22 3
23 2
24 0
25 0
last timestep 25
node 768 iteration 4
0 0
1 2
2 1
3 4
4 8
5 14
6 23
7 36
8 54
9 56
10 70
11 51
12 50
13 56
14 42
15 36
16 39
17 33
18 26
19 24
20 15
21 15
22 6
23 3
24 3
25 1
26 3
27 2
28 3
29 0
30 0
last timestep 30
node 768 iteration 5
0 0
1 1
2 3
3 11
4 10
5 17
6 28
7 40
8 41
9 68
10 86
11 78
12 93
13 56
14 55
15 47
16 39
17 26
18 22
19 12
20 8
21 9
22 11
23 6
24 3
25 0
26 0
last timestep 26
node 768 iteration 6
0 0
1 3
2 6
3 15
4 26
5 42
6 71
7 80
8 97
9 121
10 123
11 112
12 87
13 56
14 31
15 21
16 13
17 12
18 10
19 8
20 5
21 3
22 1
23 0
24 0
last timestep 24
node 768 iteration 7
0 0
1 2
2 4
3 10
4 20
5 43
6 45
7 66
8 63
9 77
10 98
11 71
12 67
13 57
14 47
15 36
16 37
17 15
18 15
19 13
20 9
21 8
22 2
23 3
24 1
25 1
26 0
27 0
last timestep 27
node 768 iteration 8
0 0
1 0
2 0
last timestep 2
node 768 iteration 9
0 0
1 4
2 13
3 17
4 25
5 43
6 43
7 34
8 44
9 55
10 79
11 66
12 54
13 57
14 44
15 37
16 37
17 37
18 33
19 28
20 13
21 9
22 3
23 4
24 2
25 1
26 2
27 0
28 0
last timestep 28
