node 1152 iteration 0
0 0
1 1
2 4
3 1
4 0
5 0
last timestep 5
node 1152 iteration 1
0 0
1 1
2 2
3 4
4 6
5 9
6 23
7 32
8 37
9 58
10 58
11 63
12 83
13 65
14 72
15 65
16 58
17 47
18 49
19 23
20 25
21 12
22 14
23 7
24 4
25 1
26 2
27 0
28 0
last timestep 28
node 1152 iteration 2
0 0
1 2
2 1
3 0
4 0
last timestep 4
node 1152 iteration 3
0 0
1 1
2 3
3 7
4 4
5 2
6 0
7 0
last timestep 7
node 1152 iteration 4
0 0
1 1
2 2
3 3
4 4
5 1
6 1
7 0
8 0
last timestep 8
node 1152 iteration 5
0 0
1 1
2 0
3 0
last timestep 3
node 1152 iteration 6
0 0
1 1
2 1
3 2
4 3
5 2
6 0
7 0
last timestep 7
node 1152 iteration 7
0 0
1 1
2 4
3 6
4 24
5 31
6 40
7 62
8 79
9 95
10 97
11 90
12 89
13 64
14 44
15 32
16 16
17 15
18 11
19 8
20 4
21 3
22 0
23 0
last timestep 23
node 1152 iteration 8
0 0
1 1
2 2
3 3
4 2
5 2
6 3
7 3
8 2
9 11
10 10
11 17
12 21
13 23
14 20
15 39
16 52
17 55
18 60
19 70
20 58
21 63
22 55
23 36
24 41
25 41
26 29
27 17
28 10
29 5
30 2
31 0
32 0
last timestep 32
node 1152 iteration 9
0 0
1 2
2 5
3 11
4 17
5 20
6 21
7 31
8 37
9 57
10 75
11 70
12 58
13 52
14 56
15 62
16 51
17 36
18 33
19 21
20 19
21 14
22 10
23 13
24 4
25 2
26 1
27 1
28 3
29 1
30 1
31 1
32 1
33 1
34 3
35 1
36 0
37 0
last timestep 37
