node 217 iteration 0
0 0
1 3
2 0
3 0
last timestep 3
node 217 iteration 1
0 0
1 1
2 2
3 1
4 1
5 0
6 0
last timestep 6
node 217 iteration 2
0 0
1 5
2 7
3 12
4 11
5 17
6 18
7 25
8 43
9 50
10 68
11 80
12 103
13 75
14 84
15 62
16 43
17 25
18 25
19 13
20 4
21 3
22 4
23 4
24 5
25 1
26 0
27 1
28 3
29 0
last timestep 29
node 217 iteration 3
0 0
1 5
2 2
3 1
4 0
5 1
6 1
7 5
8 4
9 5
10 15
11 26
12 26
13 39
14 43
15 53
16 54
17 45
18 44
19 32
20 39
21 44
22 41
23 34
24 30
25 21
26 23
27 24
28 27
29 17
30 21
31 8
32 8
33 8
34 6
35 6
36 2
37 1
38 1
39 0
last timestep 39
node 217 iteration 4
0 0
1 3
2 7
3 6
4 14
5 11
6 17
7 32
8 54
9 50
10 74
11 79
12 91
13 95
14 82
15 69
16 58
17 51
18 25
19 19
20 13
21 15
22 11
23 10
24 2
25 0
26 0
last timestep 26
node 217 iteration 5
0 0
1 11
2 12
3 18
4 31
5 41
6 49
7 59
8 73
9 95
10 91
11 91
12 66
13 54
14 34
15 28
16 17
17 9
18 5
19 6
20 6
21 4
22 3
23 2
24 3
25 1
26 2
27 2
28 1
29 2
30 1
31 0
32 0
last timestep 32
node 217 iteration 6
0 0
1 3
2 1
3 0
4 2
5 3
6 4
7 13
8 8
9 9
10 10
11 10
12 17
13 27
14 42
15 31
16 37
17 58
18 57
19 71
20 54
21 44
22 33
23 22
24 29
25 23
26 10
27 9
28 11
29 7
30 6
31 5
32 5
33 5
34 1
35 2
36 2
37 1
38 0
last timestep 38
node 217 iteration 7
0 0
1 0
2 0
last timestep 2
node 217 iteration 8
0 0
1 4
2 1
3 1
4 0
5 0
last timestep 5
node 217 iteration 9
0 0
1 0
2 0
last timestep 2
