node 213 iteration 0
0 0
1 4
2 8
3 18
4 33
5 58
6 64
7 73
8 102
9 91
10 84
11 85
12 63
13 56
14 35
15 37
16 10
17 6
18 1
19 2
20 0
21 0
last timestep 21
node 213 iteration 1
0 0
1 2
2 2
3 0
4 0
last timestep 4
node 213 iteration 2
0 0
1 0
2 0
last timestep 2
node 213 iteration 3
0 0
1 7
2 5
3 12
4 7
5 9
6 18
7 10
8 12
9 13
10 13
11 6
12 12
13 26
14 29
15 36
16 40
17 57
18 59
19 82
20 85
21 59
22 42
23 32
24 22
25 9
26 7
27 4
28 1
29 1
30 1
31 0
32 0
last timestep 32
node 213 iteration 4
0 0
1 0
2 0
last timestep 2
node 213 iteration 5
0 0
1 3
2 4
3 8
4 5
5 10
6 9
7 13
8 23
9 31
10 42
11 46
12 72
13 91
14 106
15 92
16 77
17 54
18 46
19 30
20 18
21 12
22 9
23 10
24 6
25 6
26 2
27 7
28 3
29 1
30 0
31 0
last timestep 31
node 213 iteration 6
0 0
1 1
2 0
3 1
4 2
5 3
6 2
7 3
8 8
9 20
10 28
11 42
12 66
13 78
14 84
15 100
16 106
17 83
18 68
19 51
20 42
21 15
22 9
23 8
24 7
25 7
26 2
27 4
28 3
29 4
30 1
31 1
32 1
33 0
last timestep 33
node 213 iteration 7
0 0
1 4
2 6
3 7
4 7
5 11
6 14
7 24
8 25
9 40
10 57
11 62
12 93
13 97
14 87
15 81
16 79
17 70
18 42
19 31
20 22
21 26
22 25
23 8
24 3
25 1
26 1
27 1
28 0
29 0
last timestep 29
node 213 iteration 8
0 0
1 3
2 5
3 10
4 19
5 33
6 48
7 43
8 55
9 51
10 66
11 60
12 65
13 65
14 49
15 51
16 40
17 38
18 24
19 14
20 8
21 10
22 6
23 5
24 1
25 1
26 1
27 0
28 0
last timestep 28
node 213 iteration 9
0 0
1 4
2 3
3 1
4 1
5 3
6 1
7 3
8 6
9 15
10 22
11 32
12 43
13 79
14 74
15 88
16 101
17 90
18 74
19 54
20 41
21 22
22 9
23 9
24 4
25 2
26 1
27 2
28 1
29 0
30 0
last timestep 30
