node 1421 iteration 0
0 0
1 5
2 4
3 4
4 3
5 4
6 11
7 15
8 22
9 40
10 38
11 47
12 40
13 41
14 48
15 43
16 41
17 25
18 29
19 18
20 25
21 35
22 36
23 35
24 28
25 22
26 15
27 12
28 7
29 3
30 5
31 2
32 3
33 1
34 1
35 0
36 0
last timestep 36
node 1421 iteration 1
0 0
1 2
2 5
3 4
4 8
5 9
6 11
7 15
8 28
9 37
10 54
11 65
12 71
13 68
14 57
15 43
16 40
17 53
18 43
19 22
20 19
21 14
22 9
23 10
24 8
25 7
26 3
27 0
28 1
29 1
30 1
31 1
32 1
33 0
last timestep 33
node 1421 iteration 2
0 0
1 3
2 3
3 2
4 4
5 7
6 5
7 8
8 13
9 18
10 23
11 25
12 32
13 43
14 64
15 68
16 81
17 93
18 85
19 68
20 49
21 38
22 31
23 14
24 9
25 5
26 2
27 1
28 1
29 0
30 0
last timestep 30
node 1421 iteration 3
0 0
1 2
2 1
3 1
4 1
5 0
6 2
7 2
8 0
last timestep 8
node 1421 iteration 4
0 0
1 5
2 15
3 23
4 21
5 45
6 68
7 110
8 140
9 134
10 104
11 76
12 60
13 28
14 26
15 14
16 6
17 1
18 1
19 1
20 2
21 0
22 0
last timestep 22
node 1421 iteration 5
0 0
1 3
2 1
3 0
4 2
5 5
6 11
7 16
8 17
9 38
10 55
11 95
12 75
13 98
14 78
15 84
16 56
17 44
18 31
19 18
20 18
21 12
22 5
23 2
24 0
last timestep 24
node 1421 iteration 6
0 0
1 1
2 3
3 6
4 14
5 41
6 47
7 56
8 85
9 89
10 83
11 79
12 71
13 68
14 46
15 36
16 25
17 11
18 9
19 7
20 3
21 0
22 0
last timestep 22
node 1421 iteration 7
0 0
1 1
2 4
3 1
4 0
5 0
last timestep 5
node 1421 iteration 8
0 0
1 1
2 2
3 5
4 4
5 5
6 15
7 31
8 24
9 31
10 37
11 53
12 66
13 57
14 78
15 62
16 72
17 54
18 59
19 34
20 26
21 13
22 5
23 1
24 2
25 0
26 1
27 0
last timestep 27
node 1421 iteration 9
0 0
1 2
2 0
3 0
last timestep 3
