node 1006 iteration 0
0 0
1 3
2 1
3 5
4 11
5 19
6 20
7 53
8 55
9 75
10 89
11 111
12 95
13 74
14 65
15 34
16 31
17 18
18 8
19 11
20 10
21 8
22 3
23 3
24 5
25 2
26 0
27 1
28 0
last timestep 28
node 1006 iteration 1
0 0
1 2
2 2
3 2
4 0
5 0
last timestep 5
node 1006 iteration 2
0 0
1 1
2 3
3 1
4 1
5 3
6 7
7 8
8 9
9 19
10 15
11 18
12 52
13 49
14 70
15 73
16 74
17 80
18 71
19 59
20 45
21 24
22 5
23 4
24 2
25 1
26 1
27 1
28 1
29 3
30 1
31 0
32 1
33 0
last timestep 33
node 1006 iteration 3
0 0
1 4
2 1
3 0
4 0
last timestep 4
node 1006 iteration 4
0 0
1 1
2 4
3 0
4 2
5 0
last timestep 5
node 1006 iteration 5
0 0
1 3
2 6
3 9
4 14
5 17
6 35
7 37
8 51
9 32
10 39
11 45
12 41
13 47
14 58
15 56
16 65
17 51
18 75
19 68
20 30
21 22
22 9
23 10
24 3
25 1
26 2
27 0
28 0
last timestep 28
node 1006 iteration 6
0 0
1 1
2 0
3 0
last timestep 3
node 1006 iteration 7
0 0
1 3
2 8
3 14
4 30
5 42
6 60
7 77
8 69
9 89
10 106
11 119
12 81
13 54
14 37
15 28
16 18
17 14
18 8
19 6
20 3
21 1
22 0
23 0
last timestep 23
node 1006 iteration 8
0 0
1 0
2 0
last timestep 2
node 1006 iteration 9
0 0
1 2
2 4
3 11
4 22
5 39
6 55
7 71
8 57
9 59
10 62
11 73
12 69
13 72
14 76
15 50
16 20
17 13
18 8
19 8
20 5
21 4
22 2
23 0
24 0
last timestep 24
