node 514 iteration 0
0 0
1 5
2 10
3 18
4 17
5 35
6 33
7 56
8 62
9 93
10 93
11 87
12 68
13 57
14 39
15 29
16 27
17 21
18 6
19 3
20 2
21 0
22 0
last timestep 22
node 514 iteration 1
0 0
1 7
2 10
3 16
4 18
5 42
6 58
7 77
8 77
9 74
10 98
11 83
12 60
13 63
14 44
15 32
16 13
17 7
18 7
19 1
20 0
21 0
last timestep 21
node 514 iteration 2
0 0
1 7
2 13
3 10
4 21
5 20
6 30
7 42
8 58
9 69
10 90
11 106
12 94
13 67
14 55
15 39
16 29
17 19
18 12
19 6
20 8
21 3
22 3
23 1
24 0
25 0
last timestep 25
node 514 iteration 3
0 0
1 1
2 1
3 3
4 4
5 9
6 11
7 21
8 38
9 45
10 68
11 85
12 109
13 112
14 94
15 89
16 70
17 58
18 35
19 16
20 15
21 8
22 5
23 3
24 1
25 0
26 0
last timestep 26
node 514 iteration 4
0 0
1 3
2 6
3 11
4 23
5 23
6 26
7 64
8 64
9 70
10 71
11 69
12 64
13 47
14 37
15 43
16 35
17 30
18 21
19 12
20 18
21 18
22 14
23 7
24 7
25 3
26 1
27 0
28 0
last timestep 28
node 514 iteration 5
0 0
1 7
2 11
3 15
4 25
5 31
6 35
7 54
8 71
9 83
10 98
11 87
12 67
13 71
14 51
15 36
16 31
17 33
18 18
19 11
20 4
21 4
22 2
23 2
24 0
25 0
last timestep 25
node 514 iteration 6
0 0
1 4
2 4
3 9
4 16
5 24
6 37
7 48
8 70
9 76
10 111
11 116
12 101
13 89
14 53
15 21
16 11
17 10
18 5
19 4
20 1
21 1
22 0
23 0
last timestep 23
node 514 iteration 7
0 0
1 5
2 3
3 2
4 6
5 9
6 13
7 22
8 33
9 55
10 64
11 89
12 100
13 78
14 79
15 60
16 63
17 47
18 30
19 15
20 4
21 2
22 0
23 0
last timestep 23
node 514 iteration 8
0 0
1 5
2 10
3 21
4 37
5 32
6 40
7 53
8 89
9 94
10 80
11 87
12 74
13 56
14 36
15 25
16 19
17 12
18 3
19 7
20 1
21 2
22 2
23 2
24 1
25 1
26 0
27 0
last timestep 27
node 514 iteration 9
0 0
1 5
2 9
3 17
4 23
5 23
6 36
7 48
8 78
9 63
10 79
11 78
12 65
13 41
14 21
15 29
16 19
17 15
18 9
19 11
20 2
21 0
22 0
last timestep 22
