node 2218 iteration 0
0 0
1 3
2 9
3 11
4 15
5 18
6 27
7 29
8 38
9 56
10 77
11 72
12 85
13 75
14 83
15 58
16 37
17 39
18 26
19 17
20 15
21 7
22 4
23 4
24 0
25 0
last timestep 25
node 2218 iteration 1
0 0
1 2
2 1
3 6
4 11
5 27
6 30
7 35
8 41
9 64
10 65
11 85
12 92
13 82
14 68
15 54
16 50
17 30
18 28
19 21
20 9
21 5
22 1
23 1
24 0
25 0
last timestep 25
node 2218 iteration 2
0 0
1 4
2 14
3 25
4 44
5 53
6 53
7 85
8 106
9 100
10 109
11 69
12 50
13 36
14 29
15 21
16 8
17 7
18 4
19 0
20 2
21 2
22 2
23 1
24 1
25 3
26 2
27 1
28 0
last timestep 28
node 2218 iteration 3
0 0
1 1
2 2
3 1
4 1
5 0
6 0
last timestep 6
node 2218 iteration 4
0 0
1 3
2 8
3 21
4 46
5 72
6 98
7 139
8 141
9 124
10 92
11 48
12 29
13 21
14 6
15 1
16 2
17 1
18 0
19 0
last timestep 19
node 2218 iteration 5
0 0
1 1
2 1
3 1
4 2
5 2
6 0
7 0
last timestep 7
node 2218 iteration 6
0 0
1 0
2 0
last timestep 2
node 2218 iteration 7
0 0
1 3
2 6
3 7
4 11
5 24
6 45
7 51
8 71
9 83
10 93
11 66
12 43
13 65
14 67
15 59
16 45
17 37
18 27
19 10
20 8
21 4
22 1
23 1
24 0
25 0
last timestep 25
node 2218 iteration 8
0 0
1 2
2 4
3 6
4 5
5 7
6 7
7 15
8 25
9 31
10 44
11 75
12 87
13 109
14 87
15 98
16 65
17 53
18 33
19 21
20 15
21 9
22 5
23 4
24 1
25 0
26 0
last timestep 26
node 2218 iteration 9
0 0
1 1
2 0
3 0
last timestep 3
