node 2466 iteration 0
0 0
1 4
2 7
3 16
4 30
5 31
6 42
7 39
8 58
9 80
10 92
11 124
12 76
13 64
14 57
15 47
16 37
17 28
18 11
19 7
20 4
21 3
22 4
23 4
24 2
25 1
26 1
27 0
28 0
last timestep 28
node 2466 iteration 1
0 0
1 6
2 15
3 30
4 38
5 52
6 50
7 56
8 80
9 72
10 79
11 77
12 65
13 45
14 31
15 17
16 14
17 11
18 2
19 3
20 0
21 0
last timestep 21
node 2466 iteration 2
0 0
1 0
2 0
last timestep 2
node 2466 iteration 3
0 0
1 6
2 5
3 7
4 12
5 29
6 43
7 39
8 53
9 88
10 102
11 115
12 105
13 67
14 42
15 35
16 25
17 18
18 15
19 8
20 3
21 2
22 1
23 0
24 0
last timestep 24
node 2466 iteration 4
0 0
1 2
2 1
3 2
4 2
5 0
6 0
last timestep 6
node 2466 iteration 5
0 0
1 2
2 2
3 8
4 14
5 17
6 23
7 38
8 48
9 56
10 71
11 79
12 76
13 63
14 51
15 38
16 41
17 32
18 49
19 21
20 17
21 11
22 9
23 2
24 3
25 0
26 0
last timestep 26
node 2466 iteration 6
0 0
1 1
2 2
3 3
4 6
5 9
6 22
7 43
8 50
9 84
10 109
11 109
12 108
13 72
14 64
15 58
16 50
17 34
18 13
19 14
20 9
21 6
22 1
23 0
24 0
last timestep 24
node 2466 iteration 7
0 0
1 0
2 0
last timestep 2
node 2466 iteration 8
0 0
1 1
2 2
3 9
4 21
5 23
6 41
7 51
8 49
9 51
10 90
11 83
12 81
13 74
14 85
15 63
16 43
17 32
18 20
19 14
20 5
21 3
22 2
23 1
24 0
25 0
last timestep 25
node 2466 iteration 9
0 0
1 1
2 0
3 0
last timestep 3
