node 1134 iteration 0
0 0
1 7
2 4
3 5
4 1
5 0
6 2
7 2
8 4
9 2
10 17
11 24
12 31
13 45
14 86
15 65
16 68
17 77
18 96
19 82
20 56
21 44
22 38
23 18
24 13
25 9
26 5
27 2
28 2
29 1
30 0
last timestep 30
node 1134 iteration 1
0 0
1 3
2 5
3 11
4 13
5 15
6 18
7 30
8 45
9 48
10 61
11 77
12 98
13 83
14 77
15 52
16 42
17 44
18 24
19 24
20 18
21 18
22 10
23 4
24 2
25 1
26 2
27 0
28 0
last timestep 28
node 1134 iteration 2
0 0
1 3
2 4
3 3
4 5
5 6
6 1
7 1
8 7
9 7
10 18
11 49
12 83
13 98
14 103
15 113
16 86
17 70
18 42
19 39
20 16
21 8
22 4
23 6
24 1
25 5
26 1
27 2
28 1
29 2
30 0
31 0
last timestep 31
node 1134 iteration 3
0 0
1 6
2 8
3 12
4 14
5 14
6 21
7 24
8 28
9 36
10 52
11 65
12 84
13 96
14 72
15 73
16 49
17 43
18 22
19 13
20 10
21 5
22 4
23 1
24 0
25 0
last timestep 25
node 1134 iteration 4
0 0
1 6
2 3
3 2
4 6
5 10
6 16
7 27
8 29
9 40
10 55
11 74
12 75
13 90
14 86
15 72
16 61
17 36
18 40
19 27
20 30
21 20
22 5
23 7
24 1
25 0
26 0
last timestep 26
node 1134 iteration 5
0 0
1 3
2 5
3 3
4 4
5 21
6 22
7 48
8 76
9 106
10 114
11 103
12 104
13 95
14 62
15 28
16 14
17 15
18 8
19 1
20 1
21 0
22 0
last timestep 22
node 1134 iteration 6
0 0
1 3
2 6
3 3
4 4
5 2
6 7
7 18
8 22
9 39
10 47
11 64
12 79
13 68
14 79
15 65
16 72
17 49
18 47
19 40
20 16
21 12
22 13
23 5
24 3
25 0
26 0
last timestep 26
node 1134 iteration 7
0 0
1 5
2 3
3 4
4 17
5 14
6 33
7 38
8 65
9 84
10 109
11 120
12 122
13 83
14 68
15 34
16 23
17 5
18 5
19 4
20 5
21 7
22 4
23 2
24 5
25 1
26 4
27 3
28 0
29 1
30 1
31 0
last timestep 31
node 1134 iteration 8
0 0
1 2
2 0
3 0
last timestep 3
node 1134 iteration 9
0 0
1 3
2 6
3 8
4 26
5 24
6 27
7 25
8 23
9 52
10 64
11 58
12 68
13 68
14 57
15 41
16 33
17 46
18 38
19 39
20 28
21 20
22 9
23 8
24 5
25 3
26 5
27 5
28 1
29 1
30 0
31 0
last timestep 31
