node 568 iteration 0
0 0
1 0
2 1
3 2
4 4
5 18
6 32
7 48
8 70
9 54
10 71
11 91
12 76
13 83
14 77
15 55
16 42
17 28
18 24
19 12
20 10
21 4
22 4
23 2
24 0
last timestep 24
node 568 iteration 1
0 0
1 1
2 5
3 3
4 6
5 6
6 6
7 9
8 14
9 20
10 21
11 27
12 27
13 29
14 36
15 80
16 90
17 82
18 77
19 73
20 49
21 44
22 38
23 27
24 22
25 13
26 11
27 11
28 5
29 4
30 5
31 1
32 0
33 0
last timestep 33
node 568 iteration 2
0 0
1 3
2 18
3 24
4 23
5 34
6 52
7 49
8 44
9 72
10 83
11 87
12 89
13 84
14 43
15 31
16 23
17 4
18 4
19 3
20 0
21 0
last timestep 21
node 568 iteration 3
0 0
1 3
2 3
3 4
4 4
5 16
6 18
7 29
8 49
9 67
10 74
11 82
12 76
13 76
14 79
15 61
16 47
17 44
18 23
19 10
20 8
21 3
22 2
23 1
24 0
25 0
last timestep 25
node 568 iteration 4
0 0
1 1
2 1
3 1
4 0
5 0
last timestep 5
node 568 iteration 5
0 0
1 3
2 10
3 22
4 36
5 51
6 46
7 85
8 78
9 74
10 81
11 83
12 65
13 41
14 23
15 13
16 7
17 10
18 8
19 7
20 2
21 1
22 0
23 0
last timestep 23
node 568 iteration 6
0 0
1 3
2 4
3 3
4 1
5 0
6 0
last timestep 6
node 568 iteration 7
0 0
1 3
2 3
3 13
4 21
5 26
6 37
7 37
8 49
9 61
10 78
11 80
12 70
13 68
14 66
15 39
16 28
17 22
18 16
19 15
20 17
21 8
22 7
23 3
24 0
25 0
last timestep 25
node 568 iteration 8
0 0
1 2
2 2
3 7
4 21
5 21
6 42
7 50
8 58
9 96
10 105
11 111
12 107
13 57
14 50
15 39
16 23
17 7
18 2
19 2
20 1
21 1
22 2
23 0
24 0
last timestep 24
node 568 iteration 9
0 0
1 1
2 0
3 0
last timestep 3
