node 1160 iteration 0
0 0
1 3
2 1
3 1
4 2
5 1
6 1
7 1
8 0
9 0
last timestep 9
node 1160 iteration 1
0 0
1 1
2 3
3 2
4 1
5 1
6 0
7 0
last timestep 7
node 1160 iteration 2
0 0
1 3
2 3
3 12
4 7
5 8
6 17
7 29
8 35
9 40
10 55
11 60
12 50
13 53
14 60
15 50
16 35
17 43
18 32
19 33
20 29
21 23
22 15
23 11
24 10
25 9
26 7
27 4
28 0
29 2
30 0
last timestep 30
node 1160 iteration 3
0 0
1 3
2 5
3 15
4 11
5 19
6 18
7 14
8 27
9 49
10 69
11 93
12 93
13 89
14 72
15 79
16 58
17 32
18 28
19 21
20 11
21 8
22 6
23 6
24 2
25 2
26 2
27 2
28 1
29 0
30 0
last timestep 30
node 1160 iteration 4
0 0
1 0
2 0
last timestep 2
node 1160 iteration 5
0 0
1 3
2 5
3 9
4 17
5 32
6 63
7 62
8 58
9 69
10 88
11 84
12 105
13 69
14 40
15 27
16 23
17 10
18 4
19 6
20 1
21 1
22 0
23 0
last timestep 23
node 1160 iteration 6
0 0
1 1
2 2
3 5
4 8
5 9
6 10
7 14
8 17
9 23
10 34
11 52
12 52
13 66
14 68
15 79
16 74
17 71
18 47
19 35
20 13
21 13
22 4
23 2
24 1
25 1
26 0
27 0
last timestep 27
node 1160 iteration 7
0 0
1 2
2 2
3 0
4 0
last timestep 4
node 1160 iteration 8
0 0
1 5
2 4
3 5
4 7
5 17
6 41
7 49
8 55
9 82
10 89
11 78
12 62
13 53
14 50
15 39
16 35
17 16
18 11
19 5
20 3
21 5
22 3
23 1
24 1
25 1
26 1
27 0
28 0
last timestep 28
node 1160 iteration 9
0 0
1 1
2 0
3 0
last timestep 3
