node 2021 iteration 0
0 0
1 3
2 4
3 2
4 2
5 4
6 5
7 6
8 13
9 17
10 20
11 33
12 40
13 56
14 68
15 68
16 71
17 70
18 84
19 78
20 60
21 60
22 49
23 43
24 28
25 10
26 10
27 5
28 4
29 1
30 3
31 0
32 0
last timestep 32
node 2021 iteration 1
0 0
1 0
2 0
last timestep 2
node 2021 iteration 2
0 0
1 1
2 1
3 4
4 5
5 15
6 24
7 32
8 30
9 36
10 29
11 26
12 33
13 33
14 40
15 50
16 38
17 35
18 21
19 18
20 17
21 16
22 15
23 8
24 2
25 0
26 0
last timestep 26
node 2021 iteration 3
0 0
1 3
2 5
3 3
4 19
5 20
6 19
7 28
8 28
9 50
10 39
11 64
12 80
13 69
14 72
15 71
16 45
17 34
18 30
19 18
20 14
21 11
22 10
23 1
24 1
25 0
26 0
last timestep 26
node 2021 iteration 4
0 0
1 0
2 0
last timestep 2
node 2021 iteration 5
0 0
1 1
2 3
3 1
4 0
5 0
last timestep 5
node 2021 iteration 6
0 0
1 1
2 2
3 3
4 5
5 6
6 6
7 5
8 9
9 7
10 9
11 11
12 15
13 20
14 25
15 38
16 45
17 87
18 96
19 119
20 104
21 72
22 59
23 31
24 30
25 27
26 17
27 6
28 3
29 2
30 2
31 1
32 0
33 0
last timestep 33
node 2021 iteration 7
0 0
1 2
2 6
3 14
4 23
5 41
6 68
7 97
8 110
9 113
10 107
11 98
12 71
13 59
14 46
15 26
16 11
17 4
18 5
19 7
20 9
21 2
22 1
23 1
24 0
25 0
last timestep 25
node 2021 iteration 8
0 0
1 1
2 2
3 3
4 5
5 2
6 0
7 0
last timestep 7
node 2021 iteration 9
0 0
1 1
2 3
3 2
4 3
5 5
6 6
7 11
8 15
9 33
10 55
11 61
12 66
13 73
14 86
15 70
16 75
17 58
18 46
19 40
20 31
21 11
22 10
23 7
24 1
25 2
26 2
27 1
28 3
29 2
30 2
31 4
32 3
33 1
34 1
35 2
36 1
37 0
38 0
last timestep 38
