node 1572 iteration 0
0 0
1 2
2 1
3 1
4 3
5 8
6 14
7 23
8 26
9 38
10 45
11 53
12 43
13 53
14 66
15 70
16 65
17 65
18 52
19 46
20 33
21 19
22 12
23 14
24 9
25 3
26 3
27 1
28 0
29 0
last timestep 29
node 1572 iteration 1
0 0
1 5
2 7
3 11
4 11
5 14
6 9
7 26
8 37
9 56
10 81
11 80
12 73
13 80
14 73
15 63
16 48
17 39
18 28
19 24
20 16
21 12
22 8
23 3
24 3
25 0
26 0
last timestep 26
node 1572 iteration 2
0 0
1 5
2 11
3 15
4 22
5 29
6 35
7 60
8 87
9 78
10 78
11 57
12 59
13 51
14 59
15 46
16 29
17 14
18 15
19 12
20 7
21 6
22 2
23 0
24 0
last timestep 24
node 1572 iteration 3
0 0
1 1
2 2
3 3
4 9
5 10
6 5
7 11
8 10
9 13
10 33
11 72
12 88
13 76
14 94
15 93
16 90
17 88
18 52
19 32
20 18
21 5
22 4
23 0
24 0
last timestep 24
node 1572 iteration 4
0 0
1 2
2 2
3 11
4 7
5 6
6 10
7 22
8 17
9 16
10 31
11 63
12 75
13 91
14 63
15 71
16 75
17 69
18 52
19 51
20 40
21 15
22 16
23 9
24 5
25 4
26 1
27 4
28 4
29 1
30 2
31 2
32 1
33 1
34 1
35 0
36 0
last timestep 36
node 1572 iteration 5
0 0
1 0
2 0
last timestep 2
node 1572 iteration 6
0 0
1 1
2 2
3 1
4 7
5 9
6 7
7 13
8 30
9 44
10 60
11 71
12 96
13 72
14 64
15 43
16 30
17 28
18 21
19 17
20 7
21 3
22 3
23 1
24 1
25 0
26 0
last timestep 26
node 1572 iteration 7
0 0
1 0
2 0
last timestep 2
node 1572 iteration 8
0 0
1 2
2 3
3 6
4 18
5 35
6 47
7 44
8 79
9 73
10 83
11 84
12 75
13 61
14 50
15 42
16 37
17 19
18 15
19 14
20 5
21 1
22 0
23 0
last timestep 23
node 1572 iteration 9
0 0
1 4
2 10
3 19
4 17
5 21
6 25
7 43
8 48
9 73
10 86
11 87
12 94
13 84
14 62
15 53
16 36
17 30
18 17
19 19
20 11
21 6
22 1
23 1
24 0
25 0
last timestep 25
