node 120 iteration 0
0 0
1 3
2 3
3 13
4 6
5 13
6 8
7 14
8 27
9 33
10 56
11 52
12 73
13 89
14 81
15 59
16 60
17 60
18 35
19 27
20 22
21 16
22 21
23 8
24 12
25 10
26 5
27 6
28 4
29 1
30 0
31 0
last timestep 31
node 120 iteration 1
0 0
1 3
2 3
3 9
4 22
5 34
6 54
7 63
8 84
9 87
10 83
11 68
12 82
13 72
14 58
15 38
16 20
17 21
18 8
19 6
20 5
21 4
22 1
23 1
24 1
25 1
26 0
27 0
last timestep 27
node 120 iteration 2
0 0
1 5
2 8
3 17
4 31
5 38
6 49
7 50
8 52
9 59
10 58
11 56
12 72
13 51
14 48
15 43
16 36
17 21
18 29
19 15
20 12
21 12
22 15
23 11
24 15
25 14
26 7
27 6
28 1
29 1
30 0
31 1
32 0
last timestep 32
node 120 iteration 3
0 0
1 7
2 6
3 12
4 16
5 23
6 41
7 61
8 47
9 87
10 105
11 113
12 81
13 70
14 69
15 46
16 31
17 8
18 7
19 1
20 1
21 1
22 3
23 2
24 2
25 1
26 0
27 0
last timestep 27
node 120 iteration 4
0 0
1 3
2 1
3 2
4 3
5 4
6 10
7 16
8 30
9 34
10 80
11 94
12 108
13 83
14 81
15 62
16 44
17 43
18 28
19 31
20 14
21 9
22 9
23 3
24 0
25 3
26 1
27 0
last timestep 27
node 120 iteration 5
0 0
1 3
2 5
3 5
4 4
5 5
6 6
7 7
8 11
9 10
10 10
11 14
12 18
13 34
14 36
15 52
16 75
17 77
18 75
19 80
20 56
21 42
22 32
23 28
24 22
25 14
26 4
27 5
28 3
29 1
30 0
31 0
last timestep 31
node 120 iteration 6
0 0
1 2
2 1
3 0
4 0
last timestep 4
node 120 iteration 7
0 0
1 0
2 0
last timestep 2
node 120 iteration 8
0 0
1 4
2 1
3 1
4 2
5 0
6 0
last timestep 6
node 120 iteration 9
0 0
1 3
2 1
3 3
4 11
5 15
6 26
7 37
8 56
9 63
10 82
11 100
12 95
13 80
14 60
15 34
16 39
17 20
18 17
19 14
20 2
21 1
22 0
23 0
last timestep 23
