node 473 iteration 0
0 0
1 3
2 6
3 12
4 19
5 25
6 44
7 45
8 75
9 73
10 96
11 91
12 80
13 71
14 58
15 33
16 27
17 22
18 14
19 5
20 8
21 0
22 0
last timestep 22
node 473 iteration 1
0 0
1 3
2 3
3 1
4 0
5 1
6 2
7 2
8 8
9 11
10 22
11 11
12 16
13 18
14 18
15 30
16 32
17 44
18 64
19 59
20 75
21 87
22 78
23 79
24 50
25 38
26 26
27 15
28 18
29 6
30 2
31 2
32 1
33 1
34 1
35 0
last timestep 35
node 473 iteration 2
0 0
1 3
2 5
3 10
4 19
5 40
6 30
7 46
8 63
9 76
10 73
11 89
12 99
13 79
14 47
15 29
16 18
17 20
18 18
19 18
20 10
21 5
22 1
23 0
24 0
last timestep 24
node 473 iteration 3
0 0
1 3
2 1
3 12
4 16
5 25
6 36
7 61
8 66
9 70
10 113
11 115
12 88
13 52
14 40
15 29
16 16
17 13
18 6
19 5
20 6
21 11
22 8
23 9
24 3
25 3
26 2
27 1
28 0
29 0
last timestep 29
node 473 iteration 4
0 0
1 3
2 8
3 15
4 23
5 35
6 43
7 58
8 55
9 42
10 32
11 40
12 27
13 23
14 36
15 28
16 16
17 11
18 6
19 4
20 2
21 3
22 1
23 0
24 0
last timestep 24
node 473 iteration 5
0 0
1 1
2 3
3 4
4 2
5 4
6 4
7 11
8 12
9 13
10 32
11 61
12 59
13 69
14 96
15 95
16 72
17 56
18 55
19 43
20 33
21 17
22 15
23 18
24 19
25 23
26 14
27 13
28 5
29 0
30 0
last timestep 30
node 473 iteration 6
0 0
1 4
2 0
3 3
4 3
5 3
6 1
7 6
8 2
9 3
10 12
11 24
12 46
13 56
14 79
15 96
16 101
17 104
18 97
19 93
20 55
21 39
22 23
23 14
24 13
25 5
26 4
27 1
28 0
last timestep 28
node 473 iteration 7
0 0
1 3
2 4
3 1
4 3
5 2
6 1
7 1
8 2
9 4
10 8
11 1
12 0
13 0
last timestep 13
node 473 iteration 8
0 0
1 1
2 0
3 2
4 4
5 8
6 9
7 19
8 22
9 42
10 55
11 68
12 68
13 89
14 87
15 70
16 57
17 57
18 40
19 35
20 18
21 11
22 8
23 8
24 10
25 9
26 3
27 1
28 1
29 0
last timestep 29
node 473 iteration 9
0 0
1 2
2 9
3 19
4 29
5 36
6 72
7 75
8 85
9 74
10 78
11 79
12 74
13 55
14 49
15 40
16 16
17 12
18 8
19 4
20 5
21 2
22 1
23 0
24 1
25 0
last timestep 25
