node 1018 iteration 0
0 0
1 1
2 8
3 14
4 21
5 38
6 49
7 67
8 71
9 89
10 85
11 79
12 78
13 56
14 41
15 25
16 23
17 12
18 5
19 4
20 6
21 5
22 2
23 5
24 2
25 2
26 1
27 1
28 7
29 2
30 1
31 0
32 0
last timestep 32
node 1018 iteration 1
0 0
1 0
2 1
3 1
4 0
last timestep 4
node 1018 iteration 2
0 0
1 1
2 0
3 2
4 5
5 8
6 23
7 32
8 38
9 74
10 85
11 90
12 96
13 109
14 84
15 71
16 55
17 48
18 36
19 16
20 18
21 10
22 2
23 2
24 2
25 0
last timestep 25
node 1018 iteration 3
0 0
1 2
2 2
3 3
4 4
5 9
6 9
7 20
8 28
9 47
10 84
11 113
12 149
13 102
14 78
15 53
16 42
17 42
18 20
19 16
20 8
21 6
22 3
23 1
24 0
25 0
last timestep 25
node 1018 iteration 4
0 0
1 1
2 1
3 4
4 8
5 13
6 9
7 13
8 23
9 24
10 44
11 63
12 72
13 86
14 90
15 78
16 70
17 83
18 64
19 57
20 22
21 16
22 7
23 7
24 3
25 2
26 0
27 0
last timestep 27
node 1018 iteration 5
0 0
1 3
2 6
3 7
4 14
5 17
6 34
7 38
8 35
9 30
10 43
11 48
12 49
13 61
14 57
15 66
16 64
17 50
18 25
19 19
20 16
21 15
22 6
23 6
24 10
25 9
26 7
27 7
28 5
29 3
30 3
31 3
32 4
33 2
34 0
35 0
last timestep 35
node 1018 iteration 6
0 0
1 1
2 2
3 1
4 0
5 0
last timestep 5
node 1018 iteration 7
0 0
1 2
2 2
3 3
4 0
5 0
last timestep 5
node 1018 iteration 8
0 0
1 2
2 7
3 4
4 7
5 8
6 11
7 9
8 6
9 9
10 11
11 20
12 31
13 50
14 77
15 74
16 74
17 58
18 59
19 28
20 28
21 25
22 20
23 18
24 20
25 10
26 10
27 1
28 2
29 3
30 3
31 3
32 3
33 3
34 2
35 3
36 0
37 0
last timestep 37
node 1018 iteration 9
0 0
1 1
2 3
3 2
4 5
5 17
6 15
7 17
8 19
9 31
10 37
11 56
12 80
13 76
14 80
15 92
16 83
17 60
18 39
19 32
20 16
21 13
22 10
23 8
24 3
25 3
26 0
27 0
last timestep 27
