node 1242 iteration 0
0 0
1 1
2 5
3 10
4 15
5 24
6 20
7 34
8 36
9 29
10 51
11 56
12 78
13 96
14 97
15 57
16 36
17 33
18 18
19 16
20 16
21 9
22 5
23 9
24 17
25 11
26 4
27 3
28 1
29 1
30 0
31 0
last timestep 31
node 1242 iteration 1
0 0
1 1
2 5
3 21
4 23
5 35
6 58
7 67
8 69
9 79
10 66
11 80
12 86
13 60
14 43
15 30
16 19
17 14
18 7
19 10
20 6
21 5
22 8
23 6
24 6
25 2
26 3
27 0
28 0
last timestep 28
node 1242 iteration 2
0 0
1 1
2 8
3 6
4 13
5 26
6 36
7 49
8 55
9 62
10 72
11 75
12 72
13 64
14 63
15 26
16 19
17 12
18 8
19 15
20 13
21 4
22 2
23 3
24 3
25 6
26 3
27 1
28 1
29 1
30 0
31 0
last timestep 31
node 1242 iteration 3
0 0
1 0
2 0
last timestep 2
node 1242 iteration 4
0 0
1 1
2 1
3 0
4 0
last timestep 4
node 1242 iteration 5
0 0
1 2
2 8
3 7
4 11
5 14
6 14
7 23
8 35
9 48
10 86
11 76
12 89
13 78
14 74
15 43
16 22
17 16
18 9
19 9
20 7
21 2
22 0
23 0
last timestep 23
node 1242 iteration 6
0 0
1 2
2 5
3 12
4 25
5 33
6 54
7 76
8 103
9 121
10 116
11 99
12 79
13 56
14 17
15 18
16 8
17 7
18 3
19 0
20 0
last timestep 20
node 1242 iteration 7
0 0
1 0
2 0
last timestep 2
node 1242 iteration 8
0 0
1 2
2 4
3 5
4 9
5 16
6 32
7 38
8 55
9 81
10 91
11 93
12 97
13 104
14 76
15 42
16 27
17 21
18 17
19 7
20 6
21 4
22 1
23 1
24 1
25 0
26 0
last timestep 26
node 1242 iteration 9
0 0
1 0
2 0
last timestep 2
