node 619 iteration 0
0 0
1 3
2 5
3 3
4 5
5 19
6 27
7 39
8 51
9 72
10 79
11 83
12 86
13 77
14 59
15 32
16 48
17 25
18 24
19 13
20 6
21 5
22 7
23 3
24 2
25 2
26 2
27 2
28 2
29 1
30 0
31 0
last timestep 31
node 619 iteration 1
0 0
1 1
2 3
3 4
4 4
5 2
6 1
7 7
8 6
9 12
10 13
11 19
12 27
13 42
14 59
15 94
16 80
17 65
18 51
19 70
20 66
21 50
22 31
23 28
24 18
25 9
26 6
27 4
28 4
29 8
30 7
31 5
32 6
33 2
34 0
35 0
last timestep 35
node 619 iteration 2
0 0
1 1
2 4
3 7
4 10
5 17
6 28
7 38
8 65
9 66
10 87
11 76
12 64
13 63
14 55
15 56
16 37
17 38
18 22
19 12
20 6
21 6
22 4
23 6
24 2
25 1
26 0
27 0
last timestep 27
node 619 iteration 3
0 0
1 3
2 18
3 17
4 24
5 36
6 61
7 79
8 91
9 88
10 78
11 59
12 60
13 52
14 44
15 27
16 23
17 6
18 0
19 3
20 1
21 0
last timestep 21
node 619 iteration 4
0 0
1 3
2 6
3 6
4 8
5 5
6 7
7 18
8 50
9 49
10 65
11 84
12 101
13 100
14 91
15 89
16 50
17 35
18 21
19 12
20 11
21 4
22 2
23 1
24 1
25 1
26 0
27 0
last timestep 27
node 619 iteration 5
0 0
1 3
2 1
3 3
4 5
5 9
6 24
7 24
8 38
9 45
10 68
11 91
12 124
13 110
14 95
15 84
16 54
17 42
18 31
19 22
20 14
21 14
22 6
23 3
24 3
25 1
26 1
27 0
28 0
last timestep 28
node 619 iteration 6
0 0
1 2
2 3
3 4
4 6
5 13
6 12
7 17
8 21
9 33
10 43
11 54
12 63
13 78
14 103
15 94
16 90
17 73
18 48
19 34
20 24
21 15
22 9
23 4
24 1
25 2
26 0
27 0
last timestep 27
node 619 iteration 7
0 0
1 2
2 2
3 5
4 1
5 0
6 0
last timestep 6
node 619 iteration 8
0 0
1 3
2 5
3 2
4 2
5 5
6 5
7 7
8 18
9 33
10 61
11 92
12 89
13 108
14 84
15 73
16 60
17 36
18 31
19 23
20 18
21 12
22 6
23 7
24 6
25 4
26 2
27 1
28 0
29 0
last timestep 29
node 619 iteration 9
0 0
1 1
2 3
3 1
4 4
5 4
6 6
7 2
8 2
9 4
10 6
11 11
12 13
13 10
14 20
15 26
16 36
17 45
18 58
19 73
20 91
21 85
22 66
23 48
24 42
25 44
26 27
27 16
28 7
29 7
30 10
31 11
32 7
33 6
34 7
35 11
36 20
37 7
38 3
39 0
40 0
last timestep 40
