node 506 iteration 0
0 0
1 0
2 1
3 1
4 0
last timestep 4
node 506 iteration 1
0 0
1 1
2 5
3 12
4 17
5 12
6 26
7 40
8 65
9 68
10 76
11 91
12 111
13 94
14 92
15 71
16 56
17 40
18 26
19 16
20 9
21 5
22 3
23 0
24 0
last timestep 24
node 506 iteration 2
0 0
1 2
2 4
3 8
4 15
5 20
6 22
7 39
8 44
9 52
10 62
11 58
12 67
13 42
14 52
15 51
16 45
17 38
18 31
19 29
20 17
21 20
22 17
23 14
24 4
25 1
26 1
27 0
28 0
last timestep 28
node 506 iteration 3
0 0
1 2
2 0
3 0
last timestep 3
node 506 iteration 4
0 0
1 1
2 0
3 0
last timestep 3
node 506 iteration 5
0 0
1 2
2 7
3 5
4 10
5 15
6 21
7 38
8 60
9 55
10 71
11 101
12 84
13 83
14 79
15 61
16 44
17 36
18 29
19 18
20 4
21 6
22 3
23 6
24 0
25 0
last timestep 25
node 506 iteration 6
0 0
1 1
2 0
3 0
last timestep 3
node 506 iteration 7
0 0
1 2
2 1
3 1
4 5
5 6
6 5
7 5
8 12
9 16
10 26
11 41
12 60
13 72
14 76
15 80
16 86
17 93
18 73
19 69
20 50
21 44
22 18
23 13
24 18
25 8
26 13
27 2
28 1
29 0
30 0
last timestep 30
node 506 iteration 8
0 0
1 4
2 8
3 13
4 36
5 45
6 59
7 89
8 84
9 75
10 65
11 62
12 46
13 40
14 35
15 21
16 16
17 9
18 8
19 10
20 5
21 2
22 1
23 2
24 0
25 0
last timestep 25
node 506 iteration 9
0 0
1 1
2 2
3 1
4 0
5 0
last timestep 5
