node 1355 iteration 0
0 0
1 1
2 0
3 0
last timestep 3
node 1355 iteration 1
0 0
1 1
2 1
3 6
4 7
5 3
6 2
7 14
8 16
9 13
10 25
11 24
12 28
13 30
14 41
15 38
16 64
17 55
18 45
19 35
20 27
21 32
22 17
23 16
24 22
25 16
26 10
27 11
28 3
29 8
30 10
31 15
32 7
33 1
34 0
35 0
last timestep 35
node 1355 iteration 2
0 0
1 1
2 7
3 7
4 14
5 27
6 25
7 61
8 61
9 87
10 109
11 115
12 97
13 76
14 60
15 42
16 19
17 15
18 3
19 2
20 0
21 0
last timestep 21
node 1355 iteration 3
0 0
1 2
2 8
3 8
4 17
5 40
6 38
7 46
8 54
9 79
10 87
11 76
12 84
13 51
14 57
15 51
16 47
17 39
18 21
19 19
20 8
21 6
22 7
23 7
24 10
25 4
26 2
27 0
28 3
29 0
last timestep 29
node 1355 iteration 4
0 0
1 3
2 5
3 5
4 17
5 14
6 15
7 10
8 19
9 34
10 53
11 47
12 66
13 52
14 81
15 71
16 66
17 50
18 46
19 46
20 28
21 22
22 11
23 8
24 5
25 3
26 2
27 2
28 2
29 0
30 2
31 0
last timestep 31
node 1355 iteration 5
0 0
1 1
2 0
3 0
last timestep 3
node 1355 iteration 6
0 0
1 1
2 4
3 4
4 8
5 11
6 17
7 28
8 25
9 31
10 49
11 72
12 92
13 84
14 73
15 73
16 59
17 43
18 37
19 28
20 24
21 18
22 9
23 6
24 1
25 0
26 0
last timestep 26
node 1355 iteration 7
0 0
1 2
2 1
3 3
4 4
5 4
6 2
7 3
8 7
9 11
10 20
11 39
12 67
13 80
14 96
15 112
16 125
17 73
18 53
19 37
20 27
21 20
22 17
23 13
24 5
25 3
26 1
27 0
28 0
last timestep 28
node 1355 iteration 8
0 0
1 1
2 2
3 4
4 2
5 5
6 7
7 6
8 12
9 24
10 23
11 34
12 56
13 64
14 72
15 72
16 78
17 66
18 51
19 50
20 45
21 40
22 19
23 16
24 8
25 4
26 4
27 4
28 6
29 5
30 3
31 3
32 2
33 2
34 0
35 0
last timestep 35
node 1355 iteration 9
0 0
1 2
2 1
3 2
4 8
5 19
6 19
7 27
8 35
9 61
10 58
11 82
12 107
13 99
14 98
15 73
16 47
17 36
18 15
19 8
20 3
21 1
22 0
23 0
last timestep 23
