node 2432 iteration 0
0 0
1 1
2 2
3 1
4 0
5 0
last timestep 5
node 2432 iteration 1
0 0
1 3
2 5
3 8
4 13
5 23
6 29
7 40
8 65
9 75
10 90
11 132
12 109
13 79
14 77
15 64
16 33
17 27
18 8
19 13
20 11
21 3
22 0
23 0
last timestep 23
node 2432 iteration 2
0 0
1 2
2 0
3 4
4 5
5 5
6 9
7 13
8 19
9 23
10 24
11 41
12 57
13 60
14 56
15 64
16 85
17 61
18 57
19 51
20 41
21 24
22 23
23 11
24 8
25 6
26 1
27 1
28 0
last timestep 28
node 2432 iteration 3
0 0
1 1
2 3
3 8
4 11
5 19
6 27
7 37
8 39
9 56
10 77
11 86
12 82
13 88
14 58
15 48
16 42
17 31
18 18
19 17
20 11
21 7
22 2
23 0
24 0
last timestep 24
node 2432 iteration 4
0 0
1 1
2 0
3 2
4 4
5 7
6 10
7 21
8 28
9 61
10 77
11 74
12 69
13 83
14 58
15 59
16 32
17 31
18 24
19 18
20 26
21 21
22 10
23 1
24 1
25 1
26 1
27 0
last timestep 27
node 2432 iteration 5
0 0
1 2
2 1
3 1
4 1
5 0
6 2
7 7
8 13
9 21
10 36
11 46
12 66
13 82
14 90
15 89
16 93
17 82
18 64
19 42
20 21
21 17
22 17
23 8
24 6
25 5
26 1
27 0
last timestep 27
node 2432 iteration 6
0 0
1 1
2 6
3 1
4 4
5 11
6 22
7 38
8 47
9 59
10 95
11 115
12 128
13 121
14 93
15 65
16 42
17 22
18 13
19 4
20 0
21 1
22 2
23 3
24 6
25 0
last timestep 25
node 2432 iteration 7
0 0
1 3
2 4
3 11
4 21
5 20
6 29
7 39
8 59
9 69
10 73
11 51
12 44
13 57
14 39
15 44
16 40
17 25
18 23
19 18
20 15
21 17
22 12
23 12
24 15
25 7
26 6
27 4
28 4
29 2
30 0
31 0
last timestep 31
node 2432 iteration 8
0 0
1 1
2 1
3 4
4 5
5 4
6 5
7 18
8 15
9 20
10 29
11 53
12 49
13 85
14 91
15 78
16 76
17 59
18 54
19 42
20 21
21 19
22 17
23 13
24 11
25 6
26 7
27 5
28 8
29 2
30 0
31 1
32 0
last timestep 32
node 2432 iteration 9
0 0
1 3
2 4
3 4
4 4
5 1
6 1
7 1
8 10
9 21
10 28
11 37
12 63
13 98
14 97
15 133
16 114
17 83
18 70
19 19
20 10
21 8
22 6
23 0
24 0
last timestep 24
