node 119 iteration 0
0 0
1 6
2 6
3 3
4 1
5 1
6 2
7 0
8 0
last timestep 8
node 119 iteration 1
0 0
1 1
2 0
3 0
last timestep 3
node 119 iteration 2
0 0
1 1
2 4
3 3
4 9
5 14
6 17
7 19
8 33
9 42
10 70
11 71
12 73
13 64
14 70
15 74
16 74
17 53
18 34
19 27
20 17
21 14
22 10
23 5
24 3
25 2
26 1
27 0
28 0
last timestep 28
node 119 iteration 3
0 0
1 2
2 9
3 14
4 17
5 26
6 46
7 52
8 38
9 55
10 51
11 59
12 68
13 59
14 41
15 40
16 33
17 26
18 30
19 17
20 4
21 5
22 9
23 3
24 6
25 7
26 7
27 5
28 2
29 0
30 0
last timestep 30
node 119 iteration 4
0 0
1 2
2 2
3 3
4 3
5 2
6 4
7 4
8 8
9 18
10 23
11 33
12 52
13 71
14 73
15 89
16 91
17 78
18 66
19 35
20 31
21 26
22 14
23 14
24 23
25 8
26 10
27 6
28 6
29 2
30 0
31 0
last timestep 31
node 119 iteration 5
0 0
1 3
2 1
3 7
4 11
5 15
6 31
7 56
8 74
9 135
10 123
11 121
12 91
13 71
14 43
15 30
16 28
17 17
18 7
19 7
20 3
21 2
22 1
23 2
24 1
25 1
26 1
27 0
28 0
last timestep 28
node 119 iteration 6
0 0
1 3
2 5
3 9
4 18
5 22
6 38
7 52
8 64
9 80
10 101
11 101
12 79
13 58
14 52
15 46
16 22
17 13
18 16
19 14
20 5
21 10
22 8
23 7
24 2
25 4
26 3
27 2
28 0
29 0
last timestep 29
node 119 iteration 7
0 0
1 4
2 5
3 17
4 28
5 37
6 43
7 45
8 65
9 77
10 80
11 81
12 81
13 66
14 27
15 20
16 23
17 12
18 9
19 9
20 9
21 9
22 10
23 5
24 4
25 2
26 0
27 2
28 0
last timestep 28
node 119 iteration 8
0 0
1 4
2 6
3 4
4 3
5 11
6 20
7 15
8 26
9 28
10 61
11 60
12 77
13 75
14 87
15 61
16 61
17 48
18 32
19 35
20 27
21 12
22 15
23 12
24 8
25 7
26 3
27 2
28 2
29 0
30 0
last timestep 30
node 119 iteration 9
0 0
1 5
2 10
3 7
4 19
5 17
6 30
7 62
8 92
9 96
10 126
11 108
12 88
13 63
14 45
15 38
16 28
17 18
18 5
19 2
20 3
21 1
22 0
23 0
last timestep 23
