node 797 iteration 0
0 0
1 2
2 2
3 4
4 5
5 2
6 2
7 5
8 16
9 33
10 52
11 77
12 109
13 117
14 130
15 86
16 70
17 54
18 41
19 18
20 6
21 3
22 9
23 3
24 2
25 2
26 1
27 0
28 0
last timestep 28
node 797 iteration 1
0 0
1 1
2 4
3 6
4 8
5 21
6 52
7 60
8 79
9 92
10 89
11 87
12 57
13 67
14 47
15 25
16 19
17 8
18 5
19 0
20 0
last timestep 20
node 797 iteration 2
0 0
1 3
2 4
3 15
4 13
5 20
6 29
7 28
8 27
9 45
10 49
11 71
12 93
13 75
14 80
15 68
16 47
17 37
18 32
19 13
20 14
21 11
22 5
23 6
24 3
25 1
26 1
27 1
28 0
29 0
last timestep 29
node 797 iteration 3
0 0
1 0
2 0
last timestep 2
node 797 iteration 4
0 0
1 0
2 2
3 3
4 7
5 7
6 9
7 8
8 9
9 12
10 18
11 26
12 28
13 46
14 51
15 60
16 65
17 67
18 62
19 72
20 53
21 46
22 41
23 26
24 14
25 16
26 11
27 5
28 2
29 1
30 2
31 4
32 1
33 1
34 2
35 2
36 1
37 1
38 2
39 1
40 1
41 0
last timestep 41
node 797 iteration 5
0 0
1 2
2 9
3 18
4 17
5 18
6 25
7 26
8 32
9 33
10 58
11 70
12 91
13 89
14 76
15 67
16 77
17 57
18 40
19 26
20 15
21 14
22 11
23 9
24 3
25 3
26 5
27 1
28 1
29 0
30 0
last timestep 30
node 797 iteration 6
0 0
1 1
2 8
3 13
4 18
5 34
6 50
7 76
8 44
9 52
10 60
11 60
12 67
13 57
14 60
15 63
16 41
17 28
18 18
19 14
20 5
21 3
22 1
23 4
24 2
25 1
26 1
27 0
28 0
last timestep 28
node 797 iteration 7
0 0
1 0
2 2
3 3
4 5
5 7
6 6
7 9
8 7
9 15
10 26
11 30
12 45
13 69
14 70
15 76
16 100
17 60
18 67
19 54
20 30
21 29
22 17
23 5
24 5
25 3
26 8
27 6
28 3
29 2
30 0
last timestep 30
node 797 iteration 8
0 0
1 1
2 0
3 0
last timestep 3
node 797 iteration 9
0 0
1 3
2 5
3 7
4 5
5 4
6 2
7 6
8 3
9 5
10 3
11 5
12 20
13 29
14 33
15 71
16 76
17 86
18 83
19 73
20 43
21 41
22 19
23 20
24 17
25 8
26 4
27 2
28 1
29 0
30 0
last timestep 30
