node 2408 iteration 0
0 0
1 1
2 5
3 5
4 2
5 2
6 4
7 7
8 10
9 5
10 8
11 12
12 23
13 14
14 11
15 10
16 12
17 13
18 9
19 25
20 40
21 53
22 56
23 39
24 36
25 39
26 31
27 26
28 26
29 19
30 12
31 5
32 4
33 3
34 0
35 0
last timestep 35
node 2408 iteration 1
0 0
1 0
2 0
last timestep 2
node 2408 iteration 2
0 0
1 1
2 1
3 5
4 8
5 27
6 35
7 42
8 63
9 54
10 94
11 91
12 95
13 70
14 31
15 39
16 21
17 17
18 14
19 10
20 9
21 1
22 0
23 0
last timestep 23
node 2408 iteration 3
0 0
1 0
2 3
3 3
4 7
5 3
6 6
7 8
8 10
9 16
10 20
11 38
12 38
13 28
14 42
15 48
16 55
17 46
18 32
19 39
20 41
21 30
22 25
23 22
24 17
25 17
26 16
27 17
28 6
29 4
30 1
31 0
last timestep 31
node 2408 iteration 4
0 0
1 3
2 2
3 1
4 2
5 1
6 0
7 0
last timestep 7
node 2408 iteration 5
0 0
1 2
2 7
3 6
4 15
5 15
6 24
7 44
8 38
9 51
10 73
11 65
12 82
13 73
14 62
15 60
16 57
17 37
18 31
19 32
20 13
21 6
22 5
23 3
24 1
25 1
26 0
27 0
last timestep 27
node 2408 iteration 6
0 0
1 0
2 0
last timestep 2
node 2408 iteration 7
0 0
1 1
2 5
3 8
4 15
5 27
6 40
7 58
8 79
9 77
10 82
11 79
12 72
13 46
14 48
15 37
16 31
17 17
18 18
19 18
20 10
21 8
22 3
23 1
24 1
25 1
26 0
27 0
last timestep 27
node 2408 iteration 8
0 0
1 0
2 0
last timestep 2
node 2408 iteration 9
0 0
1 0
2 1
3 1
4 4
5 4
6 13
7 24
8 49
9 52
10 53
11 69
12 99
13 99
14 78
15 79
16 60
17 34
18 24
19 15
20 8
21 7
22 6
23 3
24 3
25 4
26 3
27 0
last timestep 27
