node 1719 iteration 0
0 0
1 1
2 0
3 0
last timestep 3
node 1719 iteration 1
0 0
1 2
2 2
3 10
4 12
5 20
6 41
7 57
8 70
9 65
10 95
11 80
12 74
13 59
14 37
15 29
16 24
17 24
18 11
19 12
20 10
21 6
22 5
23 1
24 2
25 1
26 3
27 0
28 0
last timestep 28
node 1719 iteration 2
0 0
1 1
2 0
3 0
last timestep 3
node 1719 iteration 3
0 0
1 6
2 5
3 15
4 15
5 14
6 31
7 29
8 30
9 38
10 38
11 38
12 54
13 65
14 60
15 55
16 38
17 53
18 40
19 38
20 20
21 16
22 10
23 2
24 2
25 1
26 4
27 7
28 3
29 5
30 2
31 6
32 1
33 1
34 0
35 0
last timestep 35
node 1719 iteration 4
0 0
1 2
2 2
3 1
4 1
5 0
6 0
last timestep 6
node 1719 iteration 5
0 0
1 4
2 11
3 21
4 43
5 69
6 80
7 103
8 85
9 102
10 83
11 60
12 49
13 39
14 17
15 10
16 5
17 11
18 8
19 2
20 0
21 0
last timestep 21
node 1719 iteration 6
0 0
1 4
2 2
3 1
4 3
5 3
6 5
7 9
8 12
9 16
10 31
11 25
12 37
13 46
14 77
15 66
16 62
17 59
18 45
19 43
20 35
21 35
22 38
23 31
24 27
25 28
26 25
27 13
28 9
29 6
30 3
31 7
32 2
33 2
34 2
35 4
36 3
37 1
38 0
39 0
last timestep 39
node 1719 iteration 7
0 0
1 4
2 11
3 16
4 17
5 30
6 45
7 47
8 60
9 75
10 87
11 71
12 69
13 56
14 50
15 48
16 32
17 12
18 14
19 3
20 5
21 7
22 8
23 1
24 0
25 0
last timestep 25
node 1719 iteration 8
0 0
1 2
2 3
3 6
4 5
5 5
6 4
7 4
8 7
9 13
10 14
11 31
12 45
13 72
14 70
15 73
16 88
17 75
18 66
19 52
20 49
21 29
22 28
23 18
24 18
25 10
26 12
27 8
28 11
29 2
30 0
31 0
last timestep 31
node 1719 iteration 9
0 0
1 1
2 0
3 0
last timestep 3
