node 564 iteration 0
0 0
1 2
2 3
3 13
4 13
5 35
6 60
7 83
8 101
9 114
10 105
11 97
12 79
13 61
14 48
15 15
16 7
17 12
18 7
19 7
20 4
21 2
22 0
23 0
last timestep 23
node 564 iteration 1
0 0
1 1
2 2
3 9
4 16
5 25
6 26
7 40
8 40
9 48
10 64
11 86
12 102
13 74
14 66
15 62
16 34
17 19
18 16
19 8
20 5
21 4
22 3
23 2
24 2
25 3
26 2
27 1
28 2
29 2
30 4
31 0
32 0
last timestep 32
node 564 iteration 2
0 0
1 1
2 1
3 0
4 0
last timestep 4
node 564 iteration 3
0 0
1 1
2 0
3 0
last timestep 3
node 564 iteration 4
0 0
1 4
2 4
3 6
4 6
5 8
6 14
7 17
8 17
9 23
10 35
11 59
12 74
13 86
14 65
15 79
16 72
17 66
18 54
19 42
20 26
21 20
22 9
23 10
24 6
25 11
26 10
27 3
28 2
29 0
30 0
last timestep 30
node 564 iteration 5
0 0
1 0
2 0
last timestep 2
node 564 iteration 6
0 0
1 0
2 1
3 2
4 6
5 13
6 17
7 33
8 35
9 39
10 50
11 60
12 78
13 79
14 82
15 67
16 59
17 67
18 48
19 30
20 18
21 14
22 12
23 9
24 6
25 4
26 2
27 1
28 0
last timestep 28
node 564 iteration 7
0 0
1 2
2 1
3 2
4 2
5 2
6 4
7 2
8 5
9 9
10 10
11 19
12 38
13 37
14 66
15 79
16 93
17 93
18 96
19 93
20 55
21 49
22 58
23 32
24 23
25 11
26 10
27 9
28 3
29 0
30 0
last timestep 30
node 564 iteration 8
0 0
1 1
2 3
3 2
4 5
5 14
6 23
7 29
8 36
9 47
10 44
11 56
12 65
13 57
14 70
15 57
16 52
17 45
18 26
19 23
20 9
21 7
22 7
23 6
24 4
25 1
26 1
27 0
28 0
last timestep 28
node 564 iteration 9
0 0
1 0
2 0
last timestep 2
