node 2452 iteration 0
0 0
1 2
2 14
3 16
4 27
5 48
6 65
7 67
8 83
9 109
10 121
11 112
12 69
13 50
14 33
15 14
16 12
17 14
18 8
19 3
20 2
21 0
22 0
last timestep 22
node 2452 iteration 1
0 0
1 0
2 0
last timestep 2
node 2452 iteration 2
0 0
1 2
2 2
3 9
4 11
5 19
6 39
7 60
8 53
9 82
10 98
11 114
12 142
13 103
14 75
15 48
16 25
17 15
18 5
19 7
20 6
21 8
22 7
23 2
24 3
25 5
26 1
27 0
28 0
last timestep 28
node 2452 iteration 3
0 0
1 2
2 9
3 9
4 14
5 16
6 21
7 25
8 21
9 47
10 80
11 88
12 90
13 97
14 70
15 56
16 44
17 26
18 16
19 15
20 14
21 5
22 2
23 0
24 0
last timestep 24
node 2452 iteration 4
0 0
1 1
2 2
3 1
4 3
5 8
6 10
7 17
8 46
9 51
10 63
11 73
12 98
13 104
14 100
15 87
16 52
17 38
18 21
19 18
20 12
21 4
22 2
23 1
24 1
25 0
26 0
last timestep 26
node 2452 iteration 5
0 0
1 1
2 4
3 5
4 12
5 6
6 13
7 23
8 30
9 46
10 54
11 59
12 71
13 83
14 70
15 63
16 51
17 52
18 40
19 25
20 20
21 11
22 7
23 5
24 3
25 5
26 4
27 3
28 1
29 2
30 2
31 3
32 1
33 0
34 0
last timestep 34
node 2452 iteration 6
0 0
1 1
2 0
3 0
last timestep 3
node 2452 iteration 7
0 0
1 2
2 6
3 1
4 0
5 0
last timestep 5
node 2452 iteration 8
0 0
1 0
2 0
last timestep 2
node 2452 iteration 9
0 0
1 0
2 0
last timestep 2
