node 13 iteration 0
0 0
1 4
2 6
3 9
4 14
5 29
6 32
7 40
8 49
9 56
10 93
11 90
12 85
13 92
14 73
15 43
16 41
17 34
18 18
19 13
20 4
21 4
22 3
23 1
24 1
25 1
26 0
27 0
last timestep 27
node 13 iteration 1
0 0
1 6
2 10
3 28
4 34
5 45
6 47
7 73
8 79
9 81
10 94
11 74
12 79
13 73
14 50
15 30
16 15
17 18
18 15
19 13
20 9
21 1
22 0
23 0
last timestep 23
node 13 iteration 2
0 0
1 1
2 1
3 2
4 4
5 2
6 4
7 5
8 3
9 7
10 14
11 13
12 17
13 21
14 35
15 49
16 57
17 83
18 91
19 68
20 61
21 66
22 48
23 46
24 38
25 26
26 11
27 5
28 4
29 1
30 1
31 0
32 0
last timestep 32
node 13 iteration 3
0 0
1 1
2 1
3 0
4 0
last timestep 4
node 13 iteration 4
0 0
1 4
2 3
3 5
4 8
5 15
6 21
7 27
8 50
9 80
10 99
11 77
12 66
13 51
14 52
15 43
16 25
17 27
18 15
19 13
20 7
21 8
22 7
23 13
24 14
25 8
26 4
27 0
28 0
last timestep 28
node 13 iteration 5
0 0
1 3
2 3
3 6
4 8
5 10
6 17
7 30
8 36
9 59
10 94
11 113
12 106
13 95
14 96
15 69
16 52
17 37
18 27
19 24
20 19
21 10
22 5
23 4
24 2
25 3
26 2
27 0
28 0
last timestep 28
node 13 iteration 6
0 0
1 2
2 3
3 7
4 7
5 9
6 14
7 18
8 17
9 22
10 24
11 32
12 49
13 66
14 74
15 117
16 114
17 100
18 48
19 30
20 22
21 17
22 11
23 6
24 4
25 5
26 3
27 1
28 0
29 0
last timestep 29
node 13 iteration 7
0 0
1 2
2 2
3 2
4 0
5 2
6 2
7 1
8 0
last timestep 8
node 13 iteration 8
0 0
1 6
2 6
3 16
4 26
5 50
6 66
7 97
8 95
9 95
10 84
11 72
12 55
13 44
14 30
15 24
16 15
17 11
18 5
19 3
20 2
21 1
22 4
23 3
24 6
25 5
26 0
27 6
28 0
last timestep 28
node 13 iteration 9
0 0
1 4
2 6
3 10
4 11
5 23
6 35
7 67
8 69
9 64
10 74
11 96
12 81
13 79
14 88
15 80
16 57
17 25
18 16
19 10
20 6
21 3
22 1
23 0
24 0
last timestep 24
