node 881 iteration 0
0 0
1 0
2 1
3 2
4 0
last timestep 4
node 881 iteration 1
0 0
1 1
2 0
3 0
last timestep 3
node 881 iteration 2
0 0
1 1
2 2
3 0
4 0
last timestep 4
node 881 iteration 3
0 0
1 1
2 1
3 3
4 13
5 24
6 40
7 61
8 91
9 101
10 86
11 78
12 76
13 48
14 46
15 38
16 24
17 13
18 6
19 4
20 4
21 3
22 1
23 4
24 1
25 0
26 0
last timestep 26
node 881 iteration 4
0 0
1 1
2 0
3 0
last timestep 3
node 881 iteration 5
0 0
1 2
2 1
3 2
4 3
5 3
6 8
7 4
8 5
9 11
10 14
11 28
12 30
13 29
14 37
15 50
16 63
17 80
18 84
19 74
20 62
21 50
22 34
23 29
24 26
25 19
26 12
27 4
28 0
29 0
last timestep 29
node 881 iteration 6
0 0
1 4
2 6
3 4
4 10
5 13
6 32
7 63
8 58
9 52
10 82
11 74
12 79
13 63
14 59
15 46
16 31
17 26
18 19
19 8
20 9
21 5
22 6
23 6
24 1
25 2
26 0
27 0
last timestep 27
node 881 iteration 7
0 0
1 3
2 2
3 1
4 6
5 1
6 3
7 5
8 8
9 8
10 15
11 24
12 29
13 40
14 50
15 60
16 70
17 73
18 71
19 81
20 72
21 64
22 50
23 49
24 32
25 29
26 12
27 7
28 2
29 2
30 0
31 0
last timestep 31
node 881 iteration 8
0 0
1 0
2 1
3 2
4 2
5 5
6 13
7 9
8 15
9 31
10 32
11 48
12 60
13 76
14 63
15 58
16 70
17 68
18 63
19 41
20 28
21 20
22 9
23 8
24 7
25 2
26 1
27 0
last timestep 27
node 881 iteration 9
0 0
1 2
2 0
3 0
last timestep 3
