node 992 iteration 0
0 0
1 3
2 10
3 23
4 28
5 52
6 74
7 99
8 105
9 102
10 80
11 66
12 46
13 26
14 22
15 13
16 6
17 5
18 1
19 0
20 0
last timestep 20
node 992 iteration 1
0 0
1 3
2 5
3 10
4 16
5 32
6 48
7 63
8 94
9 109
10 105
11 113
12 82
13 58
14 22
15 11
16 13
17 3
18 3
19 1
20 0
21 2
22 0
last timestep 22
node 992 iteration 2
0 0
1 2
2 3
3 1
4 2
5 8
6 12
7 15
8 20
9 22
10 37
11 42
12 37
13 30
14 60
15 65
16 85
17 91
18 87
19 55
20 55
21 33
22 27
23 14
24 6
25 4
26 4
27 3
28 0
29 0
last timestep 29
node 992 iteration 3
0 0
1 8
2 5
3 13
4 34
5 48
6 93
7 98
8 115
9 131
10 112
11 57
12 48
13 30
14 28
15 15
16 14
17 12
18 3
19 2
20 1
21 0
22 0
last timestep 22
node 992 iteration 4
0 0
1 3
2 1
3 2
4 5
5 8
6 14
7 16
8 23
9 51
10 53
11 52
12 57
13 55
14 46
15 55
16 45
17 32
18 28
19 31
20 28
21 24
22 32
23 26
24 22
25 17
26 2
27 1
28 0
29 0
last timestep 29
node 992 iteration 5
0 0
1 2
2 1
3 4
4 3
5 0
6 0
last timestep 6
node 992 iteration 6
0 0
1 2
2 0
3 0
last timestep 3
node 992 iteration 7
0 0
1 1
2 1
3 0
4 0
last timestep 4
node 992 iteration 8
0 0
1 2
2 6
3 15
4 18
5 33
6 39
7 73
8 73
9 64
10 73
11 61
12 58
13 70
14 54
15 64
16 61
17 44
18 35
19 17
20 9
21 8
22 5
23 2
24 6
25 7
26 1
27 3
28 0
29 0
last timestep 29
node 992 iteration 9
0 0
1 7
2 9
3 17
4 24
5 43
6 64
7 96
8 130
9 117
10 97
11 87
12 75
13 50
14 22
15 16
16 5
17 2
18 2
19 2
20 0
21 0
last timestep 21
