node 801 iteration 0
0 0
1 4
2 6
3 7
4 7
5 3
6 9
7 11
8 12
9 4
10 10
11 20
12 22
13 29
14 45
15 74
16 89
17 98
18 103
19 95
20 56
21 54
22 40
23 22
24 19
25 24
26 10
27 8
28 1
29 1
30 0
31 0
last timestep 31
node 801 iteration 1
0 0
1 3
2 1
3 1
4 2
5 8
6 15
7 23
8 28
9 50
10 81
11 89
12 96
13 110
14 75
15 70
16 54
17 30
18 24
19 18
20 19
21 18
22 6
23 1
24 1
25 0
26 0
last timestep 26
node 801 iteration 2
0 0
1 1
2 2
3 0
4 0
last timestep 4
node 801 iteration 3
0 0
1 4
2 5
3 5
4 10
5 17
6 38
7 43
8 63
9 83
10 103
11 90
12 78
13 84
14 66
15 41
16 39
17 26
18 22
19 22
20 10
21 5
22 2
23 1
24 0
25 0
last timestep 25
node 801 iteration 4
0 0
1 6
2 11
3 18
4 30
5 55
6 60
7 68
8 81
9 80
10 76
11 50
12 45
13 40
14 46
15 30
16 29
17 22
18 14
19 14
20 6
21 6
22 3
23 4
24 1
25 1
26 1
27 1
28 0
29 0
last timestep 29
node 801 iteration 5
0 0
1 4
2 3
3 12
4 10
5 21
6 29
7 53
8 77
9 79
10 108
11 108
12 98
13 75
14 55
15 38
16 26
17 15
18 7
19 5
20 7
21 6
22 0
23 0
last timestep 23
node 801 iteration 6
0 0
1 1
2 4
3 4
4 11
5 27
6 24
7 29
8 28
9 59
10 61
11 74
12 98
13 111
14 95
15 50
16 53
17 37
18 29
19 21
20 23
21 9
22 4
23 6
24 1
25 1
26 0
27 0
last timestep 27
node 801 iteration 7
0 0
1 6
2 16
3 25
4 50
5 75
6 90
7 102
8 98
9 72
10 65
11 61
12 54
13 38
14 23
15 12
16 8
17 4
18 2
19 2
20 0
21 0
last timestep 21
node 801 iteration 8
0 0
1 4
2 6
3 13
4 25
5 33
6 50
7 59
8 90
9 96
10 97
11 98
12 96
13 85
14 51
15 27
16 16
17 8
18 2
19 3
20 1
21 1
22 0
23 0
last timestep 23
node 801 iteration 9
0 0
1 3
2 2
3 7
4 9
5 11
6 17
7 18
8 17
9 27
10 60
11 74
12 61
13 69
14 59
15 51
16 58
17 46
18 30
19 32
20 23
21 19
22 18
23 6
24 4
25 5
26 1
27 2
28 0
29 0
last timestep 29
