node 667 iteration 0
0 0
1 5
2 4
3 5
4 5
5 10
6 17
7 30
8 35
9 61
10 59
11 73
12 66
13 52
14 48
15 46
16 36
17 29
18 24
19 32
20 18
21 10
22 8
23 5
24 3
25 0
26 1
27 0
last timestep 27
node 667 iteration 1
0 0
1 0
2 0
last timestep 2
node 667 iteration 2
0 0
1 3
2 3
3 14
4 13
5 19
6 39
7 68
8 78
9 81
10 74
11 56
12 45
13 43
14 44
15 33
16 31
17 16
18 13
19 7
20 4
21 6
22 9
23 5
24 2
25 3
26 3
27 1
28 1
29 1
30 0
31 0
last timestep 31
node 667 iteration 3
0 0
1 2
2 5
3 6
4 12
5 14
6 26
7 39
8 56
9 65
10 75
11 78
12 81
13 109
14 84
15 69
16 46
17 34
18 16
19 6
20 8
21 4
22 4
23 2
24 2
25 0
26 0
last timestep 26
node 667 iteration 4
0 0
1 1
2 3
3 4
4 15
5 17
6 27
7 51
8 68
9 100
10 113
11 108
12 97
13 73
14 47
15 29
16 31
17 15
18 7
19 3
20 5
21 8
22 1
23 0
24 0
last timestep 24
node 667 iteration 5
0 0
1 0
2 3
3 2
4 4
5 3
6 1
7 2
8 3
9 5
10 5
11 11
12 23
13 49
14 67
15 75
16 79
17 80
18 79
19 68
20 60
21 39
22 21
23 15
24 14
25 12
26 4
27 5
28 5
29 6
30 3
31 1
32 4
33 0
last timestep 33
node 667 iteration 6
0 0
1 2
2 1
3 1
4 1
5 4
6 15
7 15
8 35
9 46
10 56
11 64
12 86
13 89
14 84
15 90
16 54
17 54
18 29
19 15
20 19
21 7
22 6
23 3
24 8
25 0
26 0
last timestep 26
node 667 iteration 7
0 0
1 3
2 4
3 7
4 8
5 14
6 19
7 26
8 36
9 49
10 64
11 85
12 77
13 71
14 63
15 58
16 41
17 26
18 23
19 20
20 22
21 11
22 11
23 3
24 5
25 2
26 3
27 4
28 4
29 0
30 0
last timestep 30
node 667 iteration 8
0 0
1 0
2 0
last timestep 2
node 667 iteration 9
0 0
1 0
2 0
last timestep 2
