node 1054 iteration 0
0 0
1 4
2 5
3 8
4 10
5 13
6 17
7 21
8 35
9 61
10 61
11 99
12 112
13 92
14 66
15 69
16 43
17 32
18 30
19 24
20 17
21 3
22 1
23 1
24 1
25 0
26 0
last timestep 26
node 1054 iteration 1
0 0
1 2
2 1
3 3
4 1
5 4
6 13
7 35
8 68
9 93
10 120
11 114
12 114
13 86
14 69
15 51
16 37
17 32
18 26
19 17
20 8
21 6
22 4
23 2
24 2
25 3
26 1
27 0
28 0
last timestep 28
node 1054 iteration 2
0 0
1 3
2 1
3 1
4 3
5 6
6 5
7 11
8 12
9 12
10 12
11 21
12 25
13 24
14 36
15 55
16 62
17 77
18 57
19 49
20 46
21 48
22 27
23 27
24 24
25 25
26 19
27 17
28 15
29 7
30 12
31 5
32 6
33 4
34 0
35 1
36 0
last timestep 36
node 1054 iteration 3
0 0
1 1
2 3
3 4
4 3
5 4
6 11
7 14
8 26
9 41
10 56
11 69
12 71
13 59
14 54
15 44
16 48
17 35
18 34
19 28
20 19
21 13
22 13
23 7
24 1
25 0
26 0
last timestep 26
node 1054 iteration 4
0 0
1 4
2 6
3 13
4 23
5 36
6 69
7 94
8 102
9 113
10 95
11 87
12 58
13 50
14 42
15 21
16 16
17 4
18 3
19 2
20 1
21 1
22 0
23 0
last timestep 23
node 1054 iteration 5
0 0
1 4
2 4
3 15
4 15
5 28
6 52
7 58
8 68
9 67
10 73
11 69
12 77
13 70
14 53
15 50
16 33
17 28
18 26
19 14
20 13
21 15
22 9
23 3
24 3
25 0
26 0
last timestep 26
node 1054 iteration 6
0 0
1 4
2 4
3 10
4 18
5 38
6 60
7 81
8 110
9 143
10 132
11 87
12 43
13 43
14 32
15 21
16 14
17 10
18 7
19 3
20 2
21 2
22 1
23 1
24 0
25 0
last timestep 25
node 1054 iteration 7
0 0
1 6
2 14
3 16
4 27
5 32
6 40
7 65
8 92
9 74
10 79
11 75
12 70
13 48
14 43
15 31
16 17
17 10
18 11
19 16
20 7
21 6
22 8
23 9
24 7
25 6
26 5
27 6
28 4
29 2
30 1
31 1
32 1
33 0
34 0
last timestep 34
node 1054 iteration 8
0 0
1 1
2 1
3 2
4 6
5 9
6 19
7 43
8 61
9 99
10 79
11 103
12 85
13 68
14 45
15 41
16 33
17 26
18 16
19 15
20 8
21 1
22 0
23 0
last timestep 23
node 1054 iteration 9
0 0
1 3
2 4
3 7
4 3
5 5
6 4
7 3
8 6
9 9
10 4
11 5
12 11
13 19
14 19
15 35
16 28
17 40
18 76
19 63
20 62
21 61
22 49
23 40
24 36
25 34
26 22
27 21
28 9
29 6
30 2
31 2
32 0
33 1
34 2
35 3
36 1
37 1
38 0
last timestep 38
