node 472 iteration 0
0 0
1 1
2 1
3 1
4 5
5 7
6 8
7 15
8 25
9 14
10 18
11 21
12 29
13 31
14 35
15 29
16 30
17 54
18 60
19 44
20 30
21 26
22 28
23 19
24 17
25 13
26 11
27 5
28 5
29 0
30 0
last timestep 30
node 472 iteration 1
0 0
1 2
2 1
3 3
4 3
5 8
6 10
7 15
8 14
9 28
10 38
11 34
12 49
13 45
14 64
15 81
16 72
17 68
18 54
19 66
20 42
21 24
22 29
23 13
24 11
25 5
26 5
27 5
28 1
29 1
30 0
31 0
last timestep 31
node 472 iteration 2
0 0
1 6
2 5
3 17
4 14
5 35
6 45
7 53
8 45
9 48
10 45
11 68
12 79
13 73
14 67
15 54
16 25
17 21
18 19
19 18
20 23
21 7
22 1
23 3
24 0
25 0
last timestep 25
node 472 iteration 3
0 0
1 1
2 0
3 0
last timestep 3
node 472 iteration 4
0 0
1 1
2 7
3 10
4 14
5 19
6 36
7 51
8 78
9 86
10 93
11 84
12 67
13 60
14 62
15 30
16 15
17 11
18 18
19 4
20 1
21 1
22 4
23 6
24 3
25 2
26 0
27 0
last timestep 27
node 472 iteration 5
0 0
1 2
2 3
3 2
4 1
5 3
6 3
7 10
8 11
9 20
10 33
11 56
12 58
13 65
14 60
15 64
16 70
17 64
18 75
19 54
20 33
21 34
22 35
23 20
24 12
25 10
26 3
27 2
28 0
29 0
last timestep 29
node 472 iteration 6
0 0
1 1
2 0
3 0
last timestep 3
node 472 iteration 7
0 0
1 2
2 1
3 0
4 0
last timestep 4
node 472 iteration 8
0 0
1 2
2 3
3 8
4 20
5 37
6 58
7 80
8 96
9 129
10 120
11 90
12 65
13 43
14 27
15 20
16 12
17 5
18 5
19 2
20 0
21 0
last timestep 21
node 472 iteration 9
0 0
1 0
2 0
last timestep 2
