node 1655 iteration 0
0 0
1 2
2 2
3 2
4 0
5 0
last timestep 5
node 1655 iteration 1
0 0
1 4
2 4
3 12
4 17
5 9
6 14
7 24
8 26
9 46
10 39
11 52
12 57
13 72
14 75
15 72
16 53
17 43
18 29
19 18
20 14
21 13
22 6
23 9
24 2
25 3
26 0
27 0
last timestep 27
node 1655 iteration 2
0 0
1 5
2 6
3 6
4 4
5 3
6 6
7 3
8 1
9 0
10 0
last timestep 10
node 1655 iteration 3
0 0
1 4
2 7
3 5
4 11
5 15
6 27
7 29
8 27
9 48
10 55
11 85
12 108
13 84
14 81
15 69
16 67
17 49
18 27
19 20
20 8
21 5
22 5
23 3
24 0
25 0
last timestep 25
node 1655 iteration 4
0 0
1 4
2 6
3 8
4 9
5 13
6 19
7 26
8 37
9 54
10 73
11 90
12 100
13 88
14 76
15 52
16 27
17 28
18 18
19 8
20 7
21 3
22 5
23 6
24 2
25 6
26 4
27 6
28 1
29 0
30 0
last timestep 30
node 1655 iteration 5
0 0
1 1
2 9
3 8
4 14
5 23
6 25
7 35
8 46
9 61
10 63
11 71
12 60
13 59
14 56
15 65
16 64
17 48
18 20
19 22
20 12
21 13
22 18
23 13
24 10
25 7
26 2
27 0
28 0
last timestep 28
node 1655 iteration 6
0 0
1 4
2 8
3 16
4 30
5 36
6 44
7 43
8 61
9 74
10 81
11 68
12 69
13 62
14 41
15 31
16 18
17 7
18 8
19 3
20 2
21 0
22 0
last timestep 22
node 1655 iteration 7
0 0
1 5
2 12
3 23
4 40
5 40
6 60
7 94
8 100
9 84
10 87
11 87
12 53
13 38
14 28
15 21
16 16
17 9
18 12
19 4
20 3
21 2
22 1
23 0
24 0
last timestep 24
node 1655 iteration 8
0 0
1 1
2 1
3 0
4 0
last timestep 4
node 1655 iteration 9
0 0
1 2
2 3
3 5
4 4
5 14
6 32
7 44
8 37
9 59
10 64
11 76
12 104
13 123
14 100
15 82
16 64
17 42
18 38
19 30
20 13
21 7
22 3
23 0
24 0
last timestep 24
