node 96 iteration 0
0 0
1 1
2 2
3 0
4 1
5 3
6 6
7 8
8 21
9 26
10 58
11 60
12 85
13 96
14 101
15 66
16 69
17 64
18 43
19 25
20 14
21 10
22 8
23 8
24 3
25 0
last timestep 25
node 96 iteration 1
0 0
1 1
2 0
3 0
last timestep 3
node 96 iteration 2
0 0
1 2
2 0
3 2
4 17
5 10
6 29
7 30
8 52
9 78
10 73
11 78
12 61
13 60
14 56
15 55
16 36
17 32
18 30
19 23
20 11
21 5
22 8
23 5
24 3
25 0
last timestep 25
node 96 iteration 3
0 0
1 1
2 3
3 3
4 13
5 16
6 19
7 20
8 27
9 47
10 49
11 45
12 58
13 78
14 77
15 75
16 83
17 56
18 50
19 34
20 30
21 24
22 15
23 10
24 3
25 3
26 5
27 2
28 1
29 0
30 0
last timestep 30
node 96 iteration 4
0 0
1 2
2 5
3 11
4 34
5 51
6 69
7 78
8 82
9 108
10 98
11 85
12 58
13 56
14 31
15 23
16 13
17 15
18 13
19 4
20 3
21 4
22 2
23 1
24 0
25 0
last timestep 25
node 96 iteration 5
0 0
1 1
2 4
3 6
4 10
5 22
6 29
7 22
8 32
9 44
10 55
11 70
12 77
13 99
14 78
15 72
16 59
17 33
18 15
19 7
20 2
21 1
22 0
23 0
last timestep 23
node 96 iteration 6
0 0
1 2
2 2
3 4
4 3
5 4
6 13
7 10
8 18
9 27
10 34
11 35
12 35
13 43
14 65
15 80
16 97
17 88
18 64
19 62
20 28
21 26
22 13
23 12
24 9
25 1
26 1
27 1
28 0
29 0
last timestep 29
node 96 iteration 7
0 0
1 1
2 5
3 8
4 9
5 19
6 16
7 28
8 35
9 49
10 81
11 88
12 103
13 88
14 74
15 64
16 63
17 39
18 27
19 28
20 18
21 8
22 9
23 5
24 2
25 0
26 0
last timestep 26
node 96 iteration 8
0 0
1 4
2 19
3 21
4 24
5 42
6 70
7 100
8 113
9 94
10 81
11 69
12 39
13 25
14 23
15 19
16 19
17 9
18 6
19 7
20 0
21 0
last timestep 21
node 96 iteration 9
0 0
1 0
2 0
last timestep 2
