node 1273 iteration 0
0 0
1 1
2 1
3 0
4 0
last timestep 4
node 1273 iteration 1
0 0
1 0
2 0
last timestep 2
node 1273 iteration 2
0 0
1 1
2 4
3 0
4 0
last timestep 4
node 1273 iteration 3
0 0
1 0
2 1
3 1
4 3
5 8
6 12
7 12
8 32
9 38
10 55
11 50
12 47
13 53
14 74
15 69
16 67
17 68
18 51
19 34
20 18
21 6
22 13
23 11
24 6
25 6
26 3
27 3
28 2
29 0
last timestep 29
node 1273 iteration 4
0 0
1 1
2 1
3 1
4 2
5 5
6 12
7 15
8 26
9 36
10 35
11 34
12 63
13 76
14 65
15 78
16 74
17 68
18 60
19 43
20 38
21 30
22 25
23 26
24 15
25 13
26 11
27 5
28 7
29 3
30 2
31 0
32 0
last timestep 32
node 1273 iteration 5
0 0
1 1
2 2
3 1
4 0
5 1
6 0
last timestep 6
node 1273 iteration 6
0 0
1 1
2 0
3 0
last timestep 3
node 1273 iteration 7
0 0
1 3
2 4
3 6
4 9
5 15
6 17
7 22
8 37
9 53
10 52
11 64
12 68
13 52
14 65
15 66
16 55
17 50
18 30
19 21
20 19
21 16
22 9
23 7
24 9
25 9
26 6
27 4
28 7
29 4
30 5
31 2
32 3
33 0
34 0
last timestep 34
node 1273 iteration 8
0 0
1 1
2 5
3 5
4 4
5 5
6 7
7 10
8 14
9 14
10 15
11 21
12 28
13 33
14 58
15 64
16 54
17 72
18 95
19 69
20 76
21 56
22 48
23 29
24 23
25 12
26 10
27 3
28 2
29 2
30 0
31 0
last timestep 31
node 1273 iteration 9
0 0
1 1
2 0
3 0
last timestep 3
