node 1354 iteration 0
0 0
1 1
2 1
3 2
4 5
5 10
6 6
7 9
8 14
9 20
10 30
11 39
12 47
13 57
14 90
15 79
16 69
17 66
18 61
19 42
20 31
21 17
22 21
23 17
24 9
25 5
26 7
27 1
28 1
29 0
30 0
last timestep 30
node 1354 iteration 1
0 0
1 1
2 1
3 12
4 7
5 9
6 12
7 27
8 42
9 45
10 57
11 65
12 90
13 74
14 66
15 61
16 67
17 44
18 42
19 28
20 15
21 11
22 4
23 2
24 0
25 0
last timestep 25
node 1354 iteration 2
0 0
1 0
2 1
3 3
4 7
5 13
6 29
7 35
8 61
9 74
10 90
11 92
12 77
13 77
14 62
15 51
16 29
17 21
18 11
19 7
20 4
21 3
22 0
last timestep 22
node 1354 iteration 3
0 0
1 2
2 2
3 5
4 8
5 14
6 11
7 12
8 15
9 22
10 27
11 22
12 28
13 33
14 41
15 48
16 67
17 84
18 128
19 137
20 85
21 57
22 38
23 32
24 21
25 18
26 11
27 5
28 0
29 0
last timestep 29
node 1354 iteration 4
0 0
1 2
2 5
3 8
4 7
5 18
6 30
7 28
8 46
9 71
10 82
11 91
12 83
13 70
14 62
15 42
16 37
17 21
18 21
19 8
20 2
21 2
22 0
23 0
last timestep 23
node 1354 iteration 5
0 0
1 3
2 7
3 11
4 16
5 27
6 33
7 49
8 100
9 131
10 107
11 92
12 69
13 59
14 42
15 24
16 21
17 16
18 13
19 14
20 10
21 2
22 0
23 1
24 0
last timestep 24
node 1354 iteration 6
0 0
1 2
2 1
3 2
4 4
5 20
6 28
7 29
8 34
9 43
10 59
11 94
12 84
13 98
14 95
15 91
16 70
17 56
18 32
19 22
20 19
21 5
22 4
23 3
24 1
25 0
26 0
last timestep 26
node 1354 iteration 7
0 0
1 1
2 4
3 14
4 16
5 29
6 39
7 41
8 64
9 67
10 76
11 73
12 55
13 45
14 48
15 32
16 22
17 25
18 7
19 7
20 5
21 5
22 10
23 8
24 2
25 3
26 2
27 1
28 2
29 1
30 0
31 0
last timestep 31
node 1354 iteration 8
0 0
1 2
2 1
3 3
4 1
5 0
6 0
last timestep 6
node 1354 iteration 9
0 0
1 1
2 9
3 15
4 26
5 32
6 42
7 57
8 87
9 83
10 86
11 99
12 98
13 78
14 63
15 54
16 30
17 10
18 3
19 0
20 0
last timestep 20
