node 241 iteration 0
0 0
1 3
2 2
3 4
4 6
5 12
6 22
7 34
8 58
9 69
10 90
11 82
12 75
13 67
14 72
15 53
16 37
17 25
18 14
19 16
20 11
21 18
22 5
23 5
24 4
25 1
26 0
27 0
last timestep 27
node 241 iteration 1
0 0
1 3
2 8
3 7
4 6
5 6
6 11
7 19
8 27
9 38
10 59
11 76
12 97
13 87
14 89
15 67
16 53
17 43
18 24
19 18
20 21
21 13
22 9
23 11
24 5
25 2
26 0
27 0
last timestep 27
node 241 iteration 2
0 0
1 5
2 8
3 10
4 7
5 14
6 19
7 29
8 38
9 40
10 65
11 80
12 98
13 91
14 88
15 69
16 61
17 36
18 25
19 18
20 8
21 3
22 4
23 1
24 0
25 1
26 0
last timestep 26
node 241 iteration 3
0 0
1 1
2 2
3 4
4 4
5 17
6 32
7 49
8 50
9 77
10 94
11 96
12 93
13 62
14 57
15 43
16 31
17 21
18 20
19 17
20 10
21 2
22 2
23 4
24 2
25 0
26 0
last timestep 26
node 241 iteration 4
0 0
1 2
2 5
3 4
4 10
5 19
6 20
7 34
8 55
9 88
10 91
11 97
12 100
13 79
14 73
15 64
16 55
17 42
18 20
19 6
20 4
21 2
22 4
23 4
24 3
25 0
26 0
last timestep 26
node 241 iteration 5
0 0
1 2
2 9
3 3
4 5
5 8
6 10
7 14
8 18
9 34
10 28
11 44
12 72
13 62
14 73
15 60
16 65
17 60
18 49
19 55
20 52
21 38
22 24
23 12
24 8
25 4
26 2
27 1
28 0
29 0
last timestep 29
node 241 iteration 6
0 0
1 3
2 9
3 15
4 24
5 29
6 33
7 61
8 91
9 93
10 76
11 102
12 58
13 58
14 39
15 35
16 25
17 19
18 21
19 9
20 6
21 2
22 1
23 3
24 0
25 0
last timestep 25
node 241 iteration 7
0 0
1 4
2 7
3 4
4 7
5 5
6 0
7 0
last timestep 7
node 241 iteration 8
0 0
1 3
2 7
3 18
4 30
5 43
6 54
7 86
8 95
9 95
10 82
11 78
12 67
13 43
14 44
15 28
16 16
17 13
18 8
19 8
20 8
21 10
22 3
23 1
24 1
25 0
26 0
last timestep 26
node 241 iteration 9
0 0
1 3
2 2
3 1
4 1
5 0
6 0
last timestep 6
