node 1645 iteration 0
0 0
1 2
2 0
3 0
last timestep 3
node 1645 iteration 1
0 0
1 1
2 0
3 0
last timestep 3
node 1645 iteration 2
0 0
1 4
2 1
3 1
4 2
5 4
6 2
7 1
8 1
9 6
10 13
11 14
12 16
13 24
14 23
15 37
16 47
17 66
18 89
19 91
20 83
21 69
22 60
23 41
24 22
25 20
26 17
27 16
28 12
29 9
30 5
31 3
32 0
33 3
34 0
last timestep 34
node 1645 iteration 3
0 0
1 2
2 0
3 0
last timestep 3
node 1645 iteration 4
0 0
1 1
2 1
3 3
4 5
5 3
6 6
7 2
8 4
9 2
10 2
11 1
12 0
13 0
last timestep 13
node 1645 iteration 5
0 0
1 3
2 5
3 5
4 5
5 5
6 17
7 25
8 38
9 44
10 70
11 79
12 102
13 93
14 90
15 77
16 49
17 26
18 25
19 17
20 4
21 4
22 2
23 0
24 0
last timestep 24
node 1645 iteration 6
0 0
1 3
2 6
3 8
4 10
5 13
6 12
7 13
8 18
9 27
10 44
11 57
12 64
13 58
14 59
15 46
16 67
17 43
18 54
19 38
20 27
21 19
22 19
23 9
24 10
25 1
26 3
27 2
28 0
29 0
last timestep 29
node 1645 iteration 7
0 0
1 1
2 2
3 1
4 0
5 0
last timestep 5
node 1645 iteration 8
0 0
1 3
2 6
3 9
4 7
5 8
6 11
7 22
8 26
9 67
10 60
11 78
12 90
13 99
14 61
15 57
16 56
17 54
18 41
19 20
20 12
21 8
22 3
23 1
24 1
25 3
26 3
27 1
28 0
29 0
last timestep 29
node 1645 iteration 9
0 0
1 1
2 0
3 0
last timestep 3
