node 847 iteration 0
0 0
1 2
2 13
3 14
4 23
5 33
6 61
7 73
8 89
9 106
10 117
11 109
12 64
13 35
14 26
15 18
16 6
17 4
18 2
19 0
20 0
last timestep 20
node 847 iteration 1
0 0
1 1
2 1
3 2
4 5
5 2
6 5
7 8
8 5
9 12
10 20
11 32
12 44
13 79
14 70
15 108
16 117
17 108
18 78
19 65
20 38
21 22
22 31
23 24
24 12
25 12
26 5
27 7
28 4
29 1
30 0
31 0
last timestep 31
node 847 iteration 2
0 0
1 3
2 1
3 2
4 2
5 5
6 7
7 9
8 10
9 9
10 11
11 18
12 30
13 31
14 42
15 33
16 43
17 66
18 72
19 64
20 57
21 53
22 66
23 44
24 40
25 26
26 24
27 15
28 12
29 10
30 5
31 1
32 2
33 2
34 0
35 0
last timestep 35
node 847 iteration 3
0 0
1 0
2 2
3 1
4 0
last timestep 4
node 847 iteration 4
0 0
1 0
2 0
last timestep 2
node 847 iteration 5
0 0
1 2
2 7
3 7
4 8
5 21
6 27
7 29
8 52
9 71
10 77
11 89
12 79
13 77
14 79
15 62
16 43
17 34
18 20
19 18
20 16
21 10
22 8
23 4
24 4
25 2
26 1
27 0
28 0
last timestep 28
node 847 iteration 6
0 0
1 1
2 0
3 0
last timestep 3
node 847 iteration 7
0 0
1 3
2 1
3 2
4 8
5 15
6 16
7 36
8 50
9 79
10 92
11 95
12 83
13 77
14 75
15 44
16 30
17 26
18 26
19 12
20 15
21 7
22 3
23 0
24 0
last timestep 24
node 847 iteration 8
0 0
1 3
2 4
3 11
4 16
5 31
6 32
7 60
8 70
9 66
10 81
11 75
12 86
13 73
14 68
15 37
16 22
17 19
18 7
19 6
20 3
21 2
22 5
23 1
24 5
25 1
26 1
27 0
28 0
last timestep 28
node 847 iteration 9
0 0
1 1
2 1
3 1
4 1
5 1
6 0
7 0
last timestep 7
