node 612 iteration 0
0 0
1 2
2 1
3 1
4 2
5 0
6 0
last timestep 6
node 612 iteration 1
0 0
1 1
2 0
3 0
last timestep 3
node 612 iteration 2
0 0
1 3
2 9
3 9
4 6
5 8
6 9
7 10
8 18
9 18
10 21
11 28
12 29
13 39
14 33
15 62
16 64
17 60
18 42
19 38
20 35
21 41
22 21
23 20
24 17
25 21
26 9
27 12
28 7
29 4
30 2
31 5
32 2
33 4
34 0
35 0
last timestep 35
node 612 iteration 3
0 0
1 2
2 3
3 4
4 11
5 18
6 34
7 59
8 68
9 66
10 86
11 92
12 73
13 61
14 63
15 45
16 34
17 29
18 16
19 17
20 8
21 8
22 8
23 3
24 0
25 0
last timestep 25
node 612 iteration 4
0 0
1 2
2 4
3 9
4 5
5 12
6 19
7 26
8 23
9 25
10 46
11 51
12 59
13 89
14 81
15 62
16 80
17 56
18 50
19 34
20 19
21 10
22 6
23 1
24 0
25 0
last timestep 25
node 612 iteration 5
0 0
1 2
2 2
3 3
4 6
5 2
6 2
7 1
8 2
9 0
10 0
last timestep 10
node 612 iteration 6
0 0
1 2
2 5
3 5
4 6
5 3
6 1
7 0
8 0
last timestep 8
node 612 iteration 7
0 0
1 1
2 1
3 3
4 4
5 6
6 8
7 17
8 26
9 66
10 94
11 101
12 162
13 144
14 102
15 62
16 46
17 38
18 38
19 18
20 14
21 4
22 2
23 2
24 2
25 0
26 1
27 0
last timestep 27
node 612 iteration 8
0 0
1 0
2 0
last timestep 2
node 612 iteration 9
0 0
1 2
2 4
3 4
4 6
5 5
6 10
7 10
8 14
9 27
10 42
11 64
12 78
13 100
14 104
15 79
16 84
17 77
18 59
19 38
20 29
21 9
22 17
23 11
24 3
25 2
26 1
27 1
28 0
29 0
last timestep 29
