node 1491 iteration 0
0 0
1 3
2 0
3 0
last timestep 3
node 1491 iteration 1
0 0
1 1
2 5
3 3
4 1
5 6
6 4
7 4
8 13
9 19
10 26
11 49
12 69
13 90
14 129
15 128
16 97
17 64
18 68
19 35
20 18
21 8
22 8
23 3
24 0
25 0
last timestep 25
node 1491 iteration 2
0 0
1 5
2 6
3 4
4 13
5 23
6 30
7 55
8 61
9 91
10 94
11 80
12 71
13 54
14 42
15 31
16 22
17 8
18 15
19 5
20 3
21 4
22 11
23 6
24 4
25 2
26 0
27 0
last timestep 27
node 1491 iteration 3
0 0
1 2
2 7
3 13
4 17
5 21
6 17
7 21
8 26
9 32
10 38
11 66
12 62
13 65
14 61
15 54
16 45
17 55
18 37
19 23
20 13
21 5
22 3
23 2
24 2
25 1
26 1
27 2
28 1
29 1
30 1
31 4
32 5
33 3
34 3
35 0
36 0
last timestep 36
node 1491 iteration 4
0 0
1 3
2 8
3 9
4 22
5 36
6 41
7 57
8 78
9 84
10 83
11 72
12 51
13 59
14 48
15 45
16 30
17 16
18 18
19 15
20 5
21 3
22 1
23 1
24 2
25 2
26 0
27 0
last timestep 27
node 1491 iteration 5
0 0
1 5
2 8
3 13
4 20
5 29
6 55
7 67
8 104
9 100
10 85
11 67
12 41
13 20
14 19
15 15
16 14
17 22
18 15
19 5
20 6
21 7
22 2
23 0
24 0
last timestep 24
node 1491 iteration 6
0 0
1 3
2 0
3 0
last timestep 3
node 1491 iteration 7
0 0
1 4
2 8
3 16
4 26
5 22
6 46
7 68
8 83
9 75
10 99
11 81
12 92
13 75
14 60
15 41
16 28
17 15
18 17
19 14
20 7
21 6
22 1
23 0
24 0
last timestep 24
node 1491 iteration 8
0 0
1 4
2 2
3 2
4 0
5 0
last timestep 5
node 1491 iteration 9
0 0
1 3
2 4
3 4
4 11
5 12
6 27
7 33
8 39
9 63
10 57
11 72
12 61
13 68
14 59
15 42
16 32
17 35
18 22
19 19
20 13
21 17
22 12
23 10
24 8
25 6
26 7
27 4
28 5
29 3
30 5
31 1
32 4
33 0
34 0
last timestep 34
