node 747 iteration 0
0 0
1 8
2 4
3 7
4 6
5 19
6 34
7 34
8 46
9 66
10 69
11 73
12 75
13 74
14 73
15 50
16 46
17 37
18 30
19 18
20 7
21 6
22 6
23 0
24 1
25 1
26 0
last timestep 26
node 747 iteration 1
0 0
1 7
2 3
3 3
4 1
5 2
6 2
7 4
8 6
9 3
10 3
11 1
12 3
13 4
14 3
15 11
16 9
17 14
18 22
19 16
20 17
21 33
22 32
23 47
24 40
25 49
26 67
27 77
28 64
29 54
30 51
31 32
32 29
33 21
34 21
35 12
36 6
37 4
38 5
39 2
40 2
41 2
42 2
43 2
44 1
45 0
46 0
last timestep 46
node 747 iteration 2
0 0
1 8
2 17
3 18
4 15
5 26
6 35
7 60
8 78
9 86
10 94
11 92
12 78
13 63
14 45
15 24
16 17
17 13
18 7
19 6
20 1
21 3
22 2
23 0
24 0
last timestep 24
node 747 iteration 3
0 0
1 10
2 8
3 11
4 22
5 30
6 54
7 89
8 114
9 134
10 123
11 97
12 68
13 44
14 33
15 30
16 8
17 3
18 3
19 7
20 3
21 1
22 0
23 0
last timestep 23
node 747 iteration 4
0 0
1 1
2 0
3 0
last timestep 3
node 747 iteration 5
0 0
1 3
2 1
3 0
4 0
last timestep 4
node 747 iteration 6
0 0
1 5
2 3
3 3
4 6
5 8
6 16
7 32
8 28
9 33
10 45
11 57
12 65
13 88
14 115
15 111
16 91
17 53
18 32
19 27
20 15
21 10
22 2
23 1
24 3
25 3
26 0
27 0
last timestep 27
node 747 iteration 7
0 0
1 5
2 4
3 13
4 21
5 12
6 14
7 17
8 21
9 35
10 35
11 41
12 50
13 64
14 77
15 77
16 88
17 61
18 51
19 34
20 33
21 24
22 22
23 7
24 8
25 5
26 3
27 0
28 0
last timestep 28
node 747 iteration 8
0 0
1 5
2 6
3 14
4 22
5 37
6 66
7 63
8 53
9 71
10 78
11 75
12 71
13 73
14 53
15 40
16 29
17 15
18 8
19 4
20 0
21 0
last timestep 21
node 747 iteration 9
0 0
1 8
2 16
3 26
4 35
5 67
6 70
7 102
8 117
9 110
10 89
11 81
12 53
13 30
14 18
15 15
16 8
17 11
18 7
19 4
20 2
21 1
22 0
23 0
last timestep 23
