node 181 iteration 0
0 0
1 1
2 1
3 2
4 4
5 3
6 7
7 8
8 15
9 25
10 33
11 56
12 78
13 85
14 107
15 108
16 87
17 63
18 33
19 21
20 13
21 6
22 5
23 4
24 0
25 0
last timestep 25
node 181 iteration 1
0 0
1 3
2 6
3 8
4 7
5 8
6 8
7 25
8 20
9 19
10 16
11 31
12 39
13 28
14 57
15 47
16 52
17 61
18 57
19 63
20 52
21 51
22 37
23 23
24 23
25 17
26 11
27 7
28 4
29 3
30 3
31 7
32 2
33 4
34 3
35 0
36 0
last timestep 36
node 181 iteration 2
0 0
1 2
2 9
3 5
4 9
5 7
6 5
7 8
8 16
9 20
10 24
11 49
12 73
13 76
14 85
15 69
16 73
17 53
18 47
19 34
20 21
21 12
22 12
23 7
24 3
25 1
26 1
27 0
28 0
last timestep 28
node 181 iteration 3
0 0
1 2
2 7
3 4
4 5
5 2
6 0
7 0
last timestep 7
node 181 iteration 4
0 0
1 4
2 8
3 9
4 18
5 29
6 58
7 70
8 93
9 96
10 112
11 88
12 68
13 42
14 42
15 17
16 11
17 9
18 12
19 10
20 3
21 6
22 0
23 0
last timestep 23
node 181 iteration 5
0 0
1 3
2 6
3 10
4 9
5 9
6 10
7 17
8 29
9 29
10 41
11 51
12 72
13 88
14 93
15 90
16 74
17 74
18 33
19 25
20 12
21 7
22 8
23 1
24 0
25 2
26 0
last timestep 26
node 181 iteration 6
0 0
1 1
2 0
3 0
last timestep 3
node 181 iteration 7
0 0
1 1
2 3
3 2
4 5
5 2
6 6
7 6
8 14
9 21
10 27
11 51
12 46
13 58
14 78
15 92
16 89
17 88
18 70
19 71
20 41
21 43
22 23
23 18
24 15
25 10
26 5
27 4
28 1
29 1
30 0
31 0
last timestep 31
node 181 iteration 8
0 0
1 3
2 1
3 3
4 3
5 6
6 9
7 11
8 20
9 24
10 42
11 63
12 71
13 60
14 71
15 91
16 95
17 79
18 53
19 41
20 21
21 23
22 15
23 7
24 4
25 0
26 1
27 0
last timestep 27
node 181 iteration 9
0 0
1 2
2 8
3 5
4 15
5 26
6 27
7 37
8 83
9 86
10 92
11 97
12 87
13 69
14 65
15 39
16 38
17 21
18 19
19 16
20 11
21 11
22 12
23 4
24 7
25 4
26 4
27 1
28 0
29 0
last timestep 29
