node 1041 iteration 0
0 0
1 2
2 3
3 9
4 15
5 21
6 30
7 46
8 63
9 94
10 82
11 93
12 81
13 64
14 56
15 35
16 14
17 8
18 6
19 6
20 4
21 5
22 6
23 3
24 2
25 1
26 0
27 0
last timestep 27
node 1041 iteration 1
0 0
1 0
2 0
last timestep 2
node 1041 iteration 2
0 0
1 3
2 3
3 2
4 1
5 2
6 9
7 22
8 28
9 40
10 40
11 70
12 104
13 111
14 97
15 86
16 59
17 44
18 25
19 12
20 7
21 3
22 0
23 0
last timestep 23
node 1041 iteration 3
0 0
1 4
2 11
3 17
4 14
5 19
6 30
7 32
8 62
9 46
10 55
11 66
12 75
13 59
14 60
15 37
16 36
17 35
18 29
19 25
20 23
21 17
22 18
23 12
24 5
25 2
26 2
27 4
28 1
29 0
30 0
last timestep 30
node 1041 iteration 4
0 0
1 2
2 2
3 0
4 0
last timestep 4
node 1041 iteration 5
0 0
1 1
2 3
3 10
4 10
5 10
6 8
7 14
8 37
9 50
10 68
11 80
12 103
13 99
14 105
15 80
16 57
17 26
18 19
19 19
20 12
21 6
22 2
23 0
24 3
25 1
26 0
last timestep 26
node 1041 iteration 6
0 0
1 1
2 0
3 0
last timestep 3
node 1041 iteration 7
0 0
1 1
2 0
3 0
last timestep 3
node 1041 iteration 8
0 0
1 5
2 5
3 7
4 12
5 25
6 28
7 56
8 56
9 75
10 85
11 64
12 53
13 46
14 40
15 30
16 17
17 11
18 6
19 3
20 2
21 0
22 0
last timestep 22
node 1041 iteration 9
0 0
1 2
2 6
3 3
4 6
5 19
6 34
7 66
8 63
9 52
10 79
11 107
12 86
13 83
14 63
15 53
16 32
17 23
18 23
19 24
20 16
21 6
22 1
23 3
24 3
25 0
26 0
last timestep 26
