node 1237 iteration 0
0 0
1 5
2 7
3 16
4 29
5 26
6 40
7 37
8 55
9 54
10 66
11 81
12 85
13 78
14 44
15 35
16 35
17 28
18 15
19 9
20 10
21 7
22 6
23 3
24 2
25 1
26 0
27 0
last timestep 27
node 1237 iteration 1
0 0
1 3
2 5
3 8
4 5
5 11
6 12
7 21
8 39
9 62
10 69
11 90
12 100
13 92
14 88
15 61
16 44
17 27
18 25
19 17
20 6
21 8
22 8
23 3
24 4
25 0
26 0
last timestep 26
node 1237 iteration 2
0 0
1 1
2 2
3 4
4 9
5 7
6 13
7 15
8 33
9 56
10 46
11 61
12 71
13 73
14 87
15 81
16 94
17 72
18 57
19 58
20 32
21 24
22 13
23 4
24 2
25 2
26 3
27 5
28 2
29 0
30 0
last timestep 30
node 1237 iteration 3
0 0
1 2
2 2
3 4
4 1
5 4
6 7
7 11
8 13
9 28
10 34
11 44
12 60
13 55
14 55
15 45
16 36
17 32
18 24
19 24
20 19
21 19
22 19
23 26
24 30
25 31
26 30
27 17
28 22
29 13
30 10
31 1
32 3
33 2
34 1
35 4
36 3
37 1
38 4
39 1
40 1
41 0
42 0
last timestep 42
node 1237 iteration 4
0 0
1 7
2 10
3 26
4 40
5 63
6 97
7 127
8 128
9 96
10 80
11 57
12 56
13 26
14 18
15 6
16 5
17 3
18 2
19 1
20 1
21 0
22 0
last timestep 22
node 1237 iteration 5
0 0
1 3
2 8
3 9
4 13
5 19
6 32
7 51
8 68
9 72
10 86
11 88
12 79
13 76
14 62
15 47
16 32
17 21
18 16
19 8
20 1
21 2
22 3
23 3
24 2
25 2
26 4
27 1
28 0
29 0
last timestep 29
node 1237 iteration 6
0 0
1 5
2 5
3 9
4 4
5 7
6 9
7 7
8 14
9 16
10 31
11 38
12 46
13 76
14 86
15 91
16 105
17 70
18 45
19 44
20 33
21 28
22 15
23 14
24 10
25 4
26 0
27 0
last timestep 27
node 1237 iteration 7
0 0
1 0
2 0
last timestep 2
node 1237 iteration 8
0 0
1 1
2 4
3 6
4 12
5 18
6 25
7 46
8 58
9 92
10 69
11 85
12 67
13 57
14 54
15 58
16 32
17 34
18 20
19 18
20 15
21 7
22 5
23 3
24 0
25 1
26 0
last timestep 26
node 1237 iteration 9
0 0
1 0
2 0
last timestep 2
