node 1033 iteration 0
0 0
1 0
2 0
last timestep 2
node 1033 iteration 1
0 0
1 1
2 1
3 4
4 3
5 11
6 8
7 18
8 26
9 46
10 61
11 82
12 99
13 112
14 106
15 99
16 94
17 75
18 41
19 33
20 26
21 13
22 9
23 3
24 2
25 0
26 0
last timestep 26
node 1033 iteration 2
0 0
1 2
2 2
3 4
4 7
5 8
6 15
7 32
8 35
9 44
10 43
11 48
12 58
13 63
14 42
15 37
16 35
17 43
18 24
19 26
20 24
21 24
22 23
23 13
24 7
25 4
26 0
27 0
last timestep 27
node 1033 iteration 3
0 0
1 0
2 0
last timestep 2
node 1033 iteration 4
0 0
1 3
2 6
3 8
4 11
5 18
6 25
7 49
8 63
9 87
10 93
11 103
12 99
13 97
14 75
15 43
16 19
17 19
18 11
19 14
20 7
21 6
22 3
23 2
24 0
25 0
last timestep 25
node 1033 iteration 5
0 0
1 1
2 0
3 0
last timestep 3
node 1033 iteration 6
0 0
1 1
2 1
3 2
4 3
5 2
6 4
7 9
8 4
9 3
10 2
11 4
12 10
13 9
14 8
15 16
16 28
17 48
18 57
19 81
20 85
21 88
22 79
23 84
24 55
25 63
26 51
27 40
28 22
29 8
30 6
31 3
32 0
33 0
last timestep 33
node 1033 iteration 7
0 0
1 0
2 0
last timestep 2
node 1033 iteration 8
0 0
1 2
2 3
3 2
4 6
5 11
6 32
7 59
8 63
9 56
10 94
11 84
12 66
13 58
14 56
15 45
16 39
17 29
18 21
19 11
20 7
21 4
22 1
23 0
24 0
last timestep 24
node 1033 iteration 9
0 0
1 2
2 2
3 3
4 1
5 1
6 0
7 0
last timestep 7
