node 773 iteration 0
0 0
1 4
2 11
3 13
4 18
5 33
6 69
7 93
8 95
9 87
10 62
11 41
12 31
13 23
14 26
15 14
16 12
17 3
18 3
19 0
20 0
last timestep 20
node 773 iteration 1
0 0
1 2
2 1
3 1
4 0
5 0
last timestep 5
node 773 iteration 2
0 0
1 4
2 8
3 5
4 12
5 22
6 26
7 41
8 59
9 66
10 78
11 82
12 80
13 76
14 68
15 64
16 33
17 16
18 11
19 10
20 2
21 4
22 8
23 8
24 6
25 4
26 1
27 0
28 0
last timestep 28
node 773 iteration 3
0 0
1 5
2 4
3 6
4 8
5 12
6 23
7 45
8 52
9 69
10 97
11 86
12 68
13 55
14 45
15 53
16 41
17 32
18 17
19 6
20 11
21 8
22 6
23 2
24 0
25 0
last timestep 25
node 773 iteration 4
0 0
1 3
2 10
3 9
4 18
5 36
6 34
7 50
8 56
9 57
10 66
11 65
12 67
13 63
14 45
15 37
16 28
17 17
18 9
19 3
20 4
21 0
22 0
last timestep 22
node 773 iteration 5
0 0
1 1
2 1
3 3
4 4
5 3
6 9
7 9
8 10
9 10
10 15
11 12
12 15
13 16
14 19
15 37
16 47
17 62
18 68
19 74
20 80
21 63
22 54
23 29
24 25
25 20
26 23
27 15
28 14
29 10
30 3
31 2
32 0
33 0
last timestep 33
node 773 iteration 6
0 0
1 4
2 4
3 5
4 9
5 11
6 18
7 10
8 16
9 21
10 21
11 21
12 22
13 26
14 39
15 48
16 61
17 59
18 46
19 68
20 52
21 30
22 34
23 25
24 27
25 11
26 4
27 3
28 0
29 0
last timestep 29
node 773 iteration 7
0 0
1 3
2 2
3 0
4 0
last timestep 4
node 773 iteration 8
0 0
1 4
2 6
3 12
4 31
5 30
6 66
7 90
8 115
9 111
10 83
11 62
12 56
13 26
14 37
15 38
16 36
17 10
18 12
19 7
20 7
21 3
22 4
23 2
24 7
25 1
26 1
27 0
28 0
last timestep 28
node 773 iteration 9
0 0
1 3
2 2
3 3
4 13
5 17
6 33
7 48
8 52
9 66
10 67
11 66
12 83
13 81
14 60
15 70
16 41
17 21
18 11
19 3
20 3
21 1
22 2
23 3
24 0
25 0
last timestep 25
