node 999 iteration 0
0 0
1 2
2 4
3 0
4 1
5 4
6 12
7 19
8 25
9 39
10 53
11 70
12 69
13 90
14 84
15 91
16 65
17 37
18 27
19 23
20 15
21 8
22 0
last timestep 22
node 999 iteration 1
0 0
1 1
2 0
3 0
last timestep 3
node 999 iteration 2
0 0
1 4
2 6
3 7
4 11
5 13
6 9
7 18
8 23
9 17
10 26
11 30
12 28
13 38
14 47
15 54
16 68
17 81
18 69
19 66
20 52
21 50
22 33
23 22
24 16
25 4
26 1
27 0
28 0
last timestep 28
node 999 iteration 3
0 0
1 4
2 3
3 2
4 3
5 6
6 8
7 12
8 9
9 20
10 24
11 32
12 42
13 52
14 65
15 66
16 55
17 45
18 42
19 42
20 31
21 29
22 28
23 13
24 14
25 4
26 3
27 4
28 1
29 0
30 0
last timestep 30
node 999 iteration 4
0 0
1 2
2 2
3 1
4 0
5 0
last timestep 5
node 999 iteration 5
0 0
1 1
2 1
3 2
4 3
5 3
6 10
7 15
8 9
9 11
10 9
11 11
12 21
13 23
14 37
15 48
16 52
17 62
18 65
19 69
20 88
21 75
22 58
23 37
24 37
25 21
26 16
27 11
28 11
29 8
30 6
31 2
32 2
33 3
34 1
35 0
36 1
37 1
38 0
last timestep 38
node 999 iteration 6
0 0
1 3
2 1
3 4
4 8
5 23
6 6
7 16
8 26
9 28
10 43
11 73
12 83
13 97
14 80
15 76
16 48
17 43
18 38
19 34
20 30
21 8
22 10
23 4
24 4
25 2
26 0
27 0
last timestep 27
node 999 iteration 7
0 0
1 2
2 0
3 0
last timestep 3
node 999 iteration 8
0 0
1 1
2 1
3 3
4 1
5 1
6 3
7 10
8 14
9 19
10 31
11 39
12 49
13 59
14 94
15 85
16 85
17 57
18 51
19 30
20 20
21 26
22 20
23 10
24 9
25 4
26 3
27 1
28 0
29 0
last timestep 29
node 999 iteration 9
0 0
1 5
2 6
3 6
4 9
5 13
6 23
7 27
8 49
9 57
10 84
11 93
12 91
13 84
14 89
15 64
16 54
17 33
18 17
19 10
20 4
21 5
22 7
23 8
24 1
25 0
26 0
last timestep 26
