node 1353 iteration 0
0 0
1 2
2 2
3 9
4 11
5 10
6 15
7 14
8 12
9 24
10 25
11 36
12 44
13 62
14 83
15 77
16 78
17 80
18 57
19 48
20 30
21 38
22 19
23 13
24 13
25 9
26 3
27 3
28 2
29 1
30 1
31 0
32 0
last timestep 32
node 1353 iteration 1
0 0
1 1
2 1
3 2
4 0
5 0
last timestep 5
node 1353 iteration 2
0 0
1 0
2 0
last timestep 2
node 1353 iteration 3
0 0
1 3
2 16
3 23
4 22
5 24
6 47
7 56
8 76
9 85
10 93
11 80
12 75
13 66
14 36
15 24
16 15
17 19
18 10
19 13
20 13
21 8
22 3
23 1
24 1
25 2
26 2
27 1
28 0
29 0
last timestep 29
node 1353 iteration 4
0 0
1 2
2 2
3 4
4 5
5 9
6 8
7 12
8 18
9 27
10 18
11 24
12 35
13 53
14 65
15 83
16 74
17 80
18 69
19 59
20 49
21 42
22 39
23 15
24 7
25 4
26 0
27 1
28 0
last timestep 28
node 1353 iteration 5
0 0
1 1
2 0
3 0
last timestep 3
node 1353 iteration 6
0 0
1 4
2 14
3 14
4 28
5 37
6 56
7 50
8 55
9 71
10 64
11 82
12 82
13 60
14 60
15 37
16 25
17 17
18 10
19 7
20 6
21 5
22 2
23 2
24 2
25 1
26 0
27 0
last timestep 27
node 1353 iteration 7
0 0
1 2
2 3
3 8
4 6
5 8
6 12
7 16
8 23
9 25
10 37
11 39
12 56
13 79
14 103
15 105
16 83
17 60
18 47
19 33
20 19
21 12
22 5
23 2
24 0
25 0
last timestep 25
node 1353 iteration 8
0 0
1 1
2 1
3 0
4 0
last timestep 4
node 1353 iteration 9
0 0
1 1
2 2
3 2
4 3
5 3
6 5
7 12
8 26
9 37
10 40
11 57
12 69
13 80
14 92
15 54
16 70
17 48
18 29
19 25
20 12
21 11
22 5
23 8
24 8
25 2
26 1
27 0
28 0
last timestep 28
