node 863 iteration 0
0 0
1 3
2 4
3 7
4 5
5 8
6 4
7 9
8 16
9 19
10 28
11 44
12 90
13 81
14 89
15 62
16 43
17 26
18 18
19 20
20 26
21 9
22 6
23 3
24 3
25 7
26 0
27 0
last timestep 27
node 863 iteration 1
0 0
1 2
2 1
3 0
4 0
last timestep 4
node 863 iteration 2
0 0
1 3
2 0
3 0
last timestep 3
node 863 iteration 3
0 0
1 1
2 2
3 1
4 1
5 3
6 2
7 5
8 4
9 2
10 3
11 7
12 20
13 24
14 32
15 41
16 44
17 55
18 58
19 88
20 90
21 88
22 79
23 71
24 52
25 42
26 19
27 8
28 3
29 4
30 2
31 2
32 1
33 0
34 0
last timestep 34
node 863 iteration 4
0 0
1 2
2 0
3 0
last timestep 3
node 863 iteration 5
0 0
1 1
2 3
3 8
4 7
5 15
6 30
7 46
8 64
9 122
10 107
11 100
12 87
13 59
14 52
15 25
16 24
17 21
18 23
19 7
20 5
21 0
22 0
last timestep 22
node 863 iteration 6
0 0
1 4
2 1
3 1
4 1
5 3
6 4
7 9
8 16
9 26
10 29
11 41
12 50
13 74
14 73
15 71
16 80
17 63
18 53
19 39
20 27
21 23
22 7
23 5
24 2
25 3
26 1
27 0
28 0
last timestep 28
node 863 iteration 7
0 0
1 4
2 2
3 1
4 2
5 1
6 3
7 6
8 8
9 10
10 12
11 19
12 24
13 31
14 66
15 74
16 78
17 73
18 58
19 34
20 42
21 46
22 29
23 21
24 16
25 8
26 5
27 2
28 1
29 0
30 0
last timestep 30
node 863 iteration 8
0 0
1 3
2 2
3 1
4 0
5 0
last timestep 5
node 863 iteration 9
0 0
1 0
2 1
3 3
4 6
5 13
6 12
7 16
8 25
9 21
10 28
11 41
12 42
13 64
14 78
15 88
16 74
17 80
18 56
19 53
20 21
21 31
22 16
23 10
24 14
25 12
26 4
27 0
last timestep 27
