node 702 iteration 0
0 0
1 2
2 1
3 9
4 15
5 21
6 27
7 49
8 68
9 98
10 84
11 92
12 82
13 60
14 64
15 31
16 34
17 20
18 18
19 18
20 6
21 8
22 1
23 0
24 0
last timestep 24
node 702 iteration 1
0 0
1 2
2 4
3 6
4 14
5 23
6 24
7 26
8 41
9 51
10 67
11 73
12 73
13 90
14 85
15 76
16 40
17 26
18 19
19 13
20 11
21 2
22 4
23 3
24 1
25 0
26 0
last timestep 26
node 702 iteration 2
0 0
1 1
2 7
3 6
4 10
5 21
6 33
7 57
8 49
9 78
10 105
11 94
12 89
13 83
14 71
15 40
16 25
17 12
18 19
19 15
20 15
21 6
22 5
23 1
24 2
25 1
26 0
27 0
last timestep 27
node 702 iteration 3
0 0
1 1
2 5
3 5
4 4
5 9
6 18
7 29
8 34
9 49
10 58
11 77
12 90
13 115
14 107
15 72
16 54
17 37
18 33
19 21
20 17
21 10
22 7
23 2
24 3
25 2
26 1
27 0
28 0
last timestep 28
node 702 iteration 4
0 0
1 2
2 0
3 0
last timestep 3
node 702 iteration 5
0 0
1 1
2 1
3 4
4 7
5 11
6 23
7 42
8 53
9 68
10 55
11 71
12 71
13 53
14 44
15 44
16 59
17 40
18 27
19 11
20 8
21 8
22 3
23 1
24 1
25 0
26 0
last timestep 26
node 702 iteration 6
0 0
1 4
2 3
3 9
4 9
5 4
6 13
7 27
8 54
9 63
10 68
11 73
12 80
13 65
14 61
15 66
16 47
17 57
18 45
19 30
20 22
21 19
22 17
23 14
24 9
25 5
26 0
27 0
last timestep 27
node 702 iteration 7
0 0
1 0
2 1
3 1
4 0
last timestep 4
node 702 iteration 8
0 0
1 3
2 8
3 19
4 37
5 52
6 70
7 107
8 131
9 124
10 104
11 82
12 62
13 39
14 21
15 15
16 7
17 3
18 2
19 2
20 0
21 0
last timestep 21
node 702 iteration 9
0 0
1 0
2 0
last timestep 2
