node 642 iteration 0
0 0
1 3
2 5
3 8
4 16
5 21
6 43
7 45
8 63
9 68
10 94
11 99
12 99
13 72
14 50
15 30
16 23
17 14
18 15
19 9
20 11
21 5
22 4
23 2
24 1
25 1
26 0
27 0
last timestep 27
node 642 iteration 1
0 0
1 1
2 0
3 1
4 5
5 5
6 10
7 26
8 23
9 42
10 40
11 40
12 45
13 54
14 60
15 62
16 56
17 56
18 48
19 40
20 26
21 16
22 12
23 9
24 10
25 9
26 7
27 3
28 0
last timestep 28
node 642 iteration 2
0 0
1 1
2 3
3 2
4 4
5 2
6 2
7 4
8 1
9 0
10 1
11 1
12 3
13 2
14 7
15 6
16 2
17 1
18 3
19 4
20 2
21 0
last timestep 21
node 642 iteration 3
0 0
1 1
2 2
3 3
4 7
5 8
6 12
7 27
8 39
9 63
10 100
11 110
12 117
13 135
14 89
15 80
16 50
17 30
18 12
19 14
20 4
21 4
22 5
23 2
24 0
25 0
last timestep 25
node 642 iteration 4
0 0
1 1
2 6
3 12
4 32
5 47
6 72
7 87
8 72
9 77
10 63
11 51
12 38
13 31
14 17
15 22
16 21
17 18
18 14
19 11
20 5
21 6
22 4
23 2
24 2
25 0
26 0
last timestep 26
node 642 iteration 5
0 0
1 1
2 0
3 0
last timestep 3
node 642 iteration 6
0 0
1 0
2 0
last timestep 2
node 642 iteration 7
0 0
1 1
2 2
3 4
4 14
5 13
6 10
7 16
8 30
9 20
10 32
11 42
12 51
13 60
14 73
15 81
16 73
17 66
18 42
19 41
20 36
21 25
22 16
23 11
24 6
25 1
26 0
27 0
last timestep 27
node 642 iteration 8
0 0
1 1
2 4
3 7
4 12
5 17
6 27
7 46
8 73
9 63
10 71
11 93
12 108
13 83
14 77
15 51
16 30
17 21
18 7
19 13
20 3
21 4
22 3
23 1
24 1
25 0
26 0
last timestep 26
node 642 iteration 9
0 0
1 2
2 0
3 0
last timestep 3
