node 2022 iteration 0
0 0
1 1
2 2
3 5
4 11
5 15
6 20
7 26
8 39
9 45
10 50
11 72
12 89
13 125
14 98
15 83
16 64
17 55
18 21
19 13
20 11
21 4
22 1
23 1
24 1
25 0
26 0
last timestep 26
node 2022 iteration 1
0 0
1 2
2 1
3 0
4 0
last timestep 4
node 2022 iteration 2
0 0
1 0
2 1
3 0
last timestep 3
node 2022 iteration 3
0 0
1 1
2 4
3 8
4 14
5 17
6 32
7 38
8 41
9 55
10 70
11 76
12 81
13 80
14 67
15 40
16 30
17 33
18 23
19 13
20 13
21 6
22 4
23 3
24 1
25 1
26 1
27 0
28 0
last timestep 28
node 2022 iteration 4
0 0
1 5
2 12
3 20
4 36
5 53
6 87
7 73
8 98
9 89
10 83
11 60
12 43
13 43
14 29
15 18
16 6
17 6
18 8
19 5
20 1
21 8
22 2
23 0
24 0
last timestep 24
node 2022 iteration 5
0 0
1 2
2 3
3 4
4 9
5 20
6 34
7 27
8 27
9 48
10 74
11 65
12 85
13 92
14 81
15 75
16 47
17 40
18 35
19 27
20 18
21 20
22 13
23 9
24 9
25 5
26 1
27 0
28 0
last timestep 28
node 2022 iteration 6
0 0
1 0
2 0
last timestep 2
node 2022 iteration 7
0 0
1 2
2 2
3 5
4 9
5 21
6 44
7 41
8 43
9 68
10 70
11 95
12 100
13 92
14 73
15 45
16 31
17 21
18 15
19 7
20 7
21 2
22 1
23 0
24 0
last timestep 24
node 2022 iteration 8
0 0
1 1
2 0
3 0
last timestep 3
node 2022 iteration 9
0 0
1 2
2 0
3 0
last timestep 3
