node 1577 iteration 0
0 0
1 4
2 8
3 10
4 22
5 29
6 32
7 46
8 57
9 73
10 67
11 83
12 72
13 54
14 49
15 43
16 42
17 19
18 11
19 5
20 4
21 7
22 1
23 3
24 1
25 3
26 1
27 3
28 0
29 0
last timestep 29
node 1577 iteration 1
0 0
1 3
2 2
3 3
4 9
5 6
6 9
7 18
8 29
9 34
10 30
11 43
12 60
13 75
14 64
15 81
16 87
17 79
18 71
19 51
20 42
21 29
22 14
23 1
24 6
25 2
26 1
27 0
28 0
last timestep 28
node 1577 iteration 2
0 0
1 3
2 2
3 4
4 9
5 17
6 22
7 27
8 41
9 36
10 49
11 39
12 48
13 44
14 75
15 62
16 60
17 51
18 32
19 15
20 11
21 7
22 4
23 2
24 5
25 3
26 0
27 0
last timestep 27
node 1577 iteration 3
0 0
1 3
2 2
3 0
4 0
last timestep 4
node 1577 iteration 4
0 0
1 2
2 2
3 2
4 0
5 0
last timestep 5
node 1577 iteration 5
0 0
1 0
2 0
last timestep 2
node 1577 iteration 6
0 0
1 4
2 6
3 6
4 5
5 10
6 14
7 27
8 30
9 37
10 47
11 44
12 43
13 52
14 51
15 53
16 65
17 56
18 50
19 49
20 53
21 28
22 20
23 8
24 3
25 2
26 3
27 1
28 0
29 0
last timestep 29
node 1577 iteration 7
0 0
1 4
2 6
3 11
4 17
5 23
6 33
7 40
8 49
9 97
10 91
11 84
12 67
13 49
14 33
15 29
16 23
17 19
18 24
19 9
20 9
21 3
22 4
23 4
24 3
25 1
26 0
27 0
last timestep 27
node 1577 iteration 8
0 0
1 3
2 7
3 7
4 16
5 21
6 20
7 28
8 37
9 47
10 53
11 51
12 55
13 62
14 80
15 75
16 49
17 51
18 27
19 21
20 16
21 9
22 9
23 5
24 7
25 6
26 1
27 0
28 0
last timestep 28
node 1577 iteration 9
0 0
1 4
2 4
3 5
4 3
5 3
6 4
7 4
8 14
9 16
10 25
11 35
12 43
13 48
14 71
15 88
16 84
17 87
18 64
19 44
20 36
21 28
22 22
23 13
24 4
25 2
26 0
27 1
28 1
29 2
30 0
last timestep 30
