node 701 iteration 0
0 0
1 3
2 1
3 4
4 5
5 2
6 3
7 3
8 1
9 1
10 0
11 0
last timestep 11
node 701 iteration 1
0 0
1 2
2 8
3 22
4 23
5 39
6 70
7 108
8 123
9 121
10 91
11 80
12 66
13 41
14 26
15 12
16 8
17 9
18 12
19 9
20 5
21 2
22 5
23 4
24 2
25 2
26 0
27 0
last timestep 27
node 701 iteration 2
0 0
1 0
2 0
last timestep 2
node 701 iteration 3
0 0
1 2
2 2
3 5
4 5
5 6
6 9
7 23
8 28
9 34
10 33
11 57
12 76
13 100
14 90
15 83
16 65
17 33
18 22
19 19
20 19
21 9
22 13
23 5
24 6
25 4
26 1
27 0
28 0
last timestep 28
node 701 iteration 4
0 0
1 1
2 1
3 1
4 0
5 0
last timestep 5
node 701 iteration 5
0 0
1 2
2 2
3 8
4 15
5 10
6 23
7 26
8 56
9 69
10 119
11 109
12 103
13 88
14 70
15 39
16 33
17 23
18 14
19 8
20 10
21 5
22 8
23 3
24 2
25 1
26 1
27 2
28 0
29 0
last timestep 29
node 701 iteration 6
0 0
1 2
2 9
3 11
4 36
5 38
6 46
7 56
8 64
9 81
10 89
11 79
12 80
13 62
14 46
15 20
16 15
17 11
18 6
19 9
20 6
21 8
22 8
23 5
24 0
25 0
last timestep 25
node 701 iteration 7
0 0
1 2
2 0
3 0
last timestep 3
node 701 iteration 8
0 0
1 4
2 10
3 16
4 26
5 36
6 62
7 63
8 100
9 82
10 85
11 92
12 78
13 59
14 55
15 39
16 26
17 9
18 4
19 2
20 5
21 3
22 2
23 2
24 2
25 0
26 0
last timestep 26
node 701 iteration 9
0 0
1 1
2 2
3 2
4 4
5 3
6 3
7 6
8 10
9 14
10 20
11 37
12 44
13 55
14 61
15 91
16 92
17 82
18 70
19 45
20 27
21 18
22 10
23 5
24 4
25 4
26 3
27 0
28 0
last timestep 28
