node 1511 iteration 0
0 0
1 4
2 5
3 12
4 16
5 23
6 30
7 42
8 46
9 48
10 67
11 97
12 104
13 72
14 42
15 30
16 27
17 21
18 12
19 17
20 6
21 8
22 1
23 0
24 0
last timestep 24
node 1511 iteration 1
0 0
1 3
2 6
3 11
4 18
5 40
6 69
7 79
8 101
9 87
10 96
11 86
12 75
13 54
14 41
15 26
16 19
17 13
18 16
19 3
20 0
21 0
last timestep 21
node 1511 iteration 2
0 0
1 4
2 8
3 15
4 13
5 9
6 22
7 34
8 43
9 43
10 64
11 68
12 68
13 61
14 80
15 73
16 53
17 36
18 32
19 24
20 16
21 22
22 9
23 3
24 3
25 5
26 3
27 2
28 2
29 3
30 6
31 6
32 4
33 3
34 1
35 1
36 2
37 1
38 0
39 0
last timestep 39
node 1511 iteration 3
0 0
1 3
2 3
3 6
4 3
5 5
6 3
7 3
8 5
9 5
10 9
11 16
12 18
13 38
14 50
15 62
16 95
17 87
18 73
19 55
20 60
21 43
22 27
23 26
24 40
25 20
26 3
27 2
28 3
29 1
30 0
31 0
last timestep 31
node 1511 iteration 4
0 0
1 4
2 3
3 5
4 5
5 11
6 13
7 21
8 36
9 57
10 95
11 123
12 104
13 113
14 70
15 68
16 61
17 48
18 29
19 24
20 11
21 3
22 2
23 0
24 0
last timestep 24
node 1511 iteration 5
0 0
1 2
2 4
3 2
4 4
5 5
6 4
7 5
8 7
9 6
10 3
11 1
12 2
13 1
14 1
15 4
16 11
17 12
18 11
19 25
20 34
21 40
22 50
23 67
24 70
25 76
26 60
27 53
28 69
29 67
30 44
31 33
32 24
33 10
34 9
35 8
36 4
37 2
38 0
39 0
last timestep 39
node 1511 iteration 6
0 0
1 2
2 2
3 1
4 0
5 0
last timestep 5
node 1511 iteration 7
0 0
1 0
2 0
last timestep 2
node 1511 iteration 8
0 0
1 2
2 0
3 0
last timestep 3
node 1511 iteration 9
0 0
1 3
2 5
3 0
4 0
last timestep 4
