node 723 iteration 0
0 0
1 3
2 4
3 10
4 19
5 28
6 46
7 67
8 65
9 65
10 78
11 84
12 63
13 73
14 51
15 41
16 23
17 8
18 10
19 6
20 3
21 3
22 2
23 0
24 0
last timestep 24
node 723 iteration 1
0 0
1 3
2 3
3 4
4 2
5 1
6 2
7 6
8 9
9 18
10 21
11 40
12 60
13 98
14 106
15 90
16 90
17 85
18 56
19 46
20 27
21 14
22 13
23 11
24 10
25 6
26 5
27 4
28 2
29 0
30 0
last timestep 30
node 723 iteration 2
0 0
1 0
2 0
last timestep 2
node 723 iteration 3
0 0
1 2
2 1
3 1
4 4
5 2
6 3
7 13
8 16
9 19
10 24
11 39
12 41
13 48
14 44
15 66
16 87
17 103
18 90
19 69
20 41
21 26
22 32
23 15
24 10
25 6
26 2
27 1
28 0
29 0
last timestep 29
node 723 iteration 4
0 0
1 3
2 7
3 11
4 19
5 31
6 31
7 59
8 62
9 55
10 64
11 78
12 65
13 69
14 45
15 30
16 18
17 12
18 8
19 5
20 5
21 2
22 0
23 0
last timestep 23
node 723 iteration 5
0 0
1 2
2 0
3 0
last timestep 3
node 723 iteration 6
0 0
1 1
2 6
3 9
4 18
5 46
6 58
7 85
8 97
9 111
10 82
11 73
12 64
13 51
14 26
15 21
16 19
17 12
18 2
19 3
20 2
21 1
22 1
23 2
24 5
25 3
26 1
27 5
28 1
29 1
30 0
31 0
last timestep 31
node 723 iteration 7
0 0
1 0
2 5
3 6
4 13
5 20
6 55
7 47
8 62
9 83
10 98
11 101
12 93
13 66
14 51
15 38
16 30
17 28
18 14
19 5
20 7
21 6
22 6
23 10
24 3
25 2
26 0
last timestep 26
node 723 iteration 8
0 0
1 1
2 0
3 0
last timestep 3
node 723 iteration 9
0 0
1 1
2 0
3 0
last timestep 3
