node 2598 iteration 0
0 0
1 2
2 0
3 0
last timestep 3
node 2598 iteration 1
0 0
1 1
2 5
3 8
4 12
5 23
6 35
7 39
8 54
9 41
10 48
11 73
12 79
13 80
14 88
15 56
16 56
17 45
18 36
19 31
20 19
21 16
22 6
23 0
24 2
25 1
26 0
last timestep 26
node 2598 iteration 2
0 0
1 5
2 10
3 23
4 12
5 13
6 29
7 44
8 64
9 100
10 104
11 100
12 98
13 70
14 49
15 40
16 17
17 14
18 3
19 3
20 3
21 4
22 1
23 0
24 0
last timestep 24
node 2598 iteration 3
0 0
1 0
2 0
last timestep 2
node 2598 iteration 4
0 0
1 1
2 8
3 10
4 17
5 33
6 63
7 49
8 64
9 60
10 68
11 78
12 73
13 52
14 38
15 30
16 12
17 11
18 7
19 8
20 8
21 5
22 7
23 6
24 5
25 5
26 7
27 4
28 4
29 2
30 5
31 4
32 3
33 2
34 2
35 5
36 5
37 3
38 1
39 0
40 0
last timestep 40
node 2598 iteration 5
0 0
1 3
2 4
3 12
4 18
5 21
6 27
7 38
8 52
9 77
10 72
11 84
12 93
13 85
14 83
15 72
16 42
17 36
18 25
19 16
20 7
21 5
22 2
23 1
24 1
25 0
26 0
last timestep 26
node 2598 iteration 6
0 0
1 3
2 1
3 1
4 0
5 0
last timestep 5
node 2598 iteration 7
0 0
1 3
2 6
3 7
4 3
5 2
6 2
7 6
8 6
9 8
10 13
11 18
12 33
13 42
14 57
15 66
16 84
17 84
18 97
19 74
20 56
21 35
22 17
23 10
24 10
25 7
26 7
27 3
28 2
29 1
30 0
31 0
last timestep 31
node 2598 iteration 8
0 0
1 2
2 6
3 15
4 13
5 22
6 39
7 61
8 63
9 80
10 77
11 62
12 74
13 77
14 62
15 52
16 46
17 38
18 15
19 13
20 6
21 3
22 2
23 0
24 0
last timestep 24
node 2598 iteration 9
0 0
1 3
2 0
3 2
4 7
5 9
6 12
7 13
8 28
9 28
10 39
11 51
12 88
13 91
14 76
15 79
16 62
17 42
18 40
19 17
20 15
21 20
22 10
23 6
24 3
25 3
26 0
last timestep 26
