node 817 iteration 0
0 0
1 2
2 9
3 16
4 30
5 58
6 74
7 80
8 82
9 116
10 97
11 105
12 74
13 51
14 24
15 8
16 14
17 6
18 3
19 4
20 1
21 0
22 0
last timestep 22
node 817 iteration 1
0 0
1 0
2 0
last timestep 2
node 817 iteration 2
0 0
1 1
2 4
3 6
4 5
5 11
6 23
7 41
8 72
9 115
10 138
11 124
12 118
13 93
14 76
15 50
16 26
17 18
18 10
19 8
20 7
21 5
22 0
23 0
last timestep 23
node 817 iteration 3
0 0
1 0
2 0
last timestep 2
node 817 iteration 4
0 0
1 5
2 13
3 20
4 34
5 53
6 63
7 83
8 92
9 75
10 69
11 64
12 69
13 50
14 40
15 43
16 28
17 21
18 8
19 8
20 6
21 2
22 4
23 1
24 2
25 1
26 0
27 0
last timestep 27
node 817 iteration 5
0 0
1 2
2 7
3 13
4 21
5 21
6 50
7 45
8 53
9 48
10 50
11 62
12 56
13 52
14 58
15 38
16 32
17 33
18 21
19 28
20 22
21 13
22 12
23 9
24 15
25 3
26 4
27 1
28 0
29 0
last timestep 29
node 817 iteration 6
0 0
1 0
2 0
last timestep 2
node 817 iteration 7
0 0
1 3
2 9
3 12
4 17
5 17
6 36
7 34
8 44
9 50
10 61
11 70
12 61
13 68
14 56
15 56
16 30
17 30
18 13
19 11
20 7
21 11
22 6
23 4
24 1
25 2
26 0
27 0
last timestep 27
node 817 iteration 8
0 0
1 0
2 0
last timestep 2
node 817 iteration 9
0 0
1 2
2 3
3 11
4 29
5 44
6 60
7 92
8 101
9 118
10 132
11 134
12 82
13 42
14 33
15 17
16 6
17 5
18 3
19 0
20 0
last timestep 20
