node 1080 iteration 0
0 0
1 2
2 1
3 11
4 21
5 22
6 34
7 55
8 66
9 83
10 95
11 88
12 65
13 70
14 66
15 31
16 26
17 14
18 7
19 6
20 6
21 2
22 1
23 2
24 0
25 0
last timestep 25
node 1080 iteration 1
0 0
1 2
2 4
3 13
4 12
5 16
6 39
7 41
8 52
9 58
10 91
11 99
12 108
13 95
14 68
15 39
16 20
17 13
18 11
19 4
20 2
21 0
22 1
23 2
24 3
25 2
26 1
27 0
last timestep 27
node 1080 iteration 2
0 0
1 0
2 1
3 6
4 4
5 4
6 4
7 12
8 24
9 37
10 53
11 54
12 72
13 78
14 76
15 78
16 68
17 65
18 52
19 41
20 19
21 7
22 6
23 8
24 5
25 2
26 1
27 0
last timestep 27
node 1080 iteration 3
0 0
1 0
2 0
last timestep 2
node 1080 iteration 4
0 0
1 2
2 1
3 1
4 2
5 5
6 5
7 7
8 17
9 40
10 43
11 60
12 71
13 69
14 78
15 109
16 98
17 71
18 50
19 33
20 27
21 22
22 11
23 8
24 2
25 1
26 0
27 0
last timestep 27
node 1080 iteration 5
0 0
1 1
2 3
3 7
4 9
5 16
6 19
7 28
8 33
9 43
10 52
11 66
12 56
13 52
14 43
15 39
16 39
17 44
18 20
19 18
20 22
21 20
22 8
23 11
24 4
25 3
26 4
27 2
28 3
29 3
30 3
31 8
32 4
33 4
34 6
35 9
36 12
37 11
38 9
39 4
40 4
41 5
42 4
43 2
44 0
45 0
last timestep 45
node 1080 iteration 6
0 0
1 0
2 0
last timestep 2
node 1080 iteration 7
0 0
1 0
2 0
last timestep 2
node 1080 iteration 8
0 0
1 0
2 2
3 5
4 5
5 4
6 11
7 14
8 4
9 9
10 12
11 17
12 32
13 45
14 92
15 82
16 78
17 67
18 42
19 24
20 28
21 23
22 23
23 29
24 20
25 16
26 4
27 6
28 2
29 1
30 0
last timestep 30
node 1080 iteration 9
0 0
1 0
2 0
last timestep 2
