node 668 iteration 0
0 0
1 0
2 2
3 3
4 2
5 4
6 3
7 10
8 4
9 2
10 0
last timestep 10
node 668 iteration 1
0 0
1 1
2 1
3 0
4 0
last timestep 4
node 668 iteration 2
0 0
1 1
2 1
3 0
4 0
last timestep 4
node 668 iteration 3
0 0
1 2
2 2
3 4
4 6
5 12
6 8
7 16
8 19
9 22
10 33
11 42
12 49
13 67
14 86
15 72
16 83
17 70
18 58
19 51
20 41
21 30
22 21
23 10
24 5
25 2
26 1
27 1
28 1
29 0
30 0
last timestep 30
node 668 iteration 4
0 0
1 0
2 1
3 1
4 3
5 3
6 6
7 6
8 5
9 7
10 10
11 10
12 8
13 7
14 18
15 16
16 44
17 58
18 63
19 56
20 60
21 42
22 57
23 63
24 62
25 60
26 54
27 44
28 29
29 22
30 17
31 15
32 10
33 10
34 1
35 2
36 1
37 2
38 0
last timestep 38
node 668 iteration 5
0 0
1 1
2 2
3 1
4 3
5 1
6 2
7 2
8 1
9 0
10 0
last timestep 10
node 668 iteration 6
0 0
1 1
2 2
3 2
4 2
5 3
6 4
7 0
8 0
last timestep 8
node 668 iteration 7
0 0
1 1
2 5
3 11
4 16
5 29
6 49
7 69
8 62
9 94
10 106
11 94
12 65
13 63
14 62
15 44
16 39
17 17
18 8
19 2
20 4
21 3
22 1
23 2
24 0
25 0
last timestep 25
node 668 iteration 8
0 0
1 0
2 0
last timestep 2
node 668 iteration 9
0 0
1 3
2 1
3 1
4 3
5 2
6 8
7 12
8 26
9 42
10 63
11 105
12 162
13 140
14 120
15 75
16 48
17 41
18 25
19 14
20 6
21 3
22 0
23 0
last timestep 23
