node 1659 iteration 0
0 0
1 3
2 2
3 6
4 7
5 17
6 21
7 46
8 62
9 71
10 62
11 55
12 55
13 66
14 55
15 47
16 35
17 29
18 17
19 15
20 22
21 11
22 6
23 2
24 4
25 2
26 1
27 0
28 2
29 0
last timestep 29
node 1659 iteration 1
0 0
1 1
2 0
3 0
last timestep 3
node 1659 iteration 2
0 0
1 4
2 1
3 0
4 0
last timestep 4
node 1659 iteration 3
0 0
1 0
2 0
last timestep 2
node 1659 iteration 4
0 0
1 4
2 5
3 8
4 14
5 25
6 37
7 38
8 53
9 61
10 86
11 78
12 90
13 66
14 82
15 61
16 38
17 27
18 11
19 12
20 8
21 2
22 6
23 2
24 0
25 0
last timestep 25
node 1659 iteration 5
0 0
1 4
2 1
3 5
4 6
5 14
6 18
7 26
8 45
9 70
10 87
11 84
12 93
13 70
14 65
15 66
16 44
17 20
18 16
19 5
20 10
21 6
22 1
23 2
24 0
25 0
last timestep 25
node 1659 iteration 6
0 0
1 0
2 0
last timestep 2
node 1659 iteration 7
0 0
1 3
2 2
3 5
4 4
5 5
6 7
7 7
8 20
9 13
10 20
11 17
12 33
13 39
14 52
15 58
16 78
17 66
18 58
19 67
20 58
21 54
22 29
23 29
24 14
25 11
26 9
27 5
28 3
29 1
30 0
31 0
last timestep 31
node 1659 iteration 8
0 0
1 1
2 0
3 0
last timestep 3
node 1659 iteration 9
0 0
1 1
2 3
3 3
4 4
5 1
6 4
7 4
8 3
9 5
10 12
11 12
12 25
13 33
14 27
15 53
16 82
17 84
18 90
19 80
20 74
21 57
22 41
23 19
24 9
25 5
26 5
27 2
28 0
29 0
last timestep 29
