node 1127 iteration 0
0 0
1 1
2 2
3 0
4 0
last timestep 4
node 1127 iteration 1
0 0
1 0
2 0
last timestep 2
node 1127 iteration 2
0 0
1 1
2 4
3 4
4 13
5 22
6 37
7 50
8 75
9 103
10 125
11 120
12 88
13 64
14 73
15 37
16 23
17 13
18 11
19 3
20 1
21 1
22 0
23 0
last timestep 23
node 1127 iteration 3
0 0
1 5
2 7
3 8
4 17
5 32
6 45
7 37
8 64
9 74
10 72
11 72
12 80
13 57
14 56
15 42
16 31
17 25
18 19
19 19
20 4
21 2
22 0
23 0
last timestep 23
node 1127 iteration 4
0 0
1 2
2 2
3 5
4 8
5 6
6 16
7 7
8 18
9 18
10 27
11 32
12 55
13 54
14 84
15 58
16 70
17 64
18 52
19 38
20 16
21 10
22 8
23 8
24 11
25 9
26 11
27 11
28 12
29 7
30 9
31 5
32 9
33 3
34 2
35 2
36 2
37 4
38 1
39 1
40 2
41 0
42 0
last timestep 42
node 1127 iteration 5
0 0
1 0
2 0
last timestep 2
node 1127 iteration 6
0 0
1 1
2 8
3 6
4 9
5 16
6 25
7 56
8 78
9 61
10 71
11 84
12 74
13 53
14 52
15 27
16 22
17 18
18 15
19 7
20 6
21 5
22 1
23 0
24 0
last timestep 24
node 1127 iteration 7
0 0
1 1
2 0
3 0
last timestep 3
node 1127 iteration 8
0 0
1 4
2 8
3 15
4 33
5 26
6 53
7 49
8 74
9 102
10 67
11 65
12 59
13 41
14 35
15 38
16 25
17 17
18 17
19 17
20 9
21 2
22 2
23 6
24 2
25 2
26 3
27 0
28 0
last timestep 28
node 1127 iteration 9
0 0
1 2
2 1
3 0
4 0
last timestep 4
