node 1133 iteration 0
0 0
1 1
2 0
3 0
last timestep 3
node 1133 iteration 1
0 0
1 2
2 4
3 10
4 24
5 42
6 45
7 56
8 78
9 83
10 87
11 98
12 79
13 79
14 66
15 42
16 19
17 14
18 13
19 8
20 6
21 3
22 3
23 1
24 0
25 0
last timestep 25
node 1133 iteration 2
0 0
1 3
2 1
3 2
4 2
5 2
6 2
7 7
8 4
9 8
10 9
11 17
12 22
13 26
14 27
15 23
16 53
17 76
18 69
19 71
20 72
21 68
22 60
23 56
24 45
25 34
26 39
27 27
28 10
29 2
30 1
31 0
32 0
last timestep 32
node 1133 iteration 3
0 0
1 5
2 7
3 10
4 14
5 32
6 39
7 66
8 79
9 87
10 95
11 74
12 53
13 46
14 29
15 19
16 9
17 16
18 11
19 7
20 5
21 6
22 4
23 0
24 0
last timestep 24
node 1133 iteration 4
0 0
1 0
2 0
last timestep 2
node 1133 iteration 5
0 0
1 2
2 0
3 0
last timestep 3
node 1133 iteration 6
0 0
1 1
2 4
3 4
4 8
5 12
6 14
7 35
8 44
9 59
10 65
11 80
12 101
13 89
14 77
15 51
16 45
17 57
18 33
19 21
20 19
21 20
22 11
23 10
24 5
25 4
26 7
27 4
28 2
29 1
30 2
31 0
32 0
last timestep 32
node 1133 iteration 7
0 0
1 4
2 7
3 5
4 15
5 28
6 13
7 24
8 37
9 43
10 47
11 46
12 45
13 50
14 51
15 52
16 56
17 41
18 24
19 21
20 11
21 9
22 1
23 0
24 0
last timestep 24
node 1133 iteration 8
0 0
1 3
2 6
3 13
4 11
5 6
6 18
7 21
8 43
9 60
10 52
11 65
12 66
13 79
14 61
15 54
16 46
17 27
18 20
19 17
20 10
21 12
22 8
23 3
24 6
25 8
26 4
27 1
28 1
29 0
30 0
last timestep 30
node 1133 iteration 9
0 0
1 6
2 6
3 20
4 29
5 54
6 79
7 107
8 110
9 115
10 105
11 89
12 46
13 34
14 16
15 7
16 6
17 6
18 3
19 1
20 5
21 1
22 0
23 0
last timestep 23
