node 1297 iteration 0
0 0
1 1
2 1
3 1
4 0
5 0
last timestep 5
node 1297 iteration 1
0 0
1 1
2 0
3 0
last timestep 3
node 1297 iteration 2
0 0
1 3
2 5
3 7
4 5
5 16
6 15
7 26
8 27
9 36
10 56
11 72
12 81
13 111
14 105
15 81
16 56
17 57
18 39
19 25
20 12
21 7
22 1
23 0
24 0
last timestep 24
node 1297 iteration 3
0 0
1 1
2 3
3 8
4 14
5 26
6 36
7 49
8 63
9 61
10 65
11 64
12 52
13 65
14 49
15 31
16 26
17 20
18 26
19 26
20 18
21 23
22 14
23 13
24 5
25 5
26 2
27 0
28 0
last timestep 28
node 1297 iteration 4
0 0
1 2
2 2
3 3
4 9
5 7
6 11
7 8
8 15
9 16
10 23
11 37
12 36
13 60
14 59
15 68
16 52
17 59
18 65
19 60
20 44
21 24
22 21
23 32
24 19
25 12
26 7
27 3
28 1
29 0
30 0
last timestep 30
node 1297 iteration 5
0 0
1 0
2 0
last timestep 2
node 1297 iteration 6
0 0
1 2
2 2
3 1
4 4
5 1
6 0
7 0
last timestep 7
node 1297 iteration 7
0 0
1 1
2 1
3 0
4 0
last timestep 4
node 1297 iteration 8
0 0
1 1
2 2
3 2
4 9
5 11
6 14
7 9
8 9
9 19
10 29
11 53
12 66
13 75
14 70
15 55
16 60
17 52
18 32
19 30
20 18
21 12
22 4
23 5
24 4
25 3
26 4
27 3
28 5
29 2
30 4
31 6
32 1
33 0
34 0
last timestep 34
node 1297 iteration 9
0 0
1 1
2 2
3 6
4 13
5 8
6 6
7 14
8 29
9 41
10 82
11 87
12 127
13 108
14 77
15 50
16 55
17 36
18 33
19 26
20 14
21 7
22 4
23 0
24 0
last timestep 24
