node 475 iteration 0
0 0
1 1
2 0
3 0
last timestep 3
node 475 iteration 1
0 0
1 3
2 5
3 2
4 3
5 1
6 3
7 5
8 6
9 6
10 11
11 20
12 27
13 37
14 36
15 60
16 59
17 82
18 84
19 84
20 66
21 51
22 40
23 31
24 19
25 10
26 5
27 4
28 5
29 4
30 1
31 0
32 0
last timestep 32
node 475 iteration 2
0 0
1 1
2 2
3 2
4 5
5 3
6 3
7 12
8 19
9 21
10 33
11 27
12 39
13 43
14 72
15 47
16 57
17 58
18 61
19 72
20 63
21 36
22 26
23 21
24 6
25 7
26 7
27 11
28 8
29 2
30 0
31 0
last timestep 31
node 475 iteration 3
0 0
1 3
2 10
3 9
4 19
5 14
6 20
7 28
8 36
9 68
10 93
11 80
12 89
13 76
14 78
15 74
16 45
17 41
18 15
19 8
20 2
21 1
22 0
23 0
last timestep 23
node 475 iteration 4
0 0
1 2
2 4
3 6
4 15
5 31
6 35
7 53
8 68
9 88
10 109
11 81
12 65
13 61
14 48
15 62
16 47
17 35
18 32
19 27
20 6
21 3
22 1
23 0
24 0
last timestep 24
node 475 iteration 5
0 0
1 1
2 3
3 6
4 7
5 9
6 23
7 26
8 27
9 36
10 51
11 57
12 91
13 96
14 107
15 91
16 68
17 43
18 33
19 26
20 15
21 14
22 15
23 10
24 7
25 7
26 4
27 2
28 0
29 0
last timestep 29
node 475 iteration 6
0 0
1 2
2 1
3 2
4 1
5 1
6 1
7 0
8 1
9 2
10 3
11 2
12 7
13 5
14 22
15 27
16 42
17 64
18 81
19 102
20 119
21 106
22 79
23 65
24 47
25 28
26 21
27 17
28 7
29 7
30 3
31 1
32 3
33 3
34 0
last timestep 34
node 475 iteration 7
0 0
1 2
2 4
3 12
4 17
5 19
6 31
7 45
8 48
9 68
10 87
11 89
12 87
13 81
14 61
15 46
16 35
17 18
18 9
19 5
20 2
21 1
22 0
23 1
24 0
last timestep 24
node 475 iteration 8
0 0
1 1
2 2
3 5
4 0
5 0
last timestep 5
node 475 iteration 9
0 0
1 0
2 0
last timestep 2
