node 588 iteration 0
0 0
1 2
2 1
3 0
4 0
last timestep 4
node 588 iteration 1
0 0
1 1
2 4
3 9
4 9
5 12
6 18
7 39
8 47
9 57
10 73
11 76
12 70
13 64
14 79
15 60
16 40
17 33
18 23
19 27
20 27
21 15
22 11
23 8
24 2
25 0
26 0
last timestep 26
node 588 iteration 2
0 0
1 0
2 0
last timestep 2
node 588 iteration 3
0 0
1 1
2 4
3 6
4 11
5 18
6 26
7 32
8 51
9 78
10 77
11 83
12 60
13 61
14 53
15 41
16 42
17 43
18 23
19 27
20 21
21 14
22 15
23 9
24 4
25 4
26 6
27 2
28 2
29 0
30 0
last timestep 30
node 588 iteration 4
0 0
1 1
2 10
3 13
4 27
5 33
6 34
7 42
8 43
9 58
10 73
11 72
12 67
13 67
14 47
15 42
16 29
17 14
18 15
19 6
20 6
21 1
22 1
23 3
24 1
25 0
26 0
last timestep 26
node 588 iteration 5
0 0
1 1
2 1
3 4
4 5
5 5
6 10
7 8
8 15
9 29
10 48
11 71
12 69
13 104
14 87
15 78
16 71
17 43
18 54
19 32
20 30
21 21
22 13
23 8
24 6
25 7
26 2
27 1
28 0
29 0
last timestep 29
node 588 iteration 6
0 0
1 2
2 5
3 10
4 10
5 18
6 21
7 35
8 36
9 73
10 90
11 128
12 95
13 94
14 79
15 65
16 46
17 39
18 26
19 20
20 15
21 5
22 2
23 1
24 2
25 0
26 1
27 0
last timestep 27
node 588 iteration 7
0 0
1 2
2 5
3 12
4 17
5 23
6 39
7 43
8 52
9 64
10 66
11 76
12 54
13 53
14 38
15 38
16 37
17 45
18 36
19 35
20 29
21 27
22 23
23 12
24 7
25 9
26 4
27 3
28 5
29 2
30 1
31 0
32 0
last timestep 32
node 588 iteration 8
0 0
1 0
2 0
last timestep 2
node 588 iteration 9
0 0
1 2
2 9
3 7
4 16
5 18
6 16
7 17
8 22
9 36
10 55
11 69
12 72
13 72
14 74
15 66
16 61
17 53
18 43
19 27
20 32
21 17
22 9
23 6
24 1
25 1
26 2
27 3
28 1
29 0
30 0
last timestep 30
