node 1191 iteration 0
0 0
1 2
2 4
3 10
4 9
5 12
6 17
7 20
8 21
9 27
10 38
11 40
12 30
13 44
14 79
15 69
16 62
17 69
18 61
19 56
20 29
21 37
22 24
23 18
24 11
25 2
26 2
27 4
28 2
29 2
30 0
31 0
last timestep 31
node 1191 iteration 1
0 0
1 1
2 3
3 6
4 3
5 5
6 2
7 0
8 0
last timestep 8
node 1191 iteration 2
0 0
1 3
2 5
3 12
4 11
5 28
6 22
7 20
8 41
9 43
10 48
11 61
12 70
13 81
14 83
15 91
16 66
17 46
18 33
19 37
20 17
21 12
22 10
23 3
24 1
25 1
26 1
27 0
28 0
last timestep 28
node 1191 iteration 3
0 0
1 1
2 2
3 0
4 0
last timestep 4
node 1191 iteration 4
0 0
1 1
2 0
3 0
last timestep 3
node 1191 iteration 5
0 0
1 3
2 9
3 24
4 27
5 48
6 68
7 84
8 98
9 104
10 94
11 85
12 63
13 53
14 34
15 26
16 34
17 13
18 10
19 2
20 1
21 3
22 2
23 1
24 1
25 0
26 0
last timestep 26
node 1191 iteration 6
0 0
1 0
2 0
last timestep 2
node 1191 iteration 7
0 0
1 3
2 3
3 2
4 1
5 4
6 14
7 22
8 22
9 20
10 35
11 59
12 83
13 128
14 124
15 100
16 79
17 50
18 36
19 20
20 13
21 13
22 7
23 4
24 3
25 3
26 3
27 1
28 0
29 0
last timestep 29
node 1191 iteration 8
0 0
1 1
2 0
3 0
last timestep 3
node 1191 iteration 9
0 0
1 3
2 3
3 4
4 8
5 17
6 27
7 34
8 49
9 57
10 78
11 71
12 91
13 73
14 61
15 49
16 35
17 29
18 23
19 11
20 6
21 5
22 2
23 2
24 3
25 2
26 3
27 0
28 0
last timestep 28
