node 1044 iteration 0
0 0
1 2
2 8
3 8
4 12
5 19
6 31
7 34
8 52
9 82
10 95
11 122
12 121
13 81
14 76
15 47
16 27
17 11
18 10
19 2
20 2
21 1
22 0
23 0
last timestep 23
node 1044 iteration 1
0 0
1 1
2 1
3 5
4 8
5 11
6 12
7 15
8 16
9 18
10 30
11 44
12 54
13 76
14 104
15 91
16 73
17 62
18 55
19 36
20 31
21 23
22 16
23 7
24 9
25 5
26 4
27 1
28 1
29 0
30 0
last timestep 30
node 1044 iteration 2
0 0
1 1
2 6
3 9
4 9
5 15
6 25
7 39
8 39
9 58
10 68
11 84
12 77
13 75
14 87
15 62
16 43
17 31
18 24
19 14
20 8
21 8
22 3
23 1
24 2
25 1
26 0
27 0
last timestep 27
node 1044 iteration 3
0 0
1 4
2 4
3 4
4 10
5 14
6 21
7 25
8 31
9 56
10 62
11 91
12 108
13 80
14 79
15 58
16 35
17 22
18 21
19 5
20 3
21 3
22 1
23 2
24 0
25 2
26 1
27 0
last timestep 27
node 1044 iteration 4
0 0
1 3
2 2
3 0
4 1
5 1
6 3
7 7
8 11
9 25
10 26
11 45
12 59
13 62
14 71
15 90
16 115
17 82
18 54
19 57
20 36
21 26
22 9
23 1
24 2
25 5
26 1
27 0
last timestep 27
node 1044 iteration 5
0 0
1 1
2 0
3 0
last timestep 3
node 1044 iteration 6
0 0
1 2
2 1
3 1
4 3
5 3
6 5
7 8
8 17
9 39
10 46
11 63
12 77
13 86
14 89
15 69
16 65
17 39
18 35
19 33
20 34
21 14
22 12
23 2
24 3
25 0
26 0
last timestep 26
node 1044 iteration 7
0 0
1 1
2 3
3 3
4 3
5 7
6 7
7 13
8 8
9 7
10 16
11 7
12 10
13 12
14 21
15 34
16 47
17 44
18 64
19 66
20 59
21 48
22 45
23 30
24 27
25 18
26 19
27 28
28 10
29 7
30 8
31 12
32 11
33 3
34 2
35 2
36 1
37 0
38 0
last timestep 38
node 1044 iteration 8
0 0
1 5
2 8
3 11
4 16
5 12
6 25
7 24
8 34
9 70
10 52
11 71
12 111
13 79
14 82
15 67
16 51
17 45
18 31
19 27
20 22
21 7
22 1
23 2
24 0
25 0
last timestep 25
node 1044 iteration 9
0 0
1 5
2 29
3 21
4 26
5 28
6 41
7 50
8 66
9 89
10 95
11 79
12 71
13 47
14 44
15 31
16 20
17 28
18 18
19 13
20 5
21 5
22 4
23 1
24 0
25 0
last timestep 25
