node 751 iteration 0
0 0
1 3
2 2
3 4
4 10
5 19
6 42
7 45
8 74
9 69
10 99
11 100
12 97
13 79
14 57
15 34
16 27
17 28
18 16
19 17
20 8
21 1
22 2
23 3
24 2
25 0
26 0
last timestep 26
node 751 iteration 1
0 0
1 3
2 5
3 3
4 5
5 6
6 15
7 21
8 21
9 37
10 51
11 65
12 71
13 74
14 71
15 84
16 62
17 42
18 39
19 34
20 17
21 14
22 10
23 12
24 8
25 3
26 3
27 3
28 1
29 2
30 1
31 0
32 0
last timestep 32
node 751 iteration 2
0 0
1 4
2 5
3 9
4 23
5 40
6 53
7 71
8 94
9 93
10 103
11 99
12 54
13 46
14 35
15 22
16 15
17 12
18 4
19 1
20 0
21 2
22 0
last timestep 22
node 751 iteration 3
0 0
1 2
2 0
3 0
last timestep 3
node 751 iteration 4
0 0
1 2
2 4
3 3
4 9
5 22
6 30
7 35
8 53
9 72
10 69
11 82
12 113
13 94
14 72
15 51
16 48
17 43
18 28
19 17
20 13
21 8
22 9
23 4
24 4
25 8
26 3
27 0
28 1
29 0
last timestep 29
node 751 iteration 5
0 0
1 2
2 5
3 9
4 16
5 24
6 35
7 33
8 38
9 62
10 69
11 99
12 100
13 74
14 62
15 37
16 28
17 27
18 13
19 9
20 6
21 4
22 2
23 1
24 0
25 3
26 1
27 0
last timestep 27
node 751 iteration 6
0 0
1 3
2 1
3 1
4 0
5 0
last timestep 5
node 751 iteration 7
0 0
1 0
2 0
last timestep 2
node 751 iteration 8
0 0
1 2
2 2
3 0
4 1
5 0
last timestep 5
node 751 iteration 9
0 0
1 2
2 8
3 16
4 12
5 14
6 24
7 45
8 61
9 86
10 94
11 98
12 76
13 70
14 64
15 55
16 49
17 33
18 27
19 15
20 11
21 6
22 2
23 5
24 0
25 0
last timestep 25
