node 552 iteration 0
0 0
1 1
2 0
3 0
last timestep 3
node 552 iteration 1
0 0
1 0
2 0
last timestep 2
node 552 iteration 2
0 0
1 0
2 0
last timestep 2
node 552 iteration 3
0 0
1 0
2 0
last timestep 2
node 552 iteration 4
0 0
1 1
2 1
3 3
4 2
5 4
6 5
7 12
8 18
9 33
10 32
11 43
12 34
13 49
14 52
15 91
16 73
17 59
18 74
19 46
20 36
21 23
22 15
23 22
24 18
25 8
26 3
27 1
28 0
29 0
last timestep 29
node 552 iteration 5
0 0
1 1
2 3
3 4
4 6
5 6
6 14
7 13
8 30
9 35
10 24
11 35
12 50
13 72
14 76
15 86
16 78
17 67
18 52
19 52
20 39
21 22
22 22
23 20
24 16
25 13
26 13
27 5
28 3
29 1
30 0
31 0
last timestep 31
node 552 iteration 6
0 0
1 1
2 3
3 5
4 10
5 10
6 10
7 21
8 30
9 45
10 57
11 51
12 48
13 59
14 51
15 59
16 64
17 45
18 36
19 38
20 28
21 19
22 6
23 11
24 14
25 12
26 5
27 7
28 7
29 7
30 6
31 4
32 2
33 3
34 3
35 4
36 5
37 4
38 2
39 1
40 2
41 3
42 3
43 0
44 0
last timestep 44
node 552 iteration 7
0 0
1 1
2 3
3 11
4 10
5 18
6 18
7 23
8 38
9 42
10 65
11 71
12 69
13 84
14 89
15 95
16 84
17 54
18 44
19 32
20 19
21 12
22 9
23 6
24 3
25 1
26 0
27 0
last timestep 27
node 552 iteration 8
0 0
1 0
2 0
last timestep 2
node 552 iteration 9
0 0
1 0
2 0
last timestep 2
