node 800 iteration 0
0 0
1 0
2 1
3 0
last timestep 3
node 800 iteration 1
0 0
1 0
2 0
last timestep 2
node 800 iteration 2
0 0
1 1
2 3
3 1
4 3
5 10
6 6
7 16
8 10
9 28
10 38
11 64
12 81
13 120
14 110
15 94
16 90
17 70
18 60
19 33
20 11
21 11
22 5
23 6
24 4
25 6
26 2
27 5
28 7
29 6
30 3
31 1
32 0
33 0
last timestep 33
node 800 iteration 3
0 0
1 0
2 0
last timestep 2
node 800 iteration 4
0 0
1 1
2 3
3 13
4 17
5 30
6 33
7 46
8 78
9 80
10 67
11 80
12 68
13 52
14 36
15 29
16 35
17 34
18 22
19 12
20 9
21 10
22 15
23 9
24 8
25 1
26 0
27 0
last timestep 27
node 800 iteration 5
0 0
1 2
2 0
3 0
last timestep 3
node 800 iteration 6
0 0
1 0
2 0
last timestep 2
node 800 iteration 7
0 0
1 0
2 0
last timestep 2
node 800 iteration 8
0 0
1 1
2 2
3 3
4 16
5 28
6 30
7 48
8 64
9 61
10 81
11 91
12 94
13 89
14 65
15 43
16 24
17 18
18 14
19 9
20 8
21 3
22 2
23 4
24 4
25 4
26 0
27 0
last timestep 27
node 800 iteration 9
0 0
1 1
2 1
3 0
4 1
5 2
6 1
7 2
8 1
9 2
10 4
11 9
12 3
13 1
14 1
15 6
16 4
17 13
18 12
19 17
20 33
21 44
22 68
23 69
24 84
25 82
26 76
27 86
28 62
29 48
30 39
31 25
32 20
33 16
34 12
35 8
36 3
37 2
38 2
39 3
40 3
41 1
42 0
last timestep 42
