node 1278 iteration 0
0 0
1 3
2 1
3 0
4 0
last timestep 4
node 1278 iteration 1
0 0
1 1
2 5
3 8
4 17
5 23
6 56
7 54
8 61
9 104
10 89
11 82
12 89
13 67
14 49
15 32
16 21
17 8
18 7
19 6
20 1
21 0
22 0
last timestep 22
node 1278 iteration 2
0 0
1 1
2 1
3 7
4 6
5 6
6 0
7 0
last timestep 7
node 1278 iteration 3
0 0
1 4
2 2
3 3
4 2
5 6
6 11
7 12
8 12
9 14
10 19
11 49
12 53
13 66
14 92
15 72
16 80
17 67
18 55
19 54
20 24
21 10
22 5
23 4
24 3
25 0
26 0
last timestep 26
node 1278 iteration 4
0 0
1 1
2 4
3 5
4 20
5 23
6 44
7 62
8 62
9 80
10 89
11 95
12 87
13 77
14 64
15 40
16 26
17 14
18 14
19 8
20 7
21 3
22 3
23 2
24 1
25 0
26 0
last timestep 26
node 1278 iteration 5
0 0
1 2
2 3
3 5
4 10
5 8
6 17
7 19
8 29
9 45
10 64
11 58
12 82
13 88
14 73
15 83
16 56
17 49
18 44
19 30
20 22
21 20
22 10
23 9
24 5
25 3
26 2
27 3
28 1
29 0
30 0
last timestep 30
node 1278 iteration 6
0 0
1 3
2 4
3 4
4 10
5 23
6 22
7 26
8 42
9 57
10 70
11 85
12 80
13 73
14 88
15 82
16 70
17 61
18 44
19 20
20 14
21 9
22 9
23 5
24 6
25 3
26 1
27 3
28 0
29 0
last timestep 29
node 1278 iteration 7
0 0
1 1
2 1
3 2
4 4
5 2
6 3
7 2
8 1
9 2
10 2
11 1
12 0
13 0
last timestep 13
node 1278 iteration 8
0 0
1 0
2 0
last timestep 2
node 1278 iteration 9
0 0
1 3
2 7
3 10
4 27
5 36
6 60
7 70
8 70
9 75
10 53
11 62
12 59
13 65
14 63
15 54
16 30
17 19
18 15
19 11
20 9
21 13
22 12
23 7
24 4
25 2
26 2
27 1
28 3
29 3
30 1
31 0
32 0
last timestep 32
