node 231 iteration 0
0 0
1 3
2 2
3 3
4 7
5 4
6 14
7 11
8 19
9 37
10 38
11 40
12 56
13 77
14 71
15 80
16 68
17 52
18 44
19 33
20 12
21 12
22 8
23 10
24 4
25 6
26 5
27 1
28 3
29 3
30 3
31 0
32 5
33 1
34 0
last timestep 34
node 231 iteration 1
0 0
1 2
2 1
3 0
4 0
last timestep 4
node 231 iteration 2
0 0
1 3
2 3
3 4
4 6
5 12
6 14
7 18
8 11
9 35
10 40
11 63
12 57
13 75
14 63
15 43
16 55
17 43
18 30
19 22
20 18
21 10
22 13
23 10
24 13
25 18
26 9
27 11
28 3
29 6
30 3
31 0
32 0
last timestep 32
node 231 iteration 3
0 0
1 3
2 1
3 0
4 0
last timestep 4
node 231 iteration 4
0 0
1 3
2 1
3 0
4 0
last timestep 4
node 231 iteration 5
0 0
1 6
2 9
3 15
4 21
5 23
6 46
7 79
8 85
9 106
10 108
11 89
12 75
13 63
14 45
15 31
16 11
17 3
18 2
19 3
20 0
21 0
last timestep 21
node 231 iteration 6
0 0
1 0
2 0
last timestep 2
node 231 iteration 7
0 0
1 1
2 3
3 4
4 3
5 4
6 12
7 13
8 12
9 16
10 15
11 20
12 26
13 45
14 54
15 65
16 92
17 90
18 79
19 65
20 41
21 35
22 23
23 12
24 9
25 12
26 5
27 4
28 4
29 2
30 1
31 1
32 0
33 0
last timestep 33
node 231 iteration 8
0 0
1 2
2 3
3 2
4 1
5 9
6 7
7 19
8 20
9 24
10 27
11 31
12 48
13 52
14 54
15 81
16 93
17 70
18 66
19 56
20 32
21 16
22 9
23 11
24 8
25 9
26 8
27 1
28 5
29 6
30 1
31 4
32 1
33 1
34 0
35 0
last timestep 35
node 231 iteration 9
0 0
1 2
2 4
3 3
4 1
5 0
6 0
last timestep 6
