node 1281 iteration 0
0 0
1 3
2 12
3 26
4 30
5 47
6 87
7 87
8 95
9 84
10 70
11 55
12 42
13 31
14 20
15 25
16 8
17 9
18 8
19 7
20 8
21 6
22 5
23 4
24 2
25 1
26 1
27 1
28 0
29 0
last timestep 29
node 1281 iteration 1
0 0
1 0
2 0
last timestep 2
node 1281 iteration 2
0 0
1 3
2 5
3 6
4 12
5 17
6 27
7 29
8 39
9 37
10 43
11 51
12 41
13 54
14 73
15 66
16 50
17 53
18 46
19 26
20 31
21 36
22 26
23 17
24 10
25 8
26 9
27 4
28 7
29 5
30 2
31 3
32 0
33 0
last timestep 33
node 1281 iteration 3
0 0
1 3
2 10
3 15
4 26
5 45
6 57
7 85
8 99
9 106
10 103
11 85
12 61
13 46
14 31
15 21
16 18
17 6
18 2
19 1
20 0
21 0
last timestep 21
node 1281 iteration 4
0 0
1 4
2 4
3 5
4 2
5 7
6 5
7 11
8 31
9 32
10 41
11 70
12 74
13 95
14 112
15 96
16 87
17 61
18 40
19 34
20 24
21 5
22 5
23 2
24 1
25 0
26 0
last timestep 26
node 1281 iteration 5
0 0
1 1
2 6
3 15
4 18
5 30
6 46
7 49
8 63
9 83
10 106
11 113
12 86
13 82
14 49
15 41
16 26
17 18
18 8
19 6
20 3
21 1
22 0
23 0
last timestep 23
node 1281 iteration 6
0 0
1 2
2 3
3 3
4 0
5 0
last timestep 5
node 1281 iteration 7
0 0
1 4
2 9
3 6
4 2
5 6
6 7
7 3
8 2
9 4
10 2
11 8
12 15
13 29
14 58
15 79
16 94
17 97
18 84
19 99
20 63
21 51
22 24
23 28
24 17
25 9
26 4
27 3
28 3
29 2
30 1
31 0
32 0
last timestep 32
node 1281 iteration 8
0 0
1 2
2 2
3 3
4 5
5 5
6 2
7 2
8 0
9 0
last timestep 9
node 1281 iteration 9
0 0
1 4
2 11
3 16
4 30
5 47
6 66
7 71
8 85
9 94
10 71
11 70
12 63
13 57
14 36
15 21
16 21
17 20
18 12
19 8
20 3
21 0
22 1
23 0
last timestep 23
