node 456 iteration 0
0 0
1 5
2 5
3 2
4 8
5 9
6 10
7 27
8 34
9 60
10 75
11 117
12 117
13 114
14 79
15 47
16 49
17 19
18 18
19 9
20 3
21 0
22 0
last timestep 22
node 456 iteration 1
0 0
1 5
2 10
3 24
4 31
5 51
6 73
7 92
8 121
9 123
10 121
11 101
12 78
13 58
14 20
15 11
16 13
17 3
18 4
19 1
20 0
21 0
last timestep 21
node 456 iteration 2
0 0
1 5
2 7
3 4
4 3
5 7
6 10
7 8
8 6
9 6
10 16
11 24
12 65
13 89
14 115
15 132
16 97
17 80
18 71
19 46
20 35
21 12
22 11
23 6
24 1
25 1
26 0
27 0
last timestep 27
node 456 iteration 3
0 0
1 4
2 5
3 2
4 4
5 6
6 9
7 12
8 19
9 26
10 50
11 63
12 86
13 75
14 72
15 66
16 58
17 74
18 58
19 65
20 33
21 19
22 10
23 5
24 3
25 3
26 0
27 0
last timestep 27
node 456 iteration 4
0 0
1 5
2 4
3 3
4 4
5 7
6 20
7 18
8 27
9 14
10 18
11 19
12 8
13 17
14 17
15 19
16 14
17 24
18 21
19 21
20 18
21 26
22 26
23 29
24 25
25 34
26 35
27 41
28 44
29 34
30 24
31 14
32 11
33 13
34 12
35 8
36 6
37 10
38 14
39 13
40 7
41 3
42 6
43 4
44 2
45 1
46 0
47 0
last timestep 47
node 456 iteration 5
0 0
1 3
2 3
3 1
4 0
5 0
last timestep 5
node 456 iteration 6
0 0
1 5
2 7
3 10
4 9
5 11
6 14
7 16
8 32
9 53
10 73
11 87
12 83
13 76
14 64
15 51
16 44
17 39
18 27
19 12
20 8
21 7
22 2
23 2
24 2
25 1
26 0
27 0
last timestep 27
node 456 iteration 7
0 0
1 1
2 3
3 5
4 5
5 5
6 7
7 20
8 25
9 35
10 43
11 72
12 63
13 80
14 82
15 85
16 60
17 46
18 29
19 13
20 13
21 12
22 12
23 4
24 1
25 0
26 0
last timestep 26
node 456 iteration 8
0 0
1 3
2 3
3 7
4 16
5 19
6 18
7 23
8 21
9 28
10 48
11 73
12 68
13 98
14 81
15 79
16 59
17 65
18 48
19 36
20 17
21 16
22 6
23 4
24 2
25 3
26 0
27 0
last timestep 27
node 456 iteration 9
0 0
1 3
2 2
3 3
4 2
5 4
6 13
7 12
8 14
9 12
10 16
11 25
12 28
13 42
14 41
15 39
16 77
17 85
18 79
19 73
20 75
21 45
22 30
23 28
24 18
25 7
26 9
27 4
28 3
29 4
30 1
31 0
32 0
last timestep 32
