node 793 iteration 0
0 0
1 2
2 4
3 17
4 28
5 39
6 62
7 76
8 74
9 76
10 97
11 88
12 80
13 38
14 29
15 30
16 19
17 10
18 6
19 6
20 3
21 7
22 5
23 1
24 0
25 0
last timestep 25
node 793 iteration 1
0 0
1 2
2 0
3 0
last timestep 3
node 793 iteration 2
0 0
1 3
2 9
3 11
4 26
5 30
6 34
7 45
8 74
9 71
10 92
11 93
12 101
13 82
14 75
15 53
16 39
17 34
18 18
19 5
20 2
21 2
22 3
23 3
24 2
25 1
26 0
27 0
last timestep 27
node 793 iteration 3
0 0
1 4
2 1
3 4
4 4
5 7
6 7
7 13
8 20
9 24
10 45
11 80
12 99
13 126
14 107
15 85
16 57
17 51
18 44
19 19
20 17
21 8
22 7
23 3
24 3
25 4
26 5
27 1
28 2
29 1
30 0
31 0
last timestep 31
node 793 iteration 4
0 0
1 3
2 8
3 5
4 4
5 8
6 13
7 22
8 30
9 52
10 96
11 89
12 89
13 74
14 53
15 41
16 46
17 40
18 36
19 19
20 7
21 6
22 3
23 3
24 2
25 1
26 1
27 0
28 0
last timestep 28
node 793 iteration 5
0 0
1 3
2 12
3 13
4 17
5 22
6 36
7 37
8 42
9 46
10 38
11 53
12 65
13 73
14 59
15 57
16 58
17 42
18 31
19 24
20 17
21 13
22 12
23 7
24 9
25 10
26 15
27 12
28 10
29 7
30 2
31 6
32 2
33 2
34 1
35 0
36 0
last timestep 36
node 793 iteration 6
0 0
1 2
2 3
3 6
4 9
5 10
6 10
7 13
8 9
9 11
10 12
11 28
12 43
13 69
14 96
15 86
16 72
17 76
18 75
19 62
20 30
21 24
22 15
23 6
24 4
25 6
26 2
27 0
28 0
last timestep 28
node 793 iteration 7
0 0
1 3
2 10
3 11
4 17
5 20
6 18
7 48
8 51
9 48
10 59
11 70
12 71
13 62
14 67
15 56
16 33
17 33
18 21
19 22
20 15
21 6
22 3
23 3
24 2
25 0
26 0
last timestep 26
node 793 iteration 8
0 0
1 5
2 2
3 1
4 2
5 5
6 5
7 2
8 4
9 7
10 9
11 15
12 15
13 27
14 45
15 70
16 78
17 87
18 95
19 69
20 58
21 53
22 46
23 26
24 17
25 19
26 14
27 13
28 8
29 3
30 9
31 3
32 3
33 1
34 0
35 0
last timestep 35
node 793 iteration 9
0 0
1 3
2 2
3 3
4 6
5 2
6 2
7 2
8 3
9 7
10 10
11 14
12 19
13 18
14 28
15 40
16 40
17 56
18 68
19 61
20 87
21 79
22 98
23 43
24 44
25 24
26 24
27 10
28 9
29 10
30 2
31 0
32 0
last timestep 32
