node 762 iteration 0
0 0
1 8
2 3
3 13
4 12
5 16
6 16
7 19
8 31
9 42
10 51
11 56
12 62
13 77
14 80
15 73
16 61
17 58
18 39
19 29
20 10
21 4
22 6
23 5
24 0
25 0
last timestep 25
node 762 iteration 1
0 0
1 3
2 2
3 3
4 0
5 0
last timestep 5
node 762 iteration 2
0 0
1 7
2 10
3 6
4 7
5 27
6 23
7 30
8 31
9 47
10 54
11 67
12 61
13 60
14 44
15 41
16 60
17 57
18 41
19 37
20 34
21 21
22 12
23 13
24 11
25 4
26 3
27 0
28 0
last timestep 28
node 762 iteration 3
0 0
1 2
2 5
3 9
4 8
5 14
6 15
7 25
8 43
9 68
10 100
11 101
12 90
13 94
14 85
15 75
16 51
17 34
18 25
19 11
20 7
21 5
22 6
23 3
24 3
25 1
26 0
27 0
last timestep 27
node 762 iteration 4
0 0
1 6
2 8
3 11
4 19
5 11
6 28
7 57
8 77
9 98
10 78
11 71
12 68
13 66
14 51
15 39
16 38
17 30
18 28
19 20
20 10
21 4
22 1
23 0
24 0
last timestep 24
node 762 iteration 5
0 0
1 5
2 8
3 9
4 4
5 3
6 4
7 4
8 7
9 12
10 9
11 27
12 31
13 37
14 70
15 76
16 104
17 116
18 77
19 50
20 36
21 31
22 24
23 16
24 18
25 8
26 10
27 6
28 1
29 1
30 0
31 0
last timestep 31
node 762 iteration 6
0 0
1 5
2 9
3 9
4 14
5 36
6 52
7 74
8 97
9 98
10 104
11 94
12 93
13 76
14 49
15 37
16 25
17 16
18 9
19 8
20 2
21 1
22 0
23 0
last timestep 23
node 762 iteration 7
0 0
1 2
2 0
3 0
last timestep 3
node 762 iteration 8
0 0
1 8
2 12
3 27
4 47
5 56
6 73
7 113
8 89
9 94
10 76
11 56
12 41
13 22
14 11
15 5
16 2
17 8
18 11
19 3
20 0
21 0
last timestep 21
node 762 iteration 9
0 0
1 5
2 13
3 21
4 45
5 61
6 80
7 85
8 99
9 96
10 94
11 73
12 58
13 32
14 20
15 15
16 2
17 1
18 2
19 0
20 2
21 0
last timestep 21
