node 571 iteration 0
0 0
1 2
2 4
3 0
4 0
last timestep 4
node 571 iteration 1
0 0
1 1
2 0
3 2
4 2
5 2
6 3
7 2
8 6
9 4
10 7
11 12
12 4
13 1
14 3
15 8
16 4
17 5
18 5
19 8
20 4
21 7
22 3
23 2
24 3
25 2
26 3
27 8
28 9
29 13
30 22
31 19
32 37
33 35
34 44
35 61
36 71
37 57
38 58
39 52
40 31
41 23
42 25
43 13
44 9
45 9
46 2
47 3
48 9
49 2
50 0
last timestep 50
node 571 iteration 2
0 0
1 3
2 7
3 4
4 7
5 9
6 10
7 10
8 14
9 28
10 29
11 39
12 59
13 93
14 88
15 87
16 73
17 76
18 57
19 56
20 42
21 31
22 15
23 11
24 1
25 2
26 3
27 0
28 0
last timestep 28
node 571 iteration 3
0 0
1 2
2 4
3 8
4 10
5 19
6 22
7 37
8 43
9 52
10 62
11 61
12 62
13 52
14 72
15 45
16 48
17 38
18 19
19 18
20 9
21 3
22 1
23 0
24 0
last timestep 24
node 571 iteration 4
0 0
1 5
2 8
3 5
4 17
5 28
6 30
7 48
8 51
9 69
10 70
11 85
12 82
13 74
14 53
15 48
16 39
17 31
18 31
19 9
20 6
21 5
22 6
23 6
24 3
25 0
26 0
last timestep 26
node 571 iteration 5
0 0
1 2
2 11
3 14
4 32
5 51
6 71
7 69
8 71
9 72
10 71
11 73
12 51
13 41
14 37
15 26
16 11
17 14
18 11
19 8
20 10
21 6
22 2
23 0
24 0
last timestep 24
node 571 iteration 6
0 0
1 2
2 3
3 8
4 8
5 9
6 8
7 15
8 19
9 21
10 36
11 41
12 29
13 56
14 74
15 91
16 88
17 61
18 53
19 37
20 17
21 24
22 21
23 15
24 5
25 5
26 2
27 7
28 1
29 0
30 1
31 0
last timestep 31
node 571 iteration 7
0 0
1 2
2 4
3 7
4 4
5 6
6 12
7 20
8 36
9 55
10 71
11 81
12 98
13 92
14 83
15 85
16 66
17 56
18 34
19 28
20 14
21 8
22 1
23 2
24 0
25 0
last timestep 25
node 571 iteration 8
0 0
1 0
2 0
last timestep 2
node 571 iteration 9
0 0
1 2
2 2
3 7
4 13
5 28
6 40
7 60
8 74
9 99
10 101
11 111
12 91
13 52
14 39
15 37
16 26
17 22
18 14
19 10
20 6
21 9
22 3
23 1
24 3
25 6
26 0
27 0
last timestep 27
