node 1529 iteration 0
0 0
1 6
2 3
3 2
4 2
5 1
6 2
7 0
8 0
last timestep 8
node 1529 iteration 1
0 0
1 3
2 0
3 0
last timestep 3
node 1529 iteration 2
0 0
1 1
2 0
3 0
last timestep 3
node 1529 iteration 3
0 0
1 1
2 3
3 7
4 10
5 28
6 28
7 43
8 46
9 36
10 48
11 59
12 54
13 46
14 42
15 56
16 45
17 29
18 32
19 20
20 15
21 11
22 7
23 3
24 3
25 1
26 0
27 0
last timestep 27
node 1529 iteration 4
0 0
1 2
2 1
3 1
4 2
5 1
6 6
7 11
8 21
9 24
10 36
11 54
12 66
13 85
14 62
15 51
16 56
17 53
18 61
19 42
20 20
21 15
22 10
23 5
24 2
25 3
26 3
27 2
28 2
29 1
30 1
31 0
32 0
last timestep 32
node 1529 iteration 5
0 0
1 3
2 3
3 6
4 10
5 15
6 17
7 33
8 29
9 46
10 60
11 69
12 57
13 69
14 62
15 71
16 76
17 63
18 37
19 25
20 20
21 17
22 6
23 3
24 1
25 0
26 0
last timestep 26
node 1529 iteration 6
0 0
1 2
2 10
3 16
4 27
5 41
6 44
7 65
8 100
9 128
10 132
11 98
12 78
13 47
14 31
15 27
16 13
17 13
18 5
19 2
20 2
21 0
22 0
last timestep 22
node 1529 iteration 7
0 0
1 3
2 4
3 6
4 5
5 18
6 25
7 41
8 62
9 78
10 87
11 108
12 93
13 104
14 74
15 44
16 37
17 27
18 18
19 10
20 7
21 2
22 5
23 2
24 1
25 1
26 0
27 0
last timestep 27
node 1529 iteration 8
0 0
1 0
2 0
last timestep 2
node 1529 iteration 9
0 0
1 2
2 8
3 20
4 20
5 25
6 63
7 88
8 75
9 84
10 91
11 105
12 85
13 55
14 46
15 23
16 19
17 15
18 9
19 9
20 7
21 2
22 3
23 0
24 0
last timestep 24
