node 236 iteration 0
0 0
1 4
2 9
3 8
4 25
5 15
6 31
7 32
8 45
9 45
10 60
11 78
12 81
13 68
14 53
15 55
16 44
17 28
18 27
19 27
20 24
21 11
22 7
23 9
24 3
25 2
26 0
27 0
last timestep 27
node 236 iteration 1
0 0
1 1
2 0
3 0
last timestep 3
node 236 iteration 2
0 0
1 1
2 1
3 3
4 6
5 5
6 3
7 7
8 7
9 7
10 11
11 8
12 18
13 27
14 42
15 49
16 64
17 63
18 71
19 66
20 67
21 56
22 59
23 60
24 34
25 22
26 16
27 14
28 12
29 12
30 14
31 8
32 5
33 3
34 2
35 0
36 0
last timestep 36
node 236 iteration 3
0 0
1 4
2 1
3 2
4 2
5 1
6 4
7 3
8 6
9 16
10 28
11 35
12 56
13 53
14 58
15 69
16 88
17 81
18 77
19 61
20 51
21 46
22 27
23 18
24 16
25 10
26 8
27 7
28 4
29 2
30 1
31 1
32 0
33 0
last timestep 33
node 236 iteration 4
0 0
1 1
2 2
3 2
4 3
5 5
6 16
7 20
8 29
9 32
10 42
11 46
12 63
13 72
14 80
15 104
16 97
17 87
18 64
19 38
20 27
21 16
22 8
23 4
24 1
25 0
26 0
last timestep 26
node 236 iteration 5
0 0
1 3
2 0
3 0
last timestep 3
node 236 iteration 6
0 0
1 2
2 0
3 0
last timestep 3
node 236 iteration 7
0 0
1 2
2 3
3 19
4 25
5 31
6 42
7 48
8 60
9 61
10 78
11 85
12 81
13 87
14 72
15 52
16 25
17 19
18 11
19 10
20 9
21 4
22 2
23 3
24 2
25 3
26 0
27 1
28 0
last timestep 28
node 236 iteration 8
0 0
1 1
2 2
3 5
4 2
5 3
6 7
7 7
8 8
9 9
10 27
11 34
12 30
13 45
14 61
15 65
16 88
17 96
18 84
19 70
20 48
21 32
22 16
23 20
24 14
25 14
26 7
27 8
28 6
29 9
30 3
31 4
32 1
33 0
34 0
last timestep 34
node 236 iteration 9
0 0
1 4
2 9
3 12
4 18
5 19
6 33
7 47
8 62
9 86
10 84
11 104
12 92
13 87
14 78
15 49
16 29
17 22
18 24
19 19
20 11
21 6
22 3
23 1
24 1
25 0
26 0
last timestep 26
