node 841 iteration 0
0 0
1 2
2 11
3 12
4 12
5 21
6 41
7 39
8 45
9 71
10 100
11 94
12 45
13 37
14 50
15 29
16 31
17 21
18 13
19 8
20 3
21 3
22 1
23 0
24 0
last timestep 24
node 841 iteration 1
0 0
1 0
2 1
3 3
4 2
5 8
6 8
7 11
8 31
9 35
10 52
11 78
12 76
13 64
14 78
15 81
16 76
17 57
18 56
19 31
20 29
21 31
22 16
23 13
24 11
25 5
26 2
27 2
28 2
29 2
30 1
31 0
last timestep 31
node 841 iteration 2
0 0
1 1
2 1
3 2
4 0
5 0
last timestep 5
node 841 iteration 3
0 0
1 1
2 1
3 3
4 7
5 13
6 29
7 46
8 68
9 81
10 74
11 80
12 81
13 83
14 69
15 68
16 50
17 33
18 29
19 26
20 12
21 10
22 5
23 0
24 2
25 1
26 4
27 1
28 0
last timestep 28
node 841 iteration 4
0 0
1 2
2 7
3 1
4 1
5 4
6 1
7 4
8 9
9 14
10 45
11 52
12 58
13 87
14 106
15 131
16 129
17 87
18 50
19 31
20 18
21 13
22 4
23 2
24 1
25 0
26 0
last timestep 26
node 841 iteration 5
0 0
1 4
2 7
3 7
4 17
5 16
6 22
7 35
8 40
9 50
10 81
11 83
12 92
13 79
14 64
15 45
16 50
17 32
18 19
19 9
20 5
21 3
22 2
23 0
24 0
last timestep 24
node 841 iteration 6
0 0
1 1
2 1
3 3
4 20
5 33
6 40
7 53
8 67
9 89
10 96
11 82
12 78
13 52
14 30
15 34
16 22
17 11
18 5
19 10
20 5
21 7
22 4
23 5
24 5
25 3
26 1
27 0
28 0
last timestep 28
node 841 iteration 7
0 0
1 1
2 0
3 0
last timestep 3
node 841 iteration 8
0 0
1 1
2 0
3 0
last timestep 3
node 841 iteration 9
0 0
1 3
2 10
3 10
4 20
5 28
6 28
7 48
8 57
9 73
10 69
11 104
12 100
13 92
14 61
15 46
16 35
17 30
18 16
19 9
20 7
21 0
22 2
23 1
24 1
25 1
26 0
last timestep 26
