node 499 iteration 0
0 0
1 5
2 6
3 12
4 12
5 23
6 37
7 44
8 66
9 94
10 91
11 110
12 98
13 61
14 44
15 34
16 28
17 24
18 15
19 4
20 10
21 3
22 1
23 0
24 0
last timestep 24
node 499 iteration 1
0 0
1 4
2 16
3 20
4 33
5 39
6 77
7 76
8 104
9 105
10 119
11 86
12 65
13 55
14 47
15 24
16 8
17 9
18 5
19 1
20 1
21 3
22 3
23 2
24 2
25 2
26 0
27 0
last timestep 27
node 499 iteration 2
0 0
1 2
2 1
3 2
4 5
5 6
6 9
7 12
8 11
9 12
10 21
11 46
12 70
13 112
14 117
15 109
16 75
17 66
18 39
19 39
20 30
21 25
22 24
23 7
24 10
25 5
26 1
27 2
28 0
29 2
30 1
31 1
32 0
last timestep 32
node 499 iteration 3
0 0
1 3
2 0
3 0
last timestep 3
node 499 iteration 4
0 0
1 3
2 3
3 20
4 25
5 40
6 47
7 69
8 78
9 74
10 76
11 60
12 54
13 52
14 59
15 30
16 29
17 30
18 15
19 13
20 3
21 0
22 0
last timestep 22
node 499 iteration 5
0 0
1 4
2 2
3 1
4 2
5 6
6 13
7 9
8 12
9 7
10 11
11 29
12 28
13 26
14 26
15 15
16 12
17 15
18 17
19 10
20 8
21 11
22 16
23 22
24 27
25 34
26 37
27 34
28 40
29 27
30 33
31 31
32 26
33 16
34 16
35 11
36 17
37 9
38 7
39 5
40 2
41 2
42 2
43 2
44 2
45 2
46 1
47 1
48 1
49 0
50 0
last timestep 50
node 499 iteration 6
0 0
1 3
2 14
3 24
4 58
5 52
6 77
7 110
8 90
9 85
10 66
11 61
12 37
13 27
14 16
15 12
16 8
17 8
18 7
19 6
20 1
21 0
22 0
last timestep 22
node 499 iteration 7
0 0
1 5
2 3
3 0
4 0
last timestep 4
node 499 iteration 8
0 0
1 3
2 5
3 7
4 7
5 8
6 16
7 25
8 31
9 36
10 31
11 31
12 53
13 59
14 51
15 70
16 65
17 70
18 53
19 45
20 40
21 12
22 12
23 7
24 5
25 2
26 2
27 0
28 0
last timestep 28
node 499 iteration 9
0 0
1 2
2 4
3 3
4 3
5 7
6 11
7 23
8 39
9 27
10 30
11 27
12 40
13 47
14 56
15 69
16 90
17 65
18 56
19 36
20 19
21 14
22 9
23 3
24 2
25 0
26 0
last timestep 26
