node 2421 iteration 0
0 0
1 2
2 2
3 4
4 10
5 26
6 52
7 72
8 105
9 133
10 106
11 105
12 97
13 79
14 39
15 22
16 16
17 8
18 9
19 9
20 7
21 2
22 0
23 0
last timestep 23
node 2421 iteration 1
0 0
1 1
2 2
3 6
4 14
5 18
6 26
7 38
8 58
9 82
10 74
11 81
12 87
13 90
14 65
15 32
16 21
17 17
18 14
19 13
20 10
21 2
22 2
23 0
24 0
last timestep 24
node 2421 iteration 2
0 0
1 2
2 2
3 4
4 2
5 1
6 11
7 7
8 6
9 9
10 10
11 23
12 22
13 36
14 47
15 49
16 81
17 73
18 79
19 61
20 53
21 47
22 36
23 30
24 24
25 18
26 6
27 6
28 4
29 2
30 2
31 4
32 3
33 4
34 1
35 2
36 1
37 0
38 0
last timestep 38
node 2421 iteration 3
0 0
1 1
2 0
3 0
last timestep 3
node 2421 iteration 4
0 0
1 3
2 4
3 2
4 6
5 14
6 18
7 45
8 46
9 70
10 81
11 100
12 95
13 86
14 66
15 50
16 49
17 28
18 12
19 12
20 7
21 5
22 7
23 2
24 2
25 3
26 3
27 0
28 0
last timestep 28
node 2421 iteration 5
0 0
1 1
2 2
3 2
4 1
5 0
6 0
last timestep 6
node 2421 iteration 6
0 0
1 1
2 3
3 1
4 0
5 1
6 6
7 7
8 12
9 25
10 39
11 45
12 57
13 86
14 104
15 67
16 81
17 95
18 81
19 51
20 38
21 30
22 21
23 17
24 13
25 4
26 2
27 1
28 0
last timestep 28
node 2421 iteration 7
0 0
1 1
2 8
3 8
4 15
5 24
6 36
7 39
8 45
9 56
10 79
11 61
12 59
13 59
14 47
15 39
16 33
17 25
18 19
19 15
20 8
21 9
22 2
23 3
24 5
25 0
26 0
last timestep 26
node 2421 iteration 8
0 0
1 1
2 0
3 0
last timestep 3
node 2421 iteration 9
0 0
1 1
2 1
3 1
4 2
5 6
6 10
7 4
8 9
9 20
10 25
11 24
12 54
13 64
14 85
15 76
16 100
17 95
18 63
19 51
20 35
21 29
22 14
23 4
24 1
25 1
26 0
27 0
last timestep 27
