node 1282 iteration 0
0 0
1 2
2 4
3 5
4 6
5 5
6 4
7 8
8 12
9 21
10 38
11 57
12 74
13 86
14 110
15 101
16 89
17 90
18 52
19 35
20 12
21 5
22 4
23 2
24 1
25 0
26 0
last timestep 26
node 1282 iteration 1
0 0
1 1
2 2
3 0
4 0
last timestep 4
node 1282 iteration 2
0 0
1 2
2 8
3 12
4 17
5 30
6 17
7 41
8 53
9 56
10 63
11 90
12 82
13 91
14 84
15 72
16 60
17 36
18 20
19 11
20 10
21 12
22 9
23 12
24 7
25 7
26 1
27 2
28 0
29 0
last timestep 29
node 1282 iteration 3
0 0
1 1
2 3
3 1
4 4
5 12
6 19
7 19
8 24
9 35
10 44
11 51
12 61
13 75
14 84
15 89
16 72
17 50
18 22
19 17
20 10
21 6
22 2
23 1
24 0
25 0
last timestep 25
node 1282 iteration 4
0 0
1 0
2 0
last timestep 2
node 1282 iteration 5
0 0
1 2
2 3
3 6
4 5
5 7
6 19
7 22
8 21
9 34
10 48
11 60
12 65
13 74
14 99
15 95
16 71
17 64
18 38
19 17
20 28
21 18
22 15
23 11
24 4
25 0
26 1
27 0
last timestep 27
node 1282 iteration 6
0 0
1 2
2 4
3 4
4 7
5 13
6 28
7 29
8 39
9 53
10 69
11 89
12 96
13 88
14 64
15 64
16 57
17 24
18 22
19 11
20 11
21 3
22 3
23 1
24 0
25 0
last timestep 25
node 1282 iteration 7
0 0
1 1
2 2
3 12
4 25
5 37
6 46
7 60
8 73
9 79
10 86
11 86
12 78
13 75
14 38
15 20
16 18
17 15
18 8
19 1
20 0
21 0
last timestep 21
node 1282 iteration 8
0 0
1 0
2 0
last timestep 2
node 1282 iteration 9
0 0
1 1
2 1
3 0
4 0
last timestep 4
