node 2624 iteration 0
0 0
1 2
2 4
3 17
4 39
5 64
6 89
7 90
8 108
9 117
10 98
11 60
12 56
13 26
14 23
15 15
16 12
17 5
18 6
19 10
20 5
21 4
22 2
23 1
24 1
25 0
26 0
last timestep 26
node 2624 iteration 1
0 0
1 2
2 1
3 1
4 0
5 0
last timestep 5
node 2624 iteration 2
0 0
1 3
2 2
3 4
4 7
5 5
6 11
7 15
8 10
9 14
10 17
11 39
12 68
13 99
14 130
15 139
16 129
17 105
18 62
19 42
20 24
21 8
22 0
23 1
24 2
25 2
26 2
27 1
28 1
29 0
last timestep 29
node 2624 iteration 3
0 0
1 2
2 0
3 0
last timestep 3
node 2624 iteration 4
0 0
1 2
2 5
3 7
4 19
5 35
6 50
7 78
8 110
9 108
10 91
11 82
12 68
13 60
14 39
15 25
16 13
17 11
18 6
19 6
20 1
21 3
22 3
23 0
24 0
last timestep 24
node 2624 iteration 5
0 0
1 1
2 1
3 5
4 6
5 8
6 14
7 18
8 45
9 40
10 70
11 60
12 61
13 71
14 72
15 62
16 69
17 52
18 61
19 45
20 30
21 14
22 10
23 11
24 9
25 8
26 1
27 1
28 1
29 1
30 1
31 1
32 2
33 0
34 0
last timestep 34
node 2624 iteration 6
0 0
1 0
2 0
last timestep 2
node 2624 iteration 7
0 0
1 2
2 0
3 0
last timestep 3
node 2624 iteration 8
0 0
1 1
2 1
3 0
4 0
last timestep 4
node 2624 iteration 9
0 0
1 1
2 9
3 13
4 5
5 5
6 11
7 14
8 9
9 9
10 8
11 10
12 19
13 22
14 16
15 35
16 61
17 60
18 66
19 70
20 56
21 49
22 56
23 50
24 28
25 20
26 11
27 8
28 3
29 0
30 1
31 0
last timestep 31
