node 1311 iteration 0
0 0
1 2
2 7
3 6
4 8
5 5
6 4
7 4
8 3
9 4
10 7
11 8
12 16
13 21
14 21
15 23
16 28
17 28
18 46
19 41
20 40
21 41
22 34
23 50
24 28
25 25
26 19
27 19
28 16
29 15
30 11
31 14
32 13
33 16
34 18
35 13
36 4
37 6
38 1
39 0
40 0
last timestep 40
node 1311 iteration 1
0 0
1 2
2 1
3 0
4 0
last timestep 4
node 1311 iteration 2
0 0
1 6
2 8
3 8
4 16
5 18
6 25
7 39
8 24
9 38
10 57
11 58
12 72
13 74
14 62
15 52
16 43
17 41
18 23
19 24
20 10
21 13
22 15
23 11
24 8
25 4
26 3
27 3
28 3
29 0
30 1
31 0
last timestep 31
node 1311 iteration 3
0 0
1 1
2 0
3 0
last timestep 3
node 1311 iteration 4
0 0
1 5
2 7
3 5
4 1
5 3
6 3
7 6
8 12
9 10
10 14
11 11
12 10
13 15
14 20
15 21
16 44
17 46
18 52
19 63
20 76
21 76
22 62
23 38
24 30
25 24
26 20
27 22
28 20
29 25
30 12
31 9
32 12
33 5
34 2
35 0
36 0
last timestep 36
node 1311 iteration 5
0 0
1 2
2 4
3 10
4 11
5 11
6 17
7 17
8 21
9 29
10 47
11 70
12 91
13 77
14 77
15 58
16 61
17 50
18 40
19 32
20 20
21 18
22 13
23 8
24 10
25 5
26 3
27 1
28 1
29 1
30 0
31 0
last timestep 31
node 1311 iteration 6
0 0
1 2
2 8
3 17
4 20
5 36
6 46
7 62
8 93
9 95
10 85
11 66
12 50
13 49
14 28
15 38
16 14
17 17
18 7
19 4
20 4
21 1
22 0
23 0
last timestep 23
node 1311 iteration 7
0 0
1 3
2 14
3 25
4 34
5 45
6 53
7 67
8 71
9 89
10 74
11 72
12 58
13 59
14 36
15 15
16 8
17 9
18 10
19 6
20 8
21 1
22 2
23 1
24 0
25 0
last timestep 25
node 1311 iteration 8
0 0
1 2
2 6
3 8
4 22
5 22
6 27
7 33
8 50
9 60
10 101
11 105
12 122
13 116
14 79
15 60
16 38
17 19
18 10
19 7
20 7
21 1
22 0
23 0
last timestep 23
node 1311 iteration 9
0 0
1 1
2 5
3 7
4 9
5 16
6 25
7 30
8 39
9 53
10 73
11 85
12 97
13 77
14 54
15 47
16 30
17 22
18 17
19 17
20 7
21 4
22 1
23 0
24 0
last timestep 24
