node 587 iteration 0
0 0
1 2
2 5
3 14
4 19
5 20
6 55
7 64
8 93
9 101
10 103
11 100
12 74
13 40
14 34
15 15
16 13
17 5
18 10
19 4
20 5
21 0
22 0
last timestep 22
node 587 iteration 1
0 0
1 1
2 1
3 2
4 0
5 0
last timestep 5
node 587 iteration 2
0 0
1 2
2 3
3 3
4 8
5 4
6 12
7 16
8 30
9 43
10 63
11 73
12 72
13 104
14 93
15 100
16 87
17 51
18 46
19 20
20 17
21 10
22 10
23 5
24 3
25 2
26 2
27 1
28 0
29 0
last timestep 29
node 587 iteration 3
0 0
1 1
2 6
3 11
4 21
5 20
6 30
7 41
8 55
9 68
10 88
11 83
12 89
13 68
14 70
15 47
16 43
17 28
18 29
19 18
20 10
21 12
22 1
23 7
24 2
25 3
26 1
27 0
28 2
29 3
30 0
last timestep 30
node 587 iteration 4
0 0
1 0
2 0
last timestep 2
node 587 iteration 5
0 0
1 1
2 0
3 0
last timestep 3
node 587 iteration 6
0 0
1 2
2 7
3 20
4 28
5 59
6 89
7 114
8 99
9 69
10 83
11 65
12 46
13 29
14 12
15 18
16 11
17 6
18 2
19 0
20 0
last timestep 20
node 587 iteration 7
0 0
1 3
2 2
3 1
4 1
5 4
6 6
7 3
8 6
9 11
10 7
11 19
12 54
13 62
14 73
15 79
16 88
17 62
18 56
19 44
20 48
21 43
22 42
23 29
24 33
25 23
26 9
27 11
28 1
29 1
30 0
31 0
last timestep 31
node 587 iteration 8
0 0
1 0
2 0
last timestep 2
node 587 iteration 9
0 0
1 2
2 5
3 7
4 15
5 17
6 22
7 40
8 41
9 66
10 63
11 86
12 93
13 82
14 87
15 55
16 44
17 30
18 17
19 11
20 6
21 2
22 1
23 1
24 0
25 0
last timestep 25
