node 975 iteration 0
0 0
1 2
2 8
3 15
4 24
5 34
6 40
7 60
8 82
9 91
10 95
11 61
12 63
13 49
14 49
15 43
16 31
17 18
18 10
19 8
20 1
21 1
22 0
23 0
last timestep 23
node 975 iteration 1
0 0
1 1
2 2
3 2
4 3
5 0
6 0
last timestep 6
node 975 iteration 2
0 0
1 3
2 7
3 5
4 10
5 10
6 9
7 13
8 20
9 22
10 20
11 15
12 24
13 28
14 35
15 44
16 48
17 53
18 78
19 75
20 69
21 51
22 43
23 39
24 37
25 21
26 11
27 5
28 1
29 0
30 0
last timestep 30
node 975 iteration 3
0 0
1 3
2 2
3 8
4 18
5 31
6 25
7 71
8 76
9 95
10 96
11 88
12 77
13 67
14 50
15 23
16 13
17 8
18 9
19 4
20 2
21 0
22 0
last timestep 22
node 975 iteration 4
0 0
1 2
2 8
3 15
4 21
5 29
6 46
7 70
8 99
9 95
10 89
11 89
12 77
13 57
14 44
15 30
16 20
17 17
18 8
19 2
20 1
21 1
22 0
23 0
last timestep 23
node 975 iteration 5
0 0
1 2
2 1
3 9
4 17
5 23
6 35
7 41
8 49
9 54
10 74
11 62
12 73
13 67
14 64
15 59
16 35
17 28
18 20
19 19
20 11
21 8
22 12
23 7
24 7
25 4
26 0
27 0
last timestep 27
node 975 iteration 6
0 0
1 1
2 5
3 5
4 2
5 2
6 1
7 4
8 8
9 4
10 7
11 9
12 12
13 18
14 34
15 53
16 48
17 73
18 71
19 66
20 69
21 52
22 60
23 46
24 43
25 50
26 25
27 13
28 8
29 1
30 0
31 1
32 4
33 0
last timestep 33
node 975 iteration 7
0 0
1 4
2 3
3 1
4 1
5 13
6 5
7 20
8 20
9 40
10 55
11 59
12 74
13 78
14 62
15 58
16 48
17 47
18 43
19 25
20 10
21 12
22 10
23 4
24 2
25 6
26 1
27 0
28 0
last timestep 28
node 975 iteration 8
0 0
1 4
2 3
3 2
4 8
5 15
6 16
7 34
8 52
9 83
10 93
11 128
12 98
13 83
14 67
15 61
16 34
17 15
18 13
19 7
20 3
21 1
22 0
23 0
last timestep 23
node 975 iteration 9
0 0
1 1
2 0
3 0
last timestep 3
