node 945 iteration 0
0 0
1 3
2 9
3 3
4 7
5 9
6 12
7 33
8 33
9 45
10 70
11 84
12 115
13 121
14 96
15 65
16 67
17 35
18 22
19 15
20 8
21 7
22 5
23 4
24 1
25 4
26 1
27 1
28 1
29 0
30 1
31 0
last timestep 31
node 945 iteration 1
0 0
1 1
2 0
3 0
last timestep 3
node 945 iteration 2
0 0
1 3
2 5
3 12
4 17
5 35
6 38
7 23
8 40
9 46
10 70
11 64
12 58
13 71
14 56
15 47
16 45
17 36
18 28
19 23
20 13
21 3
22 4
23 1
24 1
25 0
26 0
last timestep 26
node 945 iteration 3
0 0
1 1
2 8
3 7
4 2
5 7
6 7
7 5
8 4
9 3
10 5
11 9
12 2
13 1
14 2
15 6
16 8
17 15
18 9
19 11
20 10
21 12
22 25
23 42
24 53
25 82
26 74
27 74
28 64
29 52
30 34
31 20
32 19
33 12
34 10
35 10
36 10
37 9
38 10
39 4
40 2
41 1
42 0
43 0
last timestep 43
node 945 iteration 4
0 0
1 2
2 10
3 8
4 10
5 17
6 19
7 21
8 24
9 39
10 63
11 96
12 81
13 62
14 68
15 62
16 42
17 19
18 16
19 18
20 12
21 8
22 7
23 11
24 9
25 3
26 2
27 4
28 5
29 7
30 0
31 0
last timestep 31
node 945 iteration 5
0 0
1 3
2 5
3 13
4 19
5 29
6 37
7 60
8 84
9 112
10 95
11 81
12 62
13 53
14 54
15 41
16 22
17 9
18 3
19 1
20 0
21 1
22 0
last timestep 22
node 945 iteration 6
0 0
1 4
2 4
3 8
4 15
5 23
6 39
7 74
8 82
9 101
10 96
11 116
12 100
13 78
14 52
15 33
16 24
17 16
18 9
19 5
20 4
21 4
22 2
23 1
24 0
25 0
last timestep 25
node 945 iteration 7
0 0
1 2
2 4
3 2
4 1
5 6
6 5
7 3
8 5
9 9
10 8
11 12
12 6
13 16
14 19
15 35
16 37
17 67
18 77
19 66
20 46
21 54
22 32
23 41
24 37
25 27
26 33
27 22
28 14
29 8
30 7
31 5
32 3
33 5
34 2
35 3
36 1
37 2
38 0
39 1
40 0
last timestep 40
node 945 iteration 8
0 0
1 3
2 3
3 5
4 6
5 10
6 4
7 8
8 16
9 38
10 51
11 51
12 77
13 92
14 107
15 97
16 66
17 53
18 53
19 36
20 26
21 10
22 7
23 2
24 0
25 1
26 1
27 0
last timestep 27
node 945 iteration 9
0 0
1 4
2 1
3 7
4 16
5 16
6 26
7 34
8 33
9 47
10 64
11 74
12 98
13 94
14 98
15 76
16 50
17 47
18 31
19 16
20 10
21 6
22 6
23 2
24 1
25 0
26 0
last timestep 26
