node 814 iteration 0
0 0
1 3
2 6
3 29
4 28
5 44
6 63
7 64
8 81
9 95
10 92
11 66
12 59
13 39
14 27
15 17
16 8
17 4
18 1
19 0
20 0
last timestep 20
node 814 iteration 1
0 0
1 0
2 0
last timestep 2
node 814 iteration 2
0 0
1 2
2 2
3 3
4 2
5 3
6 6
7 2
8 6
9 15
10 12
11 32
12 50
13 59
14 81
15 67
16 75
17 76
18 61
19 67
20 39
21 39
22 23
23 13
24 10
25 5
26 4
27 4
28 1
29 1
30 1
31 0
32 0
last timestep 32
node 814 iteration 3
0 0
1 3
2 4
3 5
4 13
5 10
6 14
7 22
8 16
9 44
10 61
11 89
12 129
13 97
14 85
15 71
16 57
17 37
18 24
19 26
20 13
21 17
22 9
23 5
24 3
25 2
26 1
27 1
28 1
29 1
30 1
31 0
32 0
last timestep 32
node 814 iteration 4
0 0
1 0
2 0
last timestep 2
node 814 iteration 5
0 0
1 0
2 0
last timestep 2
node 814 iteration 6
0 0
1 1
2 2
3 7
4 8
5 17
6 18
7 24
8 40
9 72
10 82
11 95
12 73
13 67
14 64
15 48
16 30
17 20
18 16
19 2
20 4
21 1
22 0
23 0
last timestep 23
node 814 iteration 7
0 0
1 0
2 1
3 3
4 0
last timestep 4
node 814 iteration 8
0 0
1 0
2 0
last timestep 2
node 814 iteration 9
0 0
1 3
2 5
3 3
4 8
5 21
6 20
7 49
8 55
9 78
10 69
11 76
12 90
13 75
14 60
15 45
16 37
17 19
18 17
19 15
20 13
21 7
22 3
23 2
24 1
25 0
26 2
27 0
last timestep 27
