node 2239 iteration 0
0 0
1 3
2 6
3 9
4 20
5 24
6 24
7 27
8 35
9 47
10 30
11 43
12 69
13 55
14 68
15 56
16 53
17 42
18 39
19 37
20 33
21 20
22 22
23 16
24 11
25 9
26 2
27 1
28 0
29 0
last timestep 29
node 2239 iteration 1
0 0
1 3
2 10
3 11
4 25
5 30
6 30
7 60
8 68
9 82
10 84
11 71
12 61
13 65
14 49
15 25
16 21
17 14
18 10
19 5
20 5
21 6
22 2
23 1
24 0
25 0
last timestep 25
node 2239 iteration 2
0 0
1 2
2 4
3 4
4 3
5 6
6 15
7 18
8 32
9 42
10 53
11 61
12 74
13 80
14 77
15 69
16 69
17 46
18 32
19 28
20 18
21 17
22 11
23 6
24 3
25 6
26 0
27 0
last timestep 27
node 2239 iteration 3
0 0
1 4
2 5
3 17
4 24
5 34
6 46
7 43
8 46
9 86
10 77
11 92
12 90
13 64
14 61
15 42
16 32
17 22
18 24
19 15
20 16
21 10
22 6
23 2
24 3
25 1
26 3
27 2
28 5
29 6
30 4
31 1
32 1
33 0
34 0
last timestep 34
node 2239 iteration 4
0 0
1 1
2 5
3 4
4 16
5 17
6 30
7 63
8 72
9 68
10 80
11 76
12 79
13 82
14 53
15 42
16 33
17 8
18 13
19 3
20 0
21 0
last timestep 21
node 2239 iteration 5
0 0
1 6
2 8
3 4
4 6
5 8
6 14
7 16
8 13
9 23
10 20
11 24
12 43
13 67
14 83
15 86
16 87
17 82
18 43
19 34
20 28
21 24
22 20
23 16
24 8
25 14
26 9
27 7
28 6
29 7
30 3
31 1
32 0
33 0
last timestep 33
node 2239 iteration 6
0 0
1 3
2 8
3 7
4 12
5 9
6 20
7 26
8 50
9 51
10 79
11 83
12 82
13 71
14 69
15 56
16 61
17 40
18 20
19 22
20 12
21 12
22 6
23 2
24 4
25 0
26 0
last timestep 26
node 2239 iteration 7
0 0
1 4
2 6
3 14
4 15
5 21
6 24
7 49
8 63
9 63
10 70
11 64
12 71
13 57
14 56
15 41
16 25
17 15
18 18
19 19
20 17
21 11
22 7
23 3
24 0
25 0
last timestep 25
node 2239 iteration 8
0 0
1 8
2 10
3 28
4 31
5 56
6 69
7 89
8 86
9 99
10 91
11 66
12 56
13 47
14 32
15 22
16 18
17 9
18 13
19 14
20 9
21 10
22 5
23 3
24 1
25 0
26 0
last timestep 26
node 2239 iteration 9
0 0
1 3
2 3
3 6
4 4
5 7
6 7
7 22
8 32
9 43
10 62
11 69
12 84
13 83
14 78
15 66
16 70
17 40
18 34
19 18
20 8
21 12
22 5
23 3
24 4
25 3
26 2
27 0
28 0
last timestep 28
