node 1219 iteration 0
0 0
1 3
2 7
3 4
4 3
5 5
6 22
7 20
8 25
9 24
10 52
11 67
12 62
13 70
14 90
15 88
16 69
17 37
18 33
19 42
20 13
21 17
22 12
23 8
24 1
25 1
26 0
27 0
last timestep 27
node 1219 iteration 1
0 0
1 4
2 6
3 6
4 19
5 25
6 29
7 47
8 43
9 67
10 60
11 67
12 83
13 82
14 79
15 52
16 33
17 24
18 12
19 4
20 6
21 15
22 17
23 6
24 8
25 7
26 5
27 6
28 7
29 1
30 1
31 0
32 0
last timestep 32
node 1219 iteration 2
0 0
1 3
2 3
3 2
4 2
5 6
6 7
7 3
8 7
9 9
10 11
11 9
12 13
13 22
14 33
15 50
16 68
17 75
18 81
19 82
20 81
21 69
22 72
23 38
24 31
25 22
26 11
27 4
28 5
29 3
30 1
31 1
32 3
33 3
34 3
35 0
36 0
last timestep 36
node 1219 iteration 3
0 0
1 2
2 3
3 2
4 1
5 0
6 0
last timestep 6
node 1219 iteration 4
0 0
1 5
2 6
3 4
4 5
5 7
6 23
7 26
8 51
9 63
10 78
11 95
12 104
13 106
14 79
15 56
16 33
17 22
18 27
19 20
20 7
21 1
22 3
23 0
24 0
last timestep 24
node 1219 iteration 5
0 0
1 6
2 4
3 0
4 1
5 0
last timestep 5
node 1219 iteration 6
0 0
1 3
2 1
3 2
4 3
5 2
6 6
7 6
8 11
9 38
10 37
11 51
12 48
13 64
14 90
15 93
16 96
17 80
18 77
19 47
20 34
21 34
22 19
23 10
24 8
25 6
26 1
27 1
28 0
29 0
last timestep 29
node 1219 iteration 7
0 0
1 5
2 6
3 8
4 8
5 5
6 6
7 10
8 16
9 32
10 56
11 79
12 87
13 84
14 76
15 91
16 61
17 51
18 23
19 25
20 17
21 5
22 10
23 10
24 5
25 2
26 0
27 0
last timestep 27
node 1219 iteration 8
0 0
1 3
2 9
3 16
4 19
5 30
6 54
7 72
8 64
9 70
10 60
11 59
12 47
13 45
14 36
15 31
16 19
17 19
18 10
19 9
20 16
21 12
22 5
23 1
24 2
25 3
26 3
27 2
28 1
29 0
30 0
last timestep 30
node 1219 iteration 9
0 0
1 5
2 7
3 10
4 13
5 16
6 10
7 9
8 12
9 28
10 33
11 37
12 49
13 54
14 67
15 65
16 68
17 54
18 50
19 41
20 32
21 23
22 24
23 16
24 22
25 22
26 10
27 5
28 4
29 4
30 5
31 4
32 1
33 0
34 0
last timestep 34
