node 757 iteration 0
0 0
1 3
2 4
3 4
4 4
5 3
6 5
7 4
8 9
9 13
10 16
11 20
12 28
13 55
14 85
15 81
16 93
17 81
18 55
19 48
20 29
21 17
22 7
23 7
24 2
25 1
26 2
27 1
28 0
29 0
last timestep 29
node 757 iteration 1
0 0
1 4
2 10
3 11
4 33
5 31
6 47
7 57
8 66
9 79
10 74
11 92
12 77
13 68
14 51
15 30
16 23
17 13
18 7
19 0
20 0
last timestep 20
node 757 iteration 2
0 0
1 2
2 1
3 6
4 4
5 3
6 1
7 0
8 3
9 5
10 12
11 13
12 29
13 53
14 60
15 94
16 105
17 77
18 78
19 66
20 48
21 45
22 35
23 11
24 6
25 6
26 2
27 0
last timestep 27
node 757 iteration 3
0 0
1 4
2 4
3 6
4 12
5 21
6 24
7 16
8 18
9 40
10 60
11 55
12 68
13 81
14 62
15 51
16 44
17 47
18 22
19 16
20 8
21 5
22 8
23 5
24 6
25 8
26 7
27 5
28 4
29 1
30 1
31 1
32 0
33 0
last timestep 33
node 757 iteration 4
0 0
1 4
2 21
3 15
4 25
5 24
6 35
7 47
8 51
9 59
10 66
11 88
12 66
13 57
14 59
15 68
16 45
17 29
18 10
19 14
20 9
21 6
22 4
23 0
24 0
last timestep 24
node 757 iteration 5
0 0
1 2
2 4
3 5
4 7
5 13
6 8
7 10
8 7
9 12
10 14
11 24
12 38
13 38
14 53
15 59
16 69
17 51
18 49
19 38
20 50
21 39
22 35
23 35
24 23
25 33
26 16
27 5
28 8
29 8
30 7
31 5
32 1
33 0
34 0
last timestep 34
node 757 iteration 6
0 0
1 3
2 6
3 6
4 9
5 21
6 22
7 25
8 33
9 52
10 70
11 88
12 71
13 59
14 59
15 79
16 63
17 40
18 39
19 20
20 11
21 10
22 8
23 8
24 4
25 1
26 2
27 1
28 0
29 0
last timestep 29
node 757 iteration 7
0 0
1 1
2 0
3 0
last timestep 3
node 757 iteration 8
0 0
1 2
2 4
3 6
4 10
5 23
6 19
7 46
8 52
9 57
10 74
11 81
12 80
13 85
14 61
15 39
16 23
17 23
18 16
19 16
20 12
21 17
22 7
23 5
24 1
25 1
26 0
27 0
last timestep 27
node 757 iteration 9
0 0
1 2
2 1
3 2
4 0
5 0
last timestep 5
