node 664 iteration 0
0 0
1 1
2 4
3 14
4 14
5 31
6 41
7 65
8 71
9 92
10 90
11 95
12 92
13 59
14 45
15 35
16 19
17 9
18 8
19 7
20 7
21 3
22 5
23 1
24 1
25 2
26 0
27 0
last timestep 27
node 664 iteration 1
0 0
1 0
2 0
last timestep 2
node 664 iteration 2
0 0
1 3
2 9
3 7
4 24
5 24
6 37
7 57
8 85
9 112
10 113
11 115
12 92
13 80
14 54
15 48
16 28
17 8
18 3
19 2
20 0
21 0
last timestep 21
node 664 iteration 3
0 0
1 0
2 1
3 2
4 5
5 5
6 12
7 8
8 17
9 18
10 17
11 15
12 22
13 45
14 60
15 88
16 94
17 83
18 72
19 53
20 34
21 35
22 41
23 28
24 30
25 11
26 10
27 12
28 9
29 3
30 7
31 5
32 0
last timestep 32
node 664 iteration 4
0 0
1 0
2 0
last timestep 2
node 664 iteration 5
0 0
1 2
2 7
3 8
4 14
5 33
6 43
7 76
8 93
9 103
10 91
11 80
12 55
13 52
14 55
15 32
16 26
17 22
18 20
19 8
20 4
21 4
22 8
23 1
24 2
25 0
26 0
last timestep 26
node 664 iteration 6
0 0
1 2
2 1
3 0
4 0
last timestep 4
node 664 iteration 7
0 0
1 0
2 0
last timestep 2
node 664 iteration 8
0 0
1 2
2 1
3 0
4 2
5 1
6 1
7 1
8 2
9 3
10 6
11 14
12 16
13 28
14 29
15 31
16 33
17 24
18 23
19 24
20 19
21 27
22 28
23 34
24 47
25 45
26 51
27 46
28 47
29 39
30 28
31 13
32 11
33 4
34 3
35 3
36 4
37 4
38 2
39 2
40 1
41 0
last timestep 41
node 664 iteration 9
0 0
1 1
2 1
3 1
4 5
5 7
6 4
7 12
8 18
9 39
10 42
11 58
12 91
13 101
14 86
15 70
16 57
17 40
18 49
19 41
20 28
21 17
22 12
23 6
24 6
25 1
26 1
27 0
28 0
last timestep 28
