node 818 iteration 0
0 0
1 3
2 2
3 4
4 6
5 4
6 13
7 30
8 56
9 77
10 69
11 79
12 79
13 69
14 77
15 66
16 32
17 26
18 19
19 17
20 17
21 20
22 15
23 4
24 7
25 3
26 1
27 1
28 0
29 0
last timestep 29
node 818 iteration 1
0 0
1 2
2 1
3 1
4 0
5 2
6 1
7 3
8 3
9 2
10 0
last timestep 10
node 818 iteration 2
0 0
1 4
2 7
3 15
4 25
5 30
6 48
7 81
8 100
9 93
10 86
11 79
12 80
13 48
14 40
15 23
16 20
17 9
18 11
19 6
20 4
21 5
22 4
23 1
24 0
25 0
last timestep 25
node 818 iteration 3
0 0
1 2
2 5
3 8
4 15
5 21
6 33
7 32
8 36
9 40
10 68
11 78
12 98
13 83
14 64
15 53
16 50
17 33
18 24
19 10
20 8
21 1
22 1
23 0
24 0
last timestep 24
node 818 iteration 4
0 0
1 5
2 6
3 8
4 14
5 17
6 26
7 42
8 41
9 43
10 66
11 66
12 81
13 74
14 69
15 51
16 45
17 38
18 34
19 31
20 28
21 13
22 14
23 5
24 6
25 1
26 0
27 0
last timestep 27
node 818 iteration 5
0 0
1 3
2 4
3 5
4 8
5 10
6 13
7 11
8 13
9 26
10 42
11 48
12 64
13 75
14 76
15 74
16 74
17 76
18 58
19 43
20 45
21 30
22 20
23 7
24 2
25 3
26 0
27 0
last timestep 27
node 818 iteration 6
0 0
1 2
2 0
3 2
4 0
last timestep 4
node 818 iteration 7
0 0
1 3
2 9
3 14
4 11
5 16
6 18
7 41
8 55
9 66
10 80
11 87
12 65
13 65
14 62
15 43
16 47
17 49
18 36
19 27
20 22
21 5
22 4
23 3
24 2
25 0
26 0
last timestep 26
node 818 iteration 8
0 0
1 2
2 0
3 0
last timestep 3
node 818 iteration 9
0 0
1 5
2 14
3 13
4 33
5 40
6 69
7 79
8 89
9 91
10 87
11 49
12 43
13 29
14 26
15 32
16 27
17 17
18 15
19 11
20 13
21 7
22 1
23 0
24 0
last timestep 24
