node 2039 iteration 0
0 0
1 2
2 1
3 2
4 6
5 10
6 14
7 26
8 45
9 59
10 79
11 85
12 81
13 84
14 69
15 61
16 52
17 31
18 17
19 9
20 11
21 5
22 6
23 0
24 0
last timestep 24
node 2039 iteration 1
0 0
1 2
2 3
3 2
4 1
5 2
6 1
7 3
8 6
9 12
10 7
11 6
12 14
13 24
14 26
15 33
16 40
17 56
18 65
19 70
20 69
21 82
22 87
23 76
24 55
25 44
26 31
27 17
28 12
29 10
30 5
31 3
32 3
33 0
34 2
35 1
36 1
37 0
last timestep 37
node 2039 iteration 2
0 0
1 1
2 2
3 2
4 5
5 4
6 9
7 11
8 15
9 30
10 20
11 20
12 27
13 22
14 37
15 42
16 43
17 50
18 72
19 63
20 71
21 62
22 38
23 24
24 20
25 10
26 13
27 13
28 8
29 6
30 5
31 5
32 4
33 2
34 0
35 0
last timestep 35
node 2039 iteration 3
0 0
1 0
2 0
last timestep 2
node 2039 iteration 4
0 0
1 0
2 0
last timestep 2
node 2039 iteration 5
0 0
1 2
2 4
3 6
4 7
5 9
6 13
7 15
8 17
9 16
10 13
11 9
12 16
13 17
14 23
15 31
16 40
17 30
18 37
19 45
20 50
21 49
22 43
23 46
24 50
25 31
26 25
27 17
28 12
29 8
30 6
31 4
32 7
33 7
34 2
35 0
36 0
last timestep 36
node 2039 iteration 6
0 0
1 1
2 5
3 12
4 14
5 30
6 47
7 94
8 99
9 117
10 82
11 74
12 55
13 45
14 23
15 17
16 12
17 9
18 6
19 6
20 4
21 1
22 1
23 5
24 1
25 0
26 0
last timestep 26
node 2039 iteration 7
0 0
1 0
2 0
last timestep 2
node 2039 iteration 8
0 0
1 2
2 1
3 3
4 1
5 1
6 2
7 3
8 5
9 3
10 6
11 7
12 7
13 26
14 25
15 27
16 41
17 54
18 42
19 51
20 50
21 67
22 73
23 69
24 53
25 51
26 43
27 26
28 23
29 23
30 21
31 10
32 4
33 2
34 1
35 1
36 2
37 0
38 0
last timestep 38
node 2039 iteration 9
0 0
1 1
2 2
3 2
4 3
5 3
6 0
7 0
last timestep 7
