node 2057 iteration 0
0 0
1 2
2 3
3 2
4 3
5 2
6 2
7 3
8 12
9 11
10 11
11 17
12 22
13 27
14 52
15 51
16 79
17 70
18 83
19 67
20 67
21 58
22 25
23 20
24 6
25 10
26 18
27 8
28 4
29 3
30 5
31 1
32 0
33 0
last timestep 33
node 2057 iteration 1
0 0
1 2
2 5
3 7
4 12
5 21
6 18
7 36
8 51
9 54
10 74
11 67
12 84
13 82
14 70
15 60
16 50
17 32
18 31
19 19
20 5
21 4
22 2
23 0
24 0
last timestep 24
node 2057 iteration 2
0 0
1 1
2 2
3 3
4 6
5 1
6 4
7 3
8 3
9 10
10 19
11 43
12 46
13 80
14 101
15 110
16 100
17 98
18 76
19 58
20 38
21 24
22 20
23 17
24 11
25 5
26 4
27 0
28 0
last timestep 28
node 2057 iteration 3
0 0
1 1
2 2
3 0
4 0
last timestep 4
node 2057 iteration 4
0 0
1 1
2 3
3 4
4 8
5 21
6 30
7 35
8 60
9 61
10 98
11 110
12 100
13 53
14 71
15 51
16 39
17 27
18 18
19 8
20 4
21 2
22 3
23 0
24 0
last timestep 24
node 2057 iteration 5
0 0
1 0
2 1
3 0
last timestep 3
node 2057 iteration 6
0 0
1 1
2 9
3 8
4 25
5 24
6 27
7 37
8 53
9 68
10 71
11 79
12 73
13 56
14 50
15 58
16 38
17 33
18 21
19 20
20 8
21 10
22 7
23 5
24 6
25 3
26 6
27 2
28 3
29 1
30 0
31 0
last timestep 31
node 2057 iteration 7
0 0
1 1
2 3
3 10
4 13
5 26
6 36
7 63
8 76
9 98
10 110
11 99
12 63
13 53
14 41
15 28
16 15
17 8
18 11
19 7
20 4
21 2
22 2
23 0
24 0
last timestep 24
node 2057 iteration 8
0 0
1 2
2 3
3 3
4 7
5 9
6 19
7 25
8 37
9 45
10 83
11 101
12 109
13 135
14 107
15 95
16 45
17 29
18 15
19 9
20 7
21 6
22 5
23 4
24 0
25 0
last timestep 25
node 2057 iteration 9
0 0
1 1
2 0
3 0
last timestep 3
