node 91 iteration 0
0 0
1 3
2 12
3 4
4 6
5 15
6 12
7 19
8 31
9 37
10 40
11 43
12 64
13 80
14 70
15 64
16 50
17 32
18 30
19 20
20 13
21 14
22 7
23 9
24 11
25 7
26 0
27 1
28 0
last timestep 28
node 91 iteration 1
0 0
1 8
2 7
3 16
4 20
5 16
6 22
7 25
8 31
9 34
10 48
11 55
12 63
13 85
14 92
15 74
16 58
17 67
18 51
19 29
20 11
21 4
22 1
23 2
24 0
25 0
last timestep 25
node 91 iteration 2
0 0
1 11
2 6
3 2
4 2
5 3
6 9
7 12
8 11
9 15
10 23
11 23
12 28
13 40
14 67
15 72
16 62
17 59
18 60
19 39
20 28
21 38
22 23
23 20
24 19
25 16
26 9
27 10
28 12
29 9
30 5
31 4
32 3
33 0
34 0
last timestep 34
node 91 iteration 3
0 0
1 8
2 11
3 6
4 9
5 12
6 12
7 21
8 20
9 21
10 24
11 33
12 61
13 69
14 98
15 104
16 93
17 62
18 52
19 45
20 27
21 6
22 15
23 9
24 6
25 5
26 3
27 1
28 2
29 0
30 0
last timestep 30
node 91 iteration 4
0 0
1 6
2 7
3 12
4 14
5 20
6 25
7 30
8 29
9 43
10 89
11 100
12 96
13 76
14 57
15 46
16 42
17 31
18 23
19 16
20 15
21 11
22 7
23 5
24 0
25 1
26 4
27 4
28 1
29 1
30 3
31 0
last timestep 31
node 91 iteration 5
0 0
1 12
2 10
3 11
4 5
5 4
6 7
7 27
8 42
9 97
10 104
11 92
12 86
13 75
14 57
15 29
16 31
17 20
18 6
19 3
20 4
21 2
22 3
23 4
24 1
25 1
26 0
27 0
last timestep 27
node 91 iteration 6
0 0
1 13
2 14
3 34
4 44
5 36
6 48
7 62
8 69
9 85
10 70
11 63
12 67
13 52
14 51
15 33
16 37
17 19
18 17
19 9
20 6
21 1
22 0
23 0
last timestep 23
node 91 iteration 7
0 0
1 4
2 6
3 12
4 27
5 43
6 74
7 110
8 101
9 128
10 118
11 97
12 76
13 51
14 21
15 6
16 2
17 1
18 2
19 1
20 2
21 1
22 0
23 1
24 0
last timestep 24
node 91 iteration 8
0 0
1 6
2 4
3 5
4 13
5 12
6 15
7 31
8 44
9 51
10 64
11 71
12 66
13 64
14 75
15 86
16 68
17 40
18 29
19 17
20 10
21 5
22 8
23 6
24 2
25 12
26 5
27 5
28 2
29 0
30 0
last timestep 30
node 91 iteration 9
0 0
1 9
2 12
3 19
4 24
5 35
6 60
7 69
8 106
9 106
10 101
11 106
12 70
13 37
14 18
15 10
16 9
17 8
18 1
19 3
20 0
21 0
last timestep 21
