node 1105 iteration 0
0 0
1 3
2 0
3 0
last timestep 3
node 1105 iteration 1
0 0
1 0
2 0
last timestep 2
node 1105 iteration 2
0 0
1 4
2 13
3 16
4 15
5 25
6 47
7 45
8 61
9 103
10 93
11 76
12 59
13 57
14 47
15 36
16 30
17 16
18 7
19 5
20 3
21 5
22 2
23 5
24 4
25 2
26 1
27 0
28 0
last timestep 28
node 1105 iteration 3
0 0
1 4
2 6
3 13
4 18
5 38
6 46
7 46
8 59
9 76
10 75
11 95
12 74
13 56
14 41
15 36
16 23
17 17
18 12
19 3
20 3
21 2
22 2
23 1
24 2
25 0
26 1
27 0
last timestep 27
node 1105 iteration 4
0 0
1 3
2 9
3 17
4 24
5 51
6 66
7 70
8 83
9 98
10 86
11 60
12 63
13 37
14 34
15 24
16 20
17 14
18 16
19 10
20 8
21 9
22 7
23 6
24 6
25 3
26 3
27 1
28 1
29 1
30 2
31 1
32 2
33 0
34 0
last timestep 34
node 1105 iteration 5
0 0
1 4
2 12
3 10
4 10
5 31
6 55
7 89
8 101
9 118
10 128
11 105
12 74
13 57
14 35
15 30
16 12
17 12
18 9
19 3
20 1
21 3
22 1
23 1
24 0
25 0
last timestep 25
node 1105 iteration 6
0 0
1 5
2 5
3 3
4 21
5 18
6 22
7 15
8 35
9 37
10 35
11 26
12 32
13 33
14 39
15 38
16 60
17 48
18 48
19 37
20 36
21 22
22 19
23 13
24 11
25 7
26 9
27 3
28 1
29 0
30 0
last timestep 30
node 1105 iteration 7
0 0
1 0
2 0
last timestep 2
node 1105 iteration 8
0 0
1 4
2 5
3 3
4 3
5 1
6 2
7 4
8 3
9 2
10 5
11 9
12 13
13 32
14 51
15 57
16 82
17 92
18 96
19 105
20 65
21 51
22 29
23 8
24 15
25 5
26 8
27 7
28 7
29 1
30 0
31 0
last timestep 31
node 1105 iteration 9
0 0
1 2
2 9
3 14
4 18
5 28
6 42
7 47
8 88
9 88
10 97
11 85
12 72
13 76
14 59
15 40
16 26
17 15
18 7
19 7
20 1
21 2
22 1
23 0
24 0
last timestep 24
