node 1321 iteration 0
0 0
1 2
2 3
3 4
4 6
5 3
6 12
7 16
8 14
9 27
10 35
11 71
12 58
13 81
14 81
15 62
16 62
17 62
18 46
19 23
20 21
21 12
22 10
23 4
24 2
25 1
26 0
27 0
last timestep 27
node 1321 iteration 1
0 0
1 0
2 0
last timestep 2
node 1321 iteration 2
0 0
1 1
2 0
3 0
last timestep 3
node 1321 iteration 3
0 0
1 5
2 16
3 12
4 27
5 36
6 48
7 72
8 97
9 118
10 73
11 80
12 62
13 52
14 39
15 38
16 18
17 14
18 9
19 5
20 8
21 4
22 0
23 0
last timestep 23
node 1321 iteration 4
0 0
1 2
2 4
3 4
4 2
5 3
6 2
7 8
8 16
9 10
10 15
11 21
12 51
13 53
14 55
15 76
16 67
17 65
18 72
19 77
20 56
21 39
22 42
23 27
24 17
25 9
26 6
27 4
28 0
29 0
last timestep 29
node 1321 iteration 5
0 0
1 1
2 1
3 0
4 1
5 2
6 8
7 12
8 11
9 23
10 30
11 51
12 53
13 52
14 72
15 114
16 83
17 74
18 46
19 53
20 33
21 19
22 22
23 12
24 8
25 10
26 10
27 14
28 11
29 12
30 7
31 3
32 3
33 3
34 4
35 3
36 4
37 4
38 0
last timestep 38
node 1321 iteration 6
0 0
1 1
2 1
3 0
4 0
last timestep 4
node 1321 iteration 7
0 0
1 1
2 8
3 9
4 15
5 33
6 49
7 71
8 105
9 113
10 125
11 111
12 89
13 80
14 36
15 24
16 20
17 13
18 4
19 7
20 3
21 4
22 5
23 1
24 2
25 2
26 1
27 0
28 0
last timestep 28
node 1321 iteration 8
0 0
1 1
2 0
3 0
last timestep 3
node 1321 iteration 9
0 0
1 3
2 1
3 3
4 11
5 19
6 17
7 24
8 26
9 50
10 48
11 65
12 65
13 41
14 50
15 32
16 30
17 32
18 34
19 32
20 31
21 33
22 31
23 26
24 17
25 13
26 14
27 8
28 5
29 4
30 2
31 0
32 0
last timestep 32
