node 630 iteration 0
0 0
1 2
2 6
3 3
4 2
5 8
6 5
7 5
8 4
9 15
10 17
11 33
12 46
13 58
14 57
15 64
16 81
17 78
18 84
19 49
20 26
21 25
22 24
23 13
24 8
25 7
26 3
27 6
28 4
29 4
30 7
31 1
32 0
33 0
last timestep 33
node 630 iteration 1
0 0
1 3
2 3
3 3
4 7
5 5
6 7
7 8
8 8
9 12
10 9
11 16
12 22
13 35
14 54
15 43
16 71
17 72
18 75
19 57
20 61
21 59
22 58
23 38
24 27
25 18
26 22
27 2
28 2
29 1
30 1
31 0
32 0
last timestep 32
node 630 iteration 2
0 0
1 6
2 17
3 34
4 40
5 44
6 54
7 77
8 79
9 81
10 64
11 62
12 67
13 65
14 48
15 37
16 18
17 7
18 2
19 4
20 4
21 5
22 7
23 3
24 5
25 5
26 2
27 4
28 3
29 5
30 1
31 1
32 3
33 2
34 0
35 1
36 0
last timestep 36
node 630 iteration 3
0 0
1 1
2 1
3 1
4 3
5 5
6 3
7 6
8 10
9 18
10 30
11 45
12 77
13 91
14 120
15 105
16 98
17 80
18 59
19 33
20 30
21 11
22 13
23 12
24 8
25 6
26 0
27 1
28 1
29 0
last timestep 29
node 630 iteration 4
0 0
1 2
2 4
3 6
4 6
5 6
6 4
7 5
8 9
9 13
10 20
11 12
12 18
13 41
14 30
15 55
16 86
17 93
18 122
19 78
20 49
21 35
22 30
23 28
24 12
25 12
26 6
27 4
28 6
29 12
30 8
31 6
32 5
33 1
34 0
35 0
last timestep 35
node 630 iteration 5
0 0
1 4
2 5
3 10
4 21
5 38
6 51
7 67
8 121
9 114
10 125
11 100
12 77
13 56
14 32
15 28
16 20
17 11
18 8
19 7
20 6
21 1
22 0
23 0
last timestep 23
node 630 iteration 6
0 0
1 4
2 3
3 8
4 6
5 6
6 8
7 15
8 21
9 38
10 40
11 73
12 99
13 100
14 93
15 69
16 60
17 39
18 29
19 15
20 8
21 3
22 1
23 2
24 2
25 1
26 0
27 0
last timestep 27
node 630 iteration 7
0 0
1 1
2 1
3 0
4 0
last timestep 4
node 630 iteration 8
0 0
1 2
2 2
3 5
4 0
5 0
last timestep 5
node 630 iteration 9
0 0
1 0
2 0
last timestep 2
