node 660 iteration 0
0 0
1 1
2 2
3 0
4 0
last timestep 4
node 660 iteration 1
0 0
1 0
2 0
last timestep 2
node 660 iteration 2
0 0
1 0
2 0
last timestep 2
node 660 iteration 3
0 0
1 0
2 0
last timestep 2
node 660 iteration 4
0 0
1 1
2 3
3 5
4 8
5 13
6 13
7 15
8 31
9 46
10 46
11 42
12 58
13 77
14 78
15 57
16 56
17 40
18 45
19 27
20 23
21 19
22 12
23 11
24 8
25 7
26 3
27 0
28 0
last timestep 28
node 660 iteration 5
0 0
1 3
2 5
3 3
4 8
5 23
6 31
7 48
8 71
9 84
10 84
11 93
12 81
13 77
14 69
15 60
16 35
17 24
18 19
19 13
20 8
21 7
22 5
23 6
24 3
25 1
26 2
27 0
28 1
29 1
30 0
last timestep 30
node 660 iteration 6
0 0
1 2
2 6
3 7
4 10
5 5
6 17
7 25
8 41
9 35
10 65
11 77
12 94
13 96
14 88
15 64
16 53
17 44
18 31
19 24
20 17
21 13
22 22
23 17
24 10
25 9
26 2
27 1
28 0
29 0
last timestep 29
node 660 iteration 7
0 0
1 1
2 6
3 3
4 4
5 8
6 15
7 25
8 46
9 58
10 75
11 94
12 106
13 112
14 103
15 52
16 47
17 35
18 19
19 10
20 11
21 2
22 4
23 2
24 0
25 0
last timestep 25
node 660 iteration 8
0 0
1 2
2 1
3 3
4 1
5 0
6 0
last timestep 6
node 660 iteration 9
0 0
1 3
2 2
3 3
4 5
5 10
6 9
7 15
8 16
9 17
10 17
11 29
12 30
13 63
14 68
15 97
16 81
17 88
18 75
19 61
20 51
21 34
22 20
23 15
24 7
25 6
26 4
27 2
28 4
29 2
30 0
31 0
last timestep 31
