node 731 iteration 0
0 0
1 1
2 2
3 3
4 12
5 18
6 26
7 36
8 36
9 45
10 39
11 60
12 68
13 94
14 87
15 89
16 64
17 44
18 24
19 30
20 19
21 16
22 10
23 2
24 2
25 1
26 0
27 0
last timestep 27
node 731 iteration 1
0 0
1 0
2 0
last timestep 2
node 731 iteration 2
0 0
1 3
2 1
3 1
4 3
5 11
6 8
7 13
8 18
9 26
10 56
11 89
12 86
13 80
14 75
15 84
16 60
17 41
18 40
19 29
20 22
21 11
22 10
23 10
24 6
25 3
26 1
27 0
28 0
last timestep 28
node 731 iteration 3
0 0
1 2
2 5
3 6
4 8
5 15
6 23
7 37
8 44
9 70
10 80
11 91
12 99
13 99
14 55
15 35
16 38
17 32
18 20
19 17
20 11
21 6
22 3
23 4
24 0
25 0
last timestep 25
node 731 iteration 4
0 0
1 1
2 4
3 10
4 14
5 16
6 26
7 33
8 90
9 96
10 108
11 129
12 95
13 74
14 70
15 42
16 31
17 22
18 15
19 11
20 5
21 3
22 0
23 0
last timestep 23
node 731 iteration 5
0 0
1 0
2 0
last timestep 2
node 731 iteration 6
0 0
1 0
2 0
last timestep 2
node 731 iteration 7
0 0
1 1
2 1
3 1
4 6
5 12
6 15
7 20
8 24
9 18
10 30
11 33
12 53
13 82
14 95
15 91
16 79
17 61
18 34
19 17
20 15
21 13
22 6
23 7
24 6
25 9
26 2
27 2
28 1
29 2
30 0
31 0
last timestep 31
node 731 iteration 8
0 0
1 1
2 4
3 5
4 6
5 6
6 6
7 4
8 2
9 7
10 11
11 10
12 26
13 38
14 40
15 81
16 96
17 96
18 84
19 63
20 65
21 41
22 43
23 36
24 37
25 41
26 17
27 8
28 5
29 1
30 0
31 0
last timestep 31
node 731 iteration 9
0 0
1 0
2 0
last timestep 2
