node 809 iteration 0
0 0
1 4
2 4
3 5
4 9
5 8
6 10
7 8
8 5
9 11
10 9
11 15
12 21
13 30
14 29
15 35
16 50
17 60
18 83
19 72
20 60
21 60
22 42
23 34
24 26
25 11
26 14
27 12
28 16
29 17
30 7
31 9
32 3
33 6
34 2
35 0
36 0
last timestep 36
node 809 iteration 1
0 0
1 3
2 2
3 2
4 1
5 6
6 4
7 4
8 8
9 12
10 14
11 27
12 29
13 35
14 34
15 56
16 81
17 86
18 84
19 69
20 76
21 45
22 43
23 29
24 28
25 14
26 11
27 7
28 10
29 14
30 5
31 3
32 2
33 0
34 0
last timestep 34
node 809 iteration 2
0 0
1 2
2 5
3 12
4 19
5 37
6 44
7 64
8 66
9 77
10 97
11 105
12 80
13 77
14 58
15 49
16 26
17 18
18 13
19 6
20 6
21 6
22 12
23 6
24 4
25 5
26 0
27 0
last timestep 27
node 809 iteration 3
0 0
1 1
2 0
3 0
last timestep 3
node 809 iteration 4
0 0
1 1
2 0
3 0
last timestep 3
node 809 iteration 5
0 0
1 3
2 5
3 14
4 15
5 11
6 17
7 16
8 20
9 14
10 30
11 47
12 66
13 70
14 102
15 92
16 104
17 62
18 39
19 28
20 23
21 17
22 9
23 6
24 5
25 1
26 0
27 0
last timestep 27
node 809 iteration 6
0 0
1 2
2 3
3 5
4 19
5 20
6 24
7 44
8 51
9 58
10 73
11 73
12 84
13 67
14 82
15 65
16 41
17 32
18 23
19 11
20 9
21 9
22 2
23 1
24 1
25 0
26 0
last timestep 26
node 809 iteration 7
0 0
1 2
2 3
3 3
4 0
5 0
last timestep 5
node 809 iteration 8
0 0
1 2
2 6
3 5
4 7
5 7
6 14
7 12
8 15
9 28
10 25
11 30
12 45
13 45
14 68
15 82
16 80
17 62
18 64
19 56
20 50
21 32
22 17
23 13
24 8
25 2
26 1
27 0
28 0
last timestep 28
node 809 iteration 9
0 0
1 3
2 6
3 6
4 7
5 16
6 17
7 31
8 55
9 72
10 85
11 98
12 121
13 105
14 89
15 81
16 58
17 27
18 18
19 11
20 6
21 8
22 1
23 0
24 0
last timestep 24
