node 2196 iteration 0
0 0
1 0
2 0
last timestep 2
node 2196 iteration 1
0 0
1 1
2 0
3 0
last timestep 3
node 2196 iteration 2
0 0
1 0
2 0
last timestep 2
node 2196 iteration 3
0 0
1 2
2 4
3 7
4 20
5 40
6 64
7 77
8 91
9 102
10 74
11 84
12 64
13 52
14 35
15 26
16 19
17 19
18 10
19 8
20 3
21 1
22 0
23 1
24 0
last timestep 24
node 2196 iteration 4
0 0
1 3
2 3
3 2
4 7
5 11
6 16
7 16
8 22
9 16
10 18
11 23
12 27
13 27
14 16
15 39
16 62
17 73
18 74
19 65
20 61
21 53
22 43
23 38
24 28
25 21
26 16
27 10
28 4
29 3
30 3
31 1
32 1
33 0
34 0
last timestep 34
node 2196 iteration 5
0 0
1 0
2 1
3 1
4 7
5 24
6 39
7 65
8 85
9 78
10 99
11 85
12 75
13 56
14 38
15 28
16 17
17 7
18 2
19 1
20 3
21 3
22 2
23 1
24 0
last timestep 24
node 2196 iteration 6
0 0
1 2
2 4
3 6
4 12
5 20
6 21
7 22
8 35
9 40
10 39
11 64
12 55
13 64
14 58
15 61
16 52
17 59
18 45
19 32
20 29
21 25
22 14
23 7
24 7
25 10
26 4
27 8
28 2
29 2
30 0
31 0
last timestep 31
node 2196 iteration 7
0 0
1 1
2 0
3 2
4 2
5 6
6 11
7 11
8 14
9 17
10 21
11 38
12 58
13 67
14 85
15 79
16 59
17 59
18 55
19 26
20 16
21 13
22 10
23 5
24 1
25 2
26 1
27 1
28 1
29 0
last timestep 29
node 2196 iteration 8
0 0
1 2
2 10
3 12
4 34
5 35
6 31
7 41
8 58
9 87
10 62
11 75
12 74
13 58
14 48
15 35
16 24
17 16
18 18
19 16
20 12
21 10
22 10
23 1
24 0
25 0
last timestep 25
node 2196 iteration 9
0 0
1 3
2 1
3 6
4 7
5 9
6 5
7 5
8 6
9 7
10 19
11 28
12 56
13 77
14 74
15 73
16 92
17 98
18 73
19 63
20 58
21 37
22 16
23 5
24 6
25 4
26 0
27 0
last timestep 27
