node 223 iteration 0
0 0
1 2
2 3
3 6
4 5
5 9
6 16
7 22
8 37
9 57
10 81
11 61
12 102
13 83
14 78
15 60
16 43
17 46
18 25
19 22
20 15
21 4
22 6
23 1
24 1
25 0
26 1
27 0
last timestep 27
node 223 iteration 1
0 0
1 2
2 6
3 4
4 10
5 12
6 12
7 17
8 22
9 31
10 20
11 36
12 53
13 55
14 71
15 74
16 92
17 74
18 54
19 46
20 44
21 30
22 23
23 15
24 7
25 12
26 5
27 1
28 0
29 0
last timestep 29
node 223 iteration 2
0 0
1 1
2 0
3 2
4 5
5 10
6 14
7 25
8 51
9 66
10 83
11 94
12 99
13 103
14 85
15 51
16 41
17 31
18 11
19 11
20 8
21 4
22 1
23 1
24 3
25 1
26 0
last timestep 26
node 223 iteration 3
0 0
1 2
2 1
3 1
4 1
5 0
6 0
last timestep 6
node 223 iteration 4
0 0
1 1
2 0
3 0
last timestep 3
node 223 iteration 5
0 0
1 1
2 2
3 4
4 3
5 7
6 11
7 9
8 30
9 41
10 65
11 109
12 97
13 106
14 110
15 90
16 55
17 33
18 30
19 20
20 20
21 3
22 1
23 0
24 0
last timestep 24
node 223 iteration 6
0 0
1 3
2 5
3 9
4 14
5 36
6 58
7 57
8 66
9 87
10 103
11 100
12 74
13 83
14 41
15 38
16 28
17 21
18 9
19 3
20 2
21 0
22 0
last timestep 22
node 223 iteration 7
0 0
1 2
2 2
3 1
4 0
5 0
last timestep 5
node 223 iteration 8
0 0
1 6
2 9
3 20
4 32
5 57
6 71
7 94
8 104
9 103
10 108
11 71
12 45
13 42
14 39
15 21
16 11
17 3
18 4
19 5
20 2
21 5
22 0
23 0
last timestep 23
node 223 iteration 9
0 0
1 2
2 2
3 3
4 9
5 18
6 8
7 8
8 17
9 30
10 35
11 51
12 60
13 68
14 64
15 67
16 55
17 70
18 65
19 54
20 34
21 25
22 23
23 14
24 10
25 8
26 8
27 3
28 2
29 0
30 0
last timestep 30
