node 691 iteration 0
0 0
1 3
2 6
3 9
4 8
5 11
6 27
7 53
8 45
9 41
10 48
11 55
12 83
13 107
14 84
15 78
16 54
17 44
18 32
19 14
20 12
21 6
22 3
23 4
24 1
25 0
26 0
last timestep 26
node 691 iteration 1
0 0
1 2
2 1
3 1
4 2
5 1
6 1
7 3
8 3
9 8
10 4
11 13
12 20
13 40
14 56
15 71
16 82
17 80
18 80
19 81
20 75
21 41
22 27
23 25
24 14
25 10
26 2
27 3
28 3
29 3
30 7
31 3
32 1
33 3
34 2
35 1
36 0
37 0
last timestep 37
node 691 iteration 2
0 0
1 2
2 1
3 2
4 5
5 12
6 16
7 17
8 25
9 31
10 41
11 48
12 71
13 76
14 89
15 86
16 77
17 51
18 35
19 34
20 19
21 9
22 9
23 8
24 2
25 0
26 0
last timestep 26
node 691 iteration 3
0 0
1 3
2 0
3 0
last timestep 3
node 691 iteration 4
0 0
1 1
2 4
3 11
4 14
5 32
6 38
7 38
8 43
9 75
10 77
11 80
12 96
13 70
14 76
15 55
16 38
17 28
18 26
19 26
20 16
21 12
22 8
23 9
24 4
25 1
26 1
27 0
28 0
last timestep 28
node 691 iteration 5
0 0
1 1
2 4
3 5
4 22
5 33
6 48
7 46
8 55
9 78
10 73
11 100
12 104
13 64
14 49
15 27
16 21
17 11
18 5
19 4
20 1
21 2
22 0
23 0
last timestep 23
node 691 iteration 6
0 0
1 2
2 6
3 12
4 24
5 28
6 33
7 61
8 68
9 85
10 103
11 109
12 59
13 75
14 53
15 42
16 26
17 23
18 21
19 14
20 7
21 5
22 5
23 5
24 2
25 0
26 0
last timestep 26
node 691 iteration 7
0 0
1 3
2 9
3 11
4 24
5 24
6 50
7 61
8 91
9 99
10 108
11 81
12 56
13 56
14 39
15 33
16 16
17 8
18 11
19 5
20 7
21 4
22 7
23 4
24 2
25 1
26 0
27 0
last timestep 27
node 691 iteration 8
0 0
1 2
2 0
3 0
last timestep 3
node 691 iteration 9
0 0
1 4
2 18
3 13
4 24
5 35
6 29
7 64
8 63
9 73
10 68
11 79
12 66
13 65
14 45
15 38
16 37
17 27
18 12
19 8
20 0
21 2
22 0
last timestep 22
