node 2833 iteration 0
0 0
1 0
2 0
last timestep 2
node 2833 iteration 1
0 0
1 3
2 6
3 8
4 8
5 6
6 16
7 13
8 18
9 26
10 34
11 32
12 36
13 37
14 43
15 56
16 58
17 44
18 35
19 44
20 53
21 33
22 40
23 27
24 23
25 24
26 18
27 8
28 11
29 4
30 8
31 5
32 1
33 0
34 0
last timestep 34
node 2833 iteration 2
0 0
1 2
2 3
3 5
4 12
5 26
6 30
7 37
8 33
9 37
10 51
11 75
12 81
13 73
14 50
15 69
16 52
17 37
18 33
19 35
20 27
21 22
22 10
23 14
24 8
25 1
26 1
27 0
28 0
last timestep 28
node 2833 iteration 3
0 0
1 3
2 3
3 2
4 6
5 6
6 8
7 12
8 25
9 21
10 25
11 32
12 44
13 77
14 86
15 76
16 80
17 84
18 69
19 42
20 15
21 11
22 7
23 4
24 1
25 2
26 2
27 2
28 1
29 1
30 0
31 0
last timestep 31
node 2833 iteration 4
0 0
1 0
2 0
last timestep 2
node 2833 iteration 5
0 0
1 1
2 1
3 0
4 0
last timestep 4
node 2833 iteration 6
0 0
1 0
2 0
last timestep 2
node 2833 iteration 7
0 0
1 3
2 4
3 5
4 14
5 9
6 20
7 33
8 62
9 86
10 84
11 118
12 135
13 118
14 84
15 61
16 42
17 39
18 25
19 10
20 9
21 5
22 4
23 3
24 1
25 0
26 0
last timestep 26
node 2833 iteration 8
0 0
1 1
2 0
3 0
last timestep 3
node 2833 iteration 9
0 0
1 1
2 1
3 4
4 3
5 6
6 11
7 10
8 34
9 48
10 64
11 81
12 103
13 113
14 84
15 75
16 67
17 56
18 38
19 16
20 10
21 13
22 11
23 6
24 4
25 4
26 7
27 6
28 3
29 3
30 1
31 1
32 3
33 1
34 1
35 0
36 0
last timestep 36
