node 602 iteration 0
0 0
1 3
2 9
3 6
4 16
5 27
6 23
7 39
8 54
9 74
10 68
11 59
12 51
13 48
14 34
15 27
16 18
17 10
18 20
19 17
20 9
21 8
22 1
23 5
24 1
25 1
26 0
27 0
last timestep 27
node 602 iteration 1
0 0
1 1
2 0
3 0
last timestep 3
node 602 iteration 2
0 0
1 1
2 2
3 1
4 4
5 5
6 6
7 4
8 10
9 11
10 13
11 14
12 22
13 17
14 26
15 44
16 44
17 50
18 39
19 61
20 54
21 67
22 63
23 48
24 46
25 49
26 23
27 23
28 7
29 5
30 6
31 4
32 1
33 1
34 0
35 0
last timestep 35
node 602 iteration 3
0 0
1 0
2 0
last timestep 2
node 602 iteration 4
0 0
1 1
2 0
3 0
last timestep 3
node 602 iteration 5
0 0
1 3
2 15
3 25
4 26
5 33
6 40
7 50
8 68
9 88
10 90
11 71
12 56
13 44
14 43
15 21
16 21
17 7
18 2
19 5
20 4
21 6
22 5
23 4
24 1
25 1
26 0
27 0
last timestep 27
node 602 iteration 6
0 0
1 3
2 8
3 4
4 9
5 20
6 17
7 21
8 42
9 47
10 60
11 68
12 74
13 82
14 92
15 55
16 38
17 30
18 24
19 12
20 7
21 3
22 2
23 2
24 4
25 0
26 0
last timestep 26
node 602 iteration 7
0 0
1 1
2 1
3 3
4 4
5 9
6 13
7 21
8 24
9 28
10 32
11 40
12 51
13 63
14 73
15 92
16 69
17 57
18 53
19 21
20 35
21 36
22 19
23 15
24 7
25 3
26 2
27 0
28 1
29 3
30 0
last timestep 30
node 602 iteration 8
0 0
1 1
2 3
3 6
4 6
5 15
6 13
7 13
8 20
9 25
10 24
11 18
12 26
13 33
14 49
15 59
16 59
17 79
18 57
19 42
20 29
21 33
22 30
23 22
24 16
25 10
26 12
27 9
28 2
29 1
30 1
31 0
32 0
last timestep 32
node 602 iteration 9
0 0
1 5
2 4
3 6
4 7
5 17
6 12
7 18
8 29
9 58
10 68
11 77
12 81
13 96
14 64
15 56
16 42
17 28
18 36
19 22
20 23
21 21
22 15
23 9
24 7
25 1
26 0
27 0
last timestep 27
