node 995 iteration 0
0 0
1 0
2 0
last timestep 2
node 995 iteration 1
0 0
1 2
2 5
3 3
4 5
5 6
6 24
7 26
8 59
9 65
10 72
11 97
12 104
13 96
14 85
15 63
16 51
17 37
18 19
19 10
20 9
21 8
22 10
23 5
24 4
25 1
26 0
27 0
last timestep 27
node 995 iteration 2
0 0
1 1
2 0
3 0
last timestep 3
node 995 iteration 3
0 0
1 0
2 2
3 3
4 7
5 11
6 18
7 21
8 30
9 39
10 75
11 87
12 97
13 105
14 79
15 81
16 44
17 35
18 26
19 16
20 21
21 24
22 13
23 9
24 16
25 5
26 6
27 6
28 2
29 2
30 0
last timestep 30
node 995 iteration 4
0 0
1 4
2 5
3 5
4 4
5 7
6 5
7 8
8 8
9 22
10 31
11 48
12 68
13 98
14 82
15 81
16 84
17 56
18 45
19 28
20 27
21 21
22 12
23 7
24 4
25 1
26 2
27 1
28 0
29 0
last timestep 29
node 995 iteration 5
0 0
1 0
2 0
last timestep 2
node 995 iteration 6
0 0
1 2
2 9
3 24
4 22
5 47
6 65
7 81
8 67
9 80
10 85
11 80
12 43
13 40
14 28
15 32
16 17
17 15
18 8
19 5
20 7
21 2
22 2
23 0
24 3
25 3
26 1
27 1
28 0
last timestep 28
node 995 iteration 7
0 0
1 0
2 0
last timestep 2
node 995 iteration 8
0 0
1 1
2 13
3 12
4 20
5 46
6 62
7 97
8 111
9 110
10 99
11 83
12 58
13 61
14 45
15 30
16 16
17 3
18 4
19 1
20 0
21 0
last timestep 21
node 995 iteration 9
0 0
1 1
2 2
3 3
4 2
5 0
6 0
last timestep 6
