node 356 iteration 0
0 0
1 3
2 8
3 12
4 14
5 21
6 54
7 47
8 68
9 75
10 83
11 97
12 91
13 64
14 34
15 31
16 16
17 22
18 14
19 13
20 2
21 0
22 2
23 1
24 0
last timestep 24
node 356 iteration 1
0 0
1 7
2 5
3 13
4 6
5 10
6 13
7 15
8 15
9 22
10 31
11 42
12 65
13 82
14 93
15 77
16 73
17 60
18 47
19 42
20 17
21 13
22 10
23 11
24 5
25 2
26 6
27 2
28 3
29 1
30 0
31 1
32 1
33 0
last timestep 33
node 356 iteration 2
0 0
1 3
2 4
3 14
4 15
5 15
6 16
7 22
8 43
9 50
10 58
11 83
12 84
13 78
14 77
15 65
16 43
17 28
18 23
19 19
20 11
21 6
22 3
23 8
24 2
25 0
26 0
last timestep 26
node 356 iteration 3
0 0
1 4
2 13
3 8
4 25
5 29
6 34
7 49
8 57
9 76
10 89
11 107
12 91
13 77
14 60
15 42
16 27
17 12
18 14
19 11
20 9
21 8
22 2
23 6
24 3
25 3
26 4
27 1
28 1
29 0
30 0
last timestep 30
node 356 iteration 4
0 0
1 4
2 7
3 18
4 38
5 58
6 76
7 91
8 107
9 78
10 70
11 63
12 57
13 51
14 39
15 31
16 25
17 12
18 15
19 4
20 7
21 2
22 3
23 1
24 0
25 0
last timestep 25
node 356 iteration 5
0 0
1 5
2 3
3 2
4 3
5 1
6 3
7 13
8 11
9 19
10 41
11 59
12 59
13 80
14 78
15 72
16 45
17 49
18 42
19 35
20 31
21 31
22 35
23 31
24 18
25 16
26 10
27 10
28 6
29 5
30 4
31 5
32 2
33 1
34 1
35 0
36 0
last timestep 36
node 356 iteration 6
0 0
1 1
2 1
3 2
4 0
5 0
last timestep 5
node 356 iteration 7
0 0
1 4
2 4
3 5
4 8
5 16
6 14
7 28
8 44
9 45
10 80
11 83
12 85
13 84
14 74
15 65
16 46
17 38
18 28
19 15
20 12
21 8
22 12
23 4
24 0
25 0
last timestep 25
node 356 iteration 8
0 0
1 0
2 5
3 1
4 1
5 2
6 2
7 2
8 5
9 5
10 5
11 9
12 9
13 13
14 13
15 18
16 24
17 35
18 48
19 69
20 70
21 82
22 78
23 69
24 58
25 51
26 46
27 34
28 21
29 12
30 9
31 10
32 7
33 3
34 5
35 2
36 1
37 1
38 0
last timestep 38
node 356 iteration 9
0 0
1 6
2 6
3 8
4 7
5 12
6 11
7 10
8 13
9 9
10 8
11 16
12 16
13 13
14 25
15 33
16 44
17 50
18 70
19 75
20 82
21 75
22 75
23 55
24 32
25 20
26 11
27 10
28 10
29 8
30 7
31 4
32 0
33 0
last timestep 33
