node 776 iteration 0
0 0
1 2
2 4
3 15
4 34
5 49
6 68
7 68
8 99
9 140
10 136
11 80
12 51
13 39
14 21
15 12
16 2
17 3
18 2
19 4
20 3
21 9
22 0
23 0
last timestep 23
node 776 iteration 1
0 0
1 0
2 0
last timestep 2
node 776 iteration 2
0 0
1 1
2 1
3 4
4 8
5 14
6 30
7 53
8 79
9 99
10 130
11 128
12 111
13 76
14 80
15 55
16 34
17 26
18 15
19 14
20 5
21 6
22 5
23 4
24 2
25 1
26 0
27 0
last timestep 27
node 776 iteration 3
0 0
1 3
2 2
3 3
4 6
5 12
6 28
7 33
8 55
9 90
10 93
11 93
12 110
13 83
14 61
15 53
16 37
17 27
18 15
19 11
20 6
21 5
22 7
23 3
24 5
25 2
26 1
27 1
28 0
29 0
last timestep 29
node 776 iteration 4
0 0
1 2
2 1
3 2
4 2
5 3
6 11
7 11
8 13
9 18
10 26
11 42
12 46
13 58
14 71
15 64
16 79
17 76
18 56
19 46
20 29
21 28
22 29
23 22
24 13
25 13
26 7
27 2
28 0
29 0
last timestep 29
node 776 iteration 5
0 0
1 0
2 0
last timestep 2
node 776 iteration 6
0 0
1 2
2 13
3 27
4 41
5 47
6 72
7 111
8 119
9 104
10 99
11 80
12 62
13 39
14 20
15 13
16 7
17 7
18 4
19 5
20 1
21 0
22 0
last timestep 22
node 776 iteration 7
0 0
1 2
2 2
3 4
4 7
5 24
6 28
7 41
8 40
9 58
10 79
11 73
12 99
13 106
14 82
15 52
16 56
17 40
18 24
19 22
20 13
21 11
22 5
23 1
24 1
25 3
26 6
27 1
28 1
29 0
30 0
last timestep 30
node 776 iteration 8
0 0
1 2
2 2
3 5
4 11
5 17
6 41
7 42
8 82
9 90
10 100
11 103
12 82
13 66
14 59
15 68
16 41
17 20
18 8
19 7
20 4
21 6
22 7
23 0
24 0
last timestep 24
node 776 iteration 9
0 0
1 1
2 2
3 4
4 4
5 8
6 10
7 16
8 24
9 17
10 21
11 24
12 42
13 57
14 70
15 93
16 99
17 78
18 69
19 57
20 62
21 42
22 30
23 16
24 11
25 5
26 2
27 9
28 3
29 4
30 0
31 0
last timestep 31
