node 1667 iteration 0
0 0
1 2
2 4
3 11
4 15
5 26
6 49
7 71
8 83
9 88
10 115
11 108
12 92
13 60
14 35
15 32
16 15
17 10
18 5
19 2
20 0
21 0
last timestep 21
node 1667 iteration 1
0 0
1 2
2 0
3 0
last timestep 3
node 1667 iteration 2
0 0
1 2
2 14
3 24
4 25
5 43
6 65
7 69
8 112
9 114
10 108
11 95
12 81
13 75
14 45
15 32
16 15
17 4
18 2
19 0
20 0
last timestep 20
node 1667 iteration 3
0 0
1 1
2 4
3 6
4 5
5 4
6 5
7 7
8 21
9 25
10 51
11 60
12 74
13 85
14 95
15 104
16 95
17 76
18 52
19 37
20 30
21 19
22 11
23 7
24 2
25 2
26 0
27 0
last timestep 27
node 1667 iteration 4
0 0
1 3
2 15
3 18
4 17
5 18
6 30
7 54
8 58
9 66
10 66
11 80
12 80
13 78
14 50
15 42
16 27
17 30
18 18
19 15
20 9
21 3
22 2
23 1
24 0
25 0
last timestep 25
node 1667 iteration 5
0 0
1 1
2 4
3 9
4 8
5 17
6 27
7 35
8 36
9 57
10 69
11 92
12 76
13 89
14 78
15 51
16 40
17 31
18 18
19 8
20 8
21 8
22 7
23 4
24 3
25 4
26 5
27 7
28 5
29 1
30 0
31 0
last timestep 31
node 1667 iteration 6
0 0
1 1
2 3
3 4
4 5
5 7
6 10
7 19
8 22
9 30
10 50
11 67
12 79
13 95
14 90
15 92
16 103
17 68
18 40
19 30
20 23
21 18
22 12
23 7
24 9
25 4
26 5
27 0
28 0
last timestep 28
node 1667 iteration 7
0 0
1 3
2 5
3 7
4 6
5 5
6 16
7 19
8 28
9 37
10 44
11 65
12 89
13 67
14 102
15 75
16 52
17 50
18 47
19 38
20 33
21 21
22 19
23 12
24 11
25 8
26 5
27 3
28 1
29 3
30 0
31 0
last timestep 31
node 1667 iteration 8
0 0
1 1
2 2
3 1
4 3
5 5
6 11
7 12
8 18
9 12
10 20
11 23
12 41
13 35
14 46
15 74
16 87
17 83
18 81
19 69
20 59
21 45
22 19
23 14
24 11
25 4
26 4
27 9
28 8
29 7
30 6
31 6
32 3
33 4
34 4
35 1
36 2
37 2
38 0
39 0
last timestep 39
node 1667 iteration 9
0 0
1 3
2 9
3 10
4 16
5 24
6 42
7 63
8 75
9 80
10 93
11 76
12 68
13 46
14 38
15 43
16 35
17 19
18 6
19 2
20 1
21 0
22 0
last timestep 22
