node 692 iteration 0
0 0
1 1
2 1
3 1
4 0
5 0
last timestep 5
node 692 iteration 1
0 0
1 1
2 3
3 3
4 6
5 3
6 9
7 21
8 21
9 27
10 20
11 29
12 24
13 27
14 25
15 44
16 57
17 53
18 61
19 43
20 41
21 40
22 26
23 29
24 23
25 32
26 24
27 13
28 16
29 8
30 6
31 3
32 4
33 2
34 1
35 2
36 5
37 4
38 7
39 6
40 6
41 7
42 6
43 6
44 6
45 2
46 1
47 0
48 0
last timestep 48
node 692 iteration 2
0 0
1 0
2 0
last timestep 2
node 692 iteration 3
0 0
1 2
2 0
3 0
last timestep 3
node 692 iteration 4
0 0
1 2
2 4
3 2
4 1
5 3
6 5
7 17
8 21
9 31
10 49
11 71
12 85
13 82
14 98
15 83
16 81
17 60
18 42
19 27
20 26
21 16
22 5
23 6
24 0
25 0
last timestep 25
node 692 iteration 5
0 0
1 3
2 6
3 10
4 18
5 27
6 39
7 50
8 75
9 81
10 101
11 101
12 78
13 64
14 49
15 22
16 20
17 8
18 4
19 1
20 0
21 0
last timestep 21
node 692 iteration 6
0 0
1 4
2 5
3 8
4 10
5 10
6 15
7 16
8 13
9 38
10 46
11 67
12 83
13 108
14 89
15 76
16 71
17 46
18 28
19 25
20 14
21 7
22 6
23 4
24 1
25 2
26 1
27 0
28 0
last timestep 28
node 692 iteration 7
0 0
1 0
2 3
3 0
last timestep 3
node 692 iteration 8
0 0
1 3
2 0
3 0
last timestep 3
node 692 iteration 9
0 0
1 1
2 3
3 3
4 4
5 13
6 16
7 23
8 31
9 55
10 69
11 78
12 60
13 59
14 55
15 65
16 57
17 39
18 31
19 28
20 19
21 12
22 2
23 3
24 4
25 4
26 5
27 0
28 0
last timestep 28
