node 811 iteration 0
0 0
1 2
2 1
3 0
4 0
last timestep 4
node 811 iteration 1
0 0
1 0
2 1
3 3
4 2
5 3
6 0
last timestep 6
node 811 iteration 2
0 0
1 1
2 0
3 0
last timestep 3
node 811 iteration 3
0 0
1 1
2 0
3 0
last timestep 3
node 811 iteration 4
0 0
1 2
2 3
3 5
4 8
5 11
6 31
7 39
8 51
9 82
10 107
11 129
12 97
13 69
14 49
15 55
16 40
17 19
18 10
19 3
20 2
21 5
22 5
23 3
24 2
25 6
26 4
27 1
28 0
29 0
last timestep 29
node 811 iteration 5
0 0
1 2
2 1
3 0
4 0
last timestep 4
node 811 iteration 6
0 0
1 3
2 12
3 28
4 23
5 38
6 43
7 63
8 87
9 75
10 69
11 70
12 53
13 49
14 35
15 27
16 27
17 23
18 12
19 6
20 1
21 0
22 0
last timestep 22
node 811 iteration 7
0 0
1 2
2 3
3 1
4 1
5 1
6 6
7 10
8 6
9 9
10 8
11 6
12 13
13 4
14 14
15 25
16 23
17 41
18 70
19 80
20 79
21 79
22 72
23 61
24 43
25 27
26 28
27 18
28 7
29 3
30 6
31 3
32 7
33 7
34 1
35 1
36 2
37 1
38 1
39 2
40 2
41 0
42 0
last timestep 42
node 811 iteration 8
0 0
1 1
2 0
3 2
4 1
5 6
6 7
7 16
8 12
9 19
10 22
11 40
12 62
13 65
14 84
15 73
16 79
17 80
18 60
19 42
20 31
21 30
22 21
23 12
24 14
25 6
26 7
27 1
28 0
last timestep 28
node 811 iteration 9
0 0
1 2
2 8
3 12
4 19
5 29
6 34
7 42
8 59
9 81
10 66
11 74
12 77
13 68
14 58
15 54
16 27
17 15
18 14
19 10
20 9
21 5
22 3
23 2
24 2
25 2
26 4
27 9
28 5
29 0
30 0
last timestep 30
