node 648 iteration 0
0 0
1 1
2 1
3 2
4 3
5 8
6 15
7 13
8 17
9 21
10 23
11 39
12 57
13 50
14 75
15 87
16 65
17 50
18 60
19 43
20 34
21 22
22 13
23 17
24 12
25 9
26 3
27 2
28 0
29 0
last timestep 29
node 648 iteration 1
0 0
1 2
2 2
3 0
4 0
last timestep 4
node 648 iteration 2
0 0
1 3
2 8
3 11
4 18
5 42
6 36
7 42
8 49
9 54
10 71
11 61
12 55
13 52
14 34
15 58
16 47
17 37
18 41
19 20
20 14
21 12
22 14
23 7
24 6
25 3
26 0
27 0
last timestep 27
node 648 iteration 3
0 0
1 2
2 2
3 2
4 0
5 0
last timestep 5
node 648 iteration 4
0 0
1 4
2 5
3 6
4 8
5 20
6 20
7 17
8 28
9 37
10 45
11 51
12 70
13 86
14 77
15 87
16 82
17 68
18 39
19 12
20 12
21 6
22 0
23 1
24 0
last timestep 24
node 648 iteration 5
0 0
1 2
2 1
3 2
4 1
5 1
6 2
7 3
8 2
9 0
10 0
last timestep 10
node 648 iteration 6
0 0
1 3
2 5
3 4
4 4
5 10
6 12
7 17
8 40
9 50
10 71
11 70
12 100
13 131
14 116
15 102
16 76
17 65
18 44
19 28
20 17
21 8
22 2
23 1
24 1
25 0
26 0
last timestep 26
node 648 iteration 7
0 0
1 2
2 3
3 2
4 0
5 0
last timestep 5
node 648 iteration 8
0 0
1 0
2 0
last timestep 2
node 648 iteration 9
0 0
1 3
2 7
3 10
4 17
5 29
6 44
7 59
8 82
9 104
10 112
11 92
12 70
13 47
14 29
15 27
16 10
17 14
18 2
19 0
20 0
last timestep 20
