node 1409 iteration 0
0 0
1 1
2 1
3 0
4 0
last timestep 4
node 1409 iteration 1
0 0
1 0
2 0
last timestep 2
node 1409 iteration 2
0 0
1 1
2 0
3 1
4 1
5 2
6 2
7 1
8 1
9 5
10 6
11 11
12 20
13 26
14 36
15 45
16 34
17 36
18 42
19 60
20 74
21 78
22 82
23 65
24 44
25 31
26 31
27 14
28 12
29 13
30 4
31 3
32 1
33 0
last timestep 33
node 1409 iteration 3
0 0
1 1
2 2
3 0
4 0
last timestep 4
node 1409 iteration 4
0 0
1 8
2 12
3 12
4 25
5 16
6 28
7 17
8 16
9 25
10 47
11 50
12 75
13 73
14 64
15 63
16 46
17 44
18 45
19 37
20 20
21 19
22 17
23 17
24 12
25 5
26 5
27 7
28 4
29 4
30 1
31 0
32 0
last timestep 32
node 1409 iteration 5
0 0
1 2
2 6
3 10
4 20
5 34
6 45
7 64
8 42
9 41
10 53
11 55
12 44
13 44
14 53
15 34
16 28
17 22
18 17
19 18
20 8
21 8
22 3
23 4
24 5
25 0
26 1
27 0
last timestep 27
node 1409 iteration 6
0 0
1 1
2 0
3 3
4 3
5 8
6 13
7 19
8 31
9 40
10 57
11 69
12 85
13 80
14 77
15 68
16 70
17 76
18 58
19 46
20 42
21 30
22 22
23 6
24 5
25 2
26 0
last timestep 26
node 1409 iteration 7
0 0
1 0
2 2
3 3
4 4
5 5
6 7
7 11
8 19
9 19
10 36
11 38
12 37
13 49
14 82
15 88
16 77
17 74
18 75
19 54
20 39
21 26
22 22
23 9
24 6
25 6
26 2
27 0
last timestep 27
node 1409 iteration 8
0 0
1 0
2 0
last timestep 2
node 1409 iteration 9
0 0
1 3
2 6
3 10
4 10
5 15
6 17
7 22
8 30
9 36
10 54
11 75
12 90
13 89
14 89
15 73
16 65
17 50
18 44
19 34
20 22
21 26
22 10
23 6
24 4
25 1
26 0
27 0
last timestep 27
