node 819 iteration 0
0 0
1 2
2 0
3 0
last timestep 3
node 819 iteration 1
0 0
1 7
2 11
3 7
4 15
5 21
6 48
7 35
8 57
9 73
10 97
11 95
12 95
13 110
14 92
15 64
16 33
17 23
18 19
19 19
20 13
21 3
22 1
23 2
24 8
25 2
26 1
27 1
28 0
29 0
last timestep 29
node 819 iteration 2
0 0
1 7
2 4
3 9
4 19
5 28
6 29
7 34
8 41
9 35
10 29
11 33
12 22
13 25
14 45
15 29
16 29
17 18
18 24
19 21
20 20
21 20
22 21
23 13
24 17
25 9
26 7
27 5
28 2
29 3
30 2
31 0
32 0
last timestep 32
node 819 iteration 3
0 0
1 2
2 3
3 14
4 15
5 30
6 36
7 36
8 70
9 85
10 72
11 82
12 98
13 79
14 54
15 60
16 46
17 35
18 22
19 16
20 10
21 10
22 9
23 7
24 3
25 2
26 0
27 0
last timestep 27
node 819 iteration 4
0 0
1 4
2 7
3 13
4 19
5 27
6 41
7 64
8 97
9 104
10 118
11 104
12 76
13 64
14 46
15 41
16 27
17 22
18 17
19 6
20 7
21 2
22 0
23 1
24 1
25 1
26 1
27 0
last timestep 27
node 819 iteration 5
0 0
1 4
2 8
3 9
4 11
5 16
6 30
7 47
8 55
9 58
10 88
11 80
12 62
13 46
14 40
15 40
16 28
17 17
18 14
19 10
20 9
21 8
22 6
23 6
24 1
25 0
26 0
last timestep 26
node 819 iteration 6
0 0
1 2
2 2
3 1
4 4
5 1
6 2
7 1
8 2
9 0
10 0
last timestep 10
node 819 iteration 7
0 0
1 6
2 7
3 14
4 12
5 18
6 30
7 39
8 57
9 56
10 42
11 46
12 56
13 54
14 57
15 45
16 44
17 31
18 20
19 8
20 7
21 3
22 4
23 1
24 0
25 1
26 3
27 1
28 1
29 0
last timestep 29
node 819 iteration 8
0 0
1 0
2 0
last timestep 2
node 819 iteration 9
0 0
1 6
2 7
3 9
4 4
5 17
6 33
7 43
8 63
9 86
10 106
11 106
12 104
13 97
14 69
15 46
16 27
17 33
18 13
19 4
20 8
21 3
22 2
23 0
24 0
last timestep 24
