node 1012 iteration 0
0 0
1 2
2 5
3 7
4 14
5 12
6 17
7 21
8 29
9 30
10 37
11 62
12 81
13 58
14 73
15 48
16 41
17 20
18 12
19 9
20 5
21 9
22 5
23 0
24 0
last timestep 24
node 1012 iteration 1
0 0
1 1
2 8
3 11
4 23
5 24
6 30
7 39
8 40
9 36
10 50
11 80
12 76
13 76
14 57
15 44
16 54
17 44
18 23
19 15
20 8
21 8
22 9
23 8
24 6
25 5
26 6
27 10
28 2
29 6
30 7
31 3
32 1
33 1
34 0
35 0
last timestep 35
node 1012 iteration 2
0 0
1 2
2 5
3 7
4 12
5 10
6 21
7 24
8 34
9 47
10 65
11 78
12 80
13 92
14 97
15 61
16 47
17 31
18 37
19 27
20 15
21 5
22 2
23 0
24 1
25 0
last timestep 25
node 1012 iteration 3
0 0
1 5
2 10
3 9
4 14
5 17
6 19
7 11
8 17
9 22
10 34
11 25
12 38
13 39
14 52
15 41
16 51
17 61
18 67
19 61
20 46
21 40
22 29
23 33
24 19
25 12
26 9
27 6
28 3
29 2
30 1
31 0
32 0
last timestep 32
node 1012 iteration 4
0 0
1 1
2 1
3 2
4 5
5 13
6 5
7 12
8 22
9 36
10 40
11 47
12 72
13 73
14 86
15 74
16 64
17 40
18 44
19 30
20 36
21 13
22 14
23 8
24 3
25 1
26 0
27 0
last timestep 27
node 1012 iteration 5
0 0
1 2
2 2
3 5
4 4
5 9
6 22
7 38
8 51
9 65
10 87
11 95
12 87
13 76
14 52
15 50
16 27
17 32
18 11
19 6
20 2
21 2
22 2
23 0
24 0
last timestep 24
node 1012 iteration 6
0 0
1 2
2 1
3 0
4 0
last timestep 4
node 1012 iteration 7
0 0
1 4
2 4
3 9
4 8
5 20
6 41
7 41
8 53
9 104
10 107
11 99
12 101
13 79
14 68
15 55
16 26
17 23
18 15
19 11
20 4
21 9
22 7
23 2
24 1
25 0
26 0
last timestep 26
node 1012 iteration 8
0 0
1 1
2 1
3 0
4 0
last timestep 4
node 1012 iteration 9
0 0
1 2
2 4
3 4
4 2
5 3
6 5
7 6
8 10
9 7
10 17
11 23
12 30
13 30
14 43
15 58
16 89
17 86
18 63
19 52
20 41
21 29
22 23
23 26
24 25
25 12
26 5
27 5
28 5
29 5
30 1
31 2
32 0
33 0
last timestep 33
