node 979 iteration 0
0 0
1 5
2 3
3 7
4 5
5 16
6 23
7 29
8 41
9 47
10 60
11 83
12 110
13 107
14 76
15 60
16 53
17 41
18 24
19 10
20 15
21 8
22 3
23 1
24 0
25 0
last timestep 25
node 979 iteration 1
0 0
1 5
2 6
3 6
4 12
5 19
6 32
7 39
8 33
9 25
10 29
11 44
12 68
13 67
14 81
15 93
16 87
17 73
18 50
19 30
20 13
21 14
22 15
23 7
24 8
25 1
26 1
27 0
28 0
last timestep 28
node 979 iteration 2
0 0
1 5
2 3
3 12
4 18
5 20
6 28
7 50
8 71
9 80
10 96
11 89
12 69
13 66
14 54
15 43
16 28
17 14
18 9
19 5
20 9
21 16
22 8
23 5
24 2
25 0
26 0
last timestep 26
node 979 iteration 3
0 0
1 8
2 8
3 20
4 19
5 37
6 37
7 52
8 57
9 70
10 82
11 83
12 64
13 64
14 72
15 36
16 17
17 8
18 14
19 6
20 3
21 5
22 3
23 2
24 3
25 1
26 1
27 0
28 0
last timestep 28
node 979 iteration 4
0 0
1 4
2 3
3 4
4 14
5 21
6 22
7 33
8 33
9 42
10 60
11 81
12 69
13 80
14 50
15 45
16 37
17 33
18 46
19 28
20 24
21 9
22 15
23 10
24 6
25 11
26 4
27 6
28 1
29 2
30 0
31 1
32 0
last timestep 32
node 979 iteration 5
0 0
1 3
2 1
3 2
4 4
5 5
6 23
7 17
8 31
9 30
10 38
11 46
12 46
13 68
14 69
15 67
16 54
17 54
18 60
19 55
20 46
21 31
22 21
23 12
24 10
25 7
26 5
27 7
28 1
29 0
30 0
last timestep 30
node 979 iteration 6
0 0
1 3
2 3
3 2
4 4
5 5
6 7
7 9
8 8
9 14
10 7
11 9
12 14
13 17
14 20
15 26
16 32
17 37
18 36
19 39
20 27
21 34
22 31
23 38
24 36
25 46
26 41
27 46
28 37
29 25
30 21
31 9
32 11
33 5
34 3
35 3
36 1
37 0
38 0
last timestep 38
node 979 iteration 7
0 0
1 1
2 0
3 0
last timestep 3
node 979 iteration 8
0 0
1 2
2 7
3 12
4 16
5 30
6 45
7 77
8 101
9 111
10 80
11 87
12 55
13 50
14 42
15 40
16 33
17 15
18 18
19 12
20 15
21 7
22 2
23 1
24 0
25 0
last timestep 25
node 979 iteration 9
0 0
1 5
2 11
3 12
4 9
5 17
6 18
7 38
8 47
9 62
10 96
11 103
12 101
13 92
14 83
15 56
16 31
17 16
18 10
19 4
20 5
21 2
22 5
23 0
24 1
25 1
26 0
last timestep 26
