node 1411 iteration 0
0 0
1 3
2 5
3 11
4 13
5 23
6 34
7 44
8 65
9 52
10 89
11 86
12 105
13 75
14 56
15 46
16 30
17 19
18 14
19 11
20 11
21 4
22 8
23 8
24 2
25 1
26 1
27 0
28 0
last timestep 28
node 1411 iteration 1
0 0
1 2
2 1
3 3
4 4
5 2
6 6
7 17
8 14
9 20
10 35
11 47
12 62
13 61
14 78
15 69
16 58
17 63
18 44
19 40
20 22
21 13
22 6
23 7
24 5
25 4
26 2
27 2
28 0
29 0
last timestep 29
node 1411 iteration 2
0 0
1 2
2 6
3 6
4 4
5 5
6 6
7 5
8 5
9 10
10 9
11 8
12 6
13 15
14 29
15 49
16 75
17 118
18 111
19 119
20 110
21 64
22 60
23 27
24 13
25 11
26 11
27 10
28 7
29 2
30 1
31 1
32 0
33 0
last timestep 33
node 1411 iteration 3
0 0
1 0
2 0
last timestep 2
node 1411 iteration 4
0 0
1 0
2 0
last timestep 2
node 1411 iteration 5
0 0
1 0
2 1
3 4
4 9
5 9
6 11
7 10
8 17
9 35
10 39
11 58
12 72
13 77
14 81
15 93
16 66
17 56
18 45
19 51
20 25
21 11
22 4
23 3
24 1
25 0
last timestep 25
node 1411 iteration 6
0 0
1 1
2 3
3 3
4 0
5 3
6 8
7 4
8 3
9 6
10 3
11 5
12 8
13 10
14 7
15 13
16 16
17 15
18 21
19 26
20 43
21 70
22 78
23 86
24 89
25 77
26 69
27 51
28 39
29 22
30 14
31 8
32 1
33 3
34 3
35 4
36 2
37 0
last timestep 37
node 1411 iteration 7
0 0
1 2
2 0
3 0
last timestep 3
node 1411 iteration 8
0 0
1 1
2 3
3 3
4 8
5 10
6 13
7 21
8 26
9 40
10 41
11 36
12 51
13 69
14 76
15 84
16 62
17 45
18 23
19 27
20 21
21 23
22 10
23 12
24 13
25 10
26 6
27 4
28 3
29 2
30 0
31 0
last timestep 31
node 1411 iteration 9
0 0
1 0
2 0
last timestep 2
