node 125 iteration 0
0 0
1 5
2 6
3 15
4 15
5 34
6 51
7 85
8 84
9 99
10 110
11 82
12 57
13 31
14 25
15 18
16 12
17 9
18 5
19 5
20 4
21 2
22 3
23 0
24 1
25 1
26 2
27 1
28 0
last timestep 28
node 125 iteration 1
0 0
1 1
2 0
3 2
4 1
5 0
last timestep 5
node 125 iteration 2
0 0
1 2
2 4
3 6
4 9
5 6
6 19
7 37
8 49
9 64
10 62
11 55
12 61
13 49
14 34
15 38
16 31
17 35
18 34
19 36
20 35
21 17
22 6
23 6
24 3
25 0
26 0
last timestep 26
node 125 iteration 3
0 0
1 3
2 2
3 1
4 0
5 0
last timestep 5
node 125 iteration 4
0 0
1 5
2 5
3 6
4 3
5 6
6 16
7 10
8 6
9 7
10 5
11 6
12 9
13 7
14 2
15 5
16 11
17 9
18 16
19 32
20 35
21 52
22 72
23 91
24 61
25 56
26 56
27 65
28 64
29 46
30 30
31 25
32 18
33 12
34 6
35 5
36 4
37 2
38 1
39 3
40 0
41 2
42 1
43 0
last timestep 43
node 125 iteration 5
0 0
1 3
2 3
3 12
4 17
5 22
6 51
7 70
8 79
9 94
10 93
11 74
12 67
13 34
14 37
15 21
16 8
17 6
18 3
19 0
20 0
last timestep 20
node 125 iteration 6
0 0
1 5
2 7
3 6
4 5
5 6
6 5
7 8
8 21
9 32
10 40
11 41
12 41
13 41
14 33
15 35
16 53
17 49
18 43
19 48
20 40
21 39
22 31
23 27
24 29
25 21
26 20
27 12
28 7
29 2
30 3
31 1
32 0
33 0
last timestep 33
node 125 iteration 7
0 0
1 3
2 1
3 4
4 7
5 10
6 12
7 25
8 32
9 46
10 58
11 77
12 87
13 77
14 81
15 83
16 71
17 47
18 32
19 25
20 17
21 7
22 5
23 9
24 6
25 3
26 4
27 1
28 0
29 0
last timestep 29
node 125 iteration 8
0 0
1 5
2 2
3 5
4 4
5 6
6 15
7 19
8 30
9 45
10 62
11 69
12 85
13 91
14 83
15 84
16 47
17 40
18 21
19 17
20 11
21 7
22 3
23 0
24 0
last timestep 24
node 125 iteration 9
0 0
1 3
2 1
3 0
4 0
last timestep 4
