node 1055 iteration 0
0 0
1 2
2 0
3 4
4 10
5 10
6 17
7 26
8 41
9 48
10 71
11 91
12 100
13 90
14 90
15 77
16 79
17 51
18 38
19 15
20 10
21 8
22 8
23 3
24 3
25 1
26 1
27 0
last timestep 27
node 1055 iteration 1
0 0
1 7
2 12
3 15
4 27
5 42
6 54
7 61
8 64
9 69
10 73
11 59
12 56
13 52
14 38
15 39
16 31
17 30
18 12
19 9
20 7
21 6
22 8
23 11
24 7
25 4
26 5
27 4
28 0
29 0
last timestep 29
node 1055 iteration 2
0 0
1 2
2 0
3 0
last timestep 3
node 1055 iteration 3
0 0
1 2
2 1
3 1
4 4
5 9
6 7
7 22
8 30
9 26
10 49
11 51
12 65
13 83
14 106
15 114
16 100
17 74
18 43
19 25
20 15
21 3
22 0
23 0
last timestep 23
node 1055 iteration 4
0 0
1 2
2 7
3 8
4 16
5 23
6 54
7 87
8 89
9 114
10 106
11 97
12 80
13 77
14 48
15 29
16 14
17 6
18 5
19 1
20 0
21 0
last timestep 21
node 1055 iteration 5
0 0
1 6
2 9
3 19
4 36
5 64
6 70
7 97
8 85
9 62
10 63
11 66
12 41
13 26
14 15
15 9
16 4
17 6
18 0
19 0
last timestep 19
node 1055 iteration 6
0 0
1 3
2 2
3 7
4 8
5 12
6 17
7 26
8 43
9 57
10 72
11 61
12 66
13 73
14 82
15 69
16 51
17 29
18 17
19 20
20 14
21 9
22 12
23 11
24 5
25 4
26 3
27 3
28 0
29 0
last timestep 29
node 1055 iteration 7
0 0
1 6
2 12
3 11
4 16
5 23
6 28
7 47
8 81
9 104
10 111
11 110
12 102
13 72
14 52
15 33
16 30
17 12
18 6
19 3
20 1
21 1
22 1
23 1
24 0
25 0
last timestep 25
node 1055 iteration 8
0 0
1 5
2 16
3 17
4 29
5 24
6 35
7 58
8 66
9 95
10 83
11 105
12 99
13 89
14 47
15 45
16 30
17 24
18 8
19 7
20 2
21 2
22 0
23 0
last timestep 23
node 1055 iteration 9
0 0
1 6
2 4
3 4
4 1
5 2
6 6
7 6
8 15
9 16
10 17
11 43
12 45
13 66
14 88
15 92
16 73
17 73
18 56
19 42
20 40
21 39
22 29
23 24
24 18
25 13
26 8
27 4
28 1
29 0
30 0
last timestep 30
