node 573 iteration 0
0 0
1 2
2 5
3 17
4 29
5 31
6 45
7 58
8 64
9 85
10 91
11 86
12 77
13 70
14 45
15 46
16 21
17 11
18 5
19 8
20 5
21 3
22 3
23 3
24 4
25 0
26 0
last timestep 26
node 573 iteration 1
0 0
1 3
2 0
3 3
4 4
5 2
6 8
7 11
8 18
9 27
10 40
11 42
12 68
13 80
14 93
15 96
16 90
17 60
18 56
19 30
20 19
21 15
22 13
23 16
24 10
25 4
26 4
27 2
28 0
last timestep 28
node 573 iteration 2
0 0
1 4
2 6
3 5
4 10
5 5
6 2
7 3
8 16
9 37
10 24
11 40
12 51
13 53
14 58
15 71
16 69
17 77
18 71
19 69
20 45
21 59
22 30
23 14
24 11
25 8
26 5
27 2
28 1
29 0
30 0
last timestep 30
node 573 iteration 3
0 0
1 3
2 4
3 24
4 27
5 38
6 46
7 42
8 76
9 78
10 90
11 102
12 93
13 75
14 43
15 28
16 13
17 6
18 1
19 0
20 0
last timestep 20
node 573 iteration 4
0 0
1 3
2 2
3 5
4 3
5 13
6 13
7 15
8 29
9 56
10 67
11 61
12 62
13 64
14 53
15 49
16 37
17 43
18 37
19 19
20 16
21 14
22 11
23 18
24 13
25 15
26 7
27 8
28 3
29 2
30 3
31 4
32 8
33 4
34 4
35 1
36 0
37 0
last timestep 37
node 573 iteration 5
0 0
1 2
2 0
3 0
last timestep 3
node 573 iteration 6
0 0
1 1
2 2
3 2
4 2
5 2
6 3
7 3
8 6
9 9
10 16
11 32
12 44
13 53
14 63
15 63
16 59
17 75
18 72
19 83
20 52
21 35
22 26
23 17
24 10
25 6
26 3
27 2
28 1
29 0
30 0
last timestep 30
node 573 iteration 7
0 0
1 0
2 0
last timestep 2
node 573 iteration 8
0 0
1 0
2 0
last timestep 2
node 573 iteration 9
0 0
1 1
2 0
3 0
last timestep 3
