node 559 iteration 0
0 0
1 5
2 6
3 3
4 12
5 13
6 12
7 21
8 35
9 43
10 48
11 58
12 66
13 50
14 46
15 50
16 47
17 39
18 29
19 37
20 33
21 13
22 11
23 3
24 0
25 0
last timestep 25
node 559 iteration 1
0 0
1 5
2 15
3 25
4 24
5 36
6 28
7 45
8 69
9 72
10 83
11 71
12 57
13 43
14 40
15 16
16 19
17 14
18 8
19 4
20 2
21 1
22 0
23 0
last timestep 23
node 559 iteration 2
0 0
1 6
2 11
3 33
4 33
5 37
6 49
7 88
8 79
9 73
10 75
11 64
12 52
13 36
14 21
15 15
16 10
17 11
18 10
19 10
20 6
21 9
22 3
23 1
24 0
25 0
last timestep 25
node 559 iteration 3
0 0
1 6
2 10
3 24
4 38
5 55
6 54
7 63
8 66
9 65
10 76
11 84
12 88
13 56
14 47
15 23
16 15
17 6
18 5
19 4
20 6
21 2
22 0
23 0
last timestep 23
node 559 iteration 4
0 0
1 3
2 0
3 0
last timestep 3
node 559 iteration 5
0 0
1 4
2 3
3 5
4 9
5 23
6 26
7 33
8 35
9 59
10 55
11 75
12 78
13 85
14 73
15 75
16 43
17 22
18 24
19 17
20 9
21 9
22 2
23 3
24 0
25 0
last timestep 25
node 559 iteration 6
0 0
1 1
2 1
3 3
4 9
5 9
6 19
7 21
8 23
9 32
10 49
11 58
12 77
13 76
14 80
15 69
16 40
17 30
18 25
19 23
20 22
21 16
22 12
23 8
24 0
25 0
last timestep 25
node 559 iteration 7
0 0
1 8
2 9
3 18
4 17
5 36
6 33
7 54
8 69
9 87
10 111
11 97
12 88
13 83
14 66
15 43
16 25
17 9
18 9
19 4
20 3
21 7
22 3
23 5
24 2
25 5
26 1
27 2
28 1
29 0
30 0
last timestep 30
node 559 iteration 8
0 0
1 11
2 16
3 16
4 23
5 18
6 32
7 43
8 77
9 89
10 101
11 96
12 74
13 53
14 48
15 23
16 14
17 9
18 3
19 3
20 1
21 1
22 2
23 1
24 0
25 0
last timestep 25
node 559 iteration 9
0 0
1 3
2 15
3 25
4 23
5 30
6 43
7 58
8 73
9 73
10 95
11 76
12 65
13 44
14 52
15 37
16 28
17 22
18 15
19 17
20 11
21 2
22 1
23 1
24 0
25 0
last timestep 25
