node 1218 iteration 0
0 0
1 1
2 4
3 7
4 10
5 12
6 17
7 26
8 35
9 51
10 74
11 93
12 89
13 83
14 72
15 62
16 46
17 34
18 28
19 21
20 23
21 11
22 5
23 6
24 5
25 1
26 1
27 0
28 0
last timestep 28
node 1218 iteration 1
0 0
1 1
2 1
3 1
4 2
5 4
6 10
7 16
8 20
9 32
10 46
11 62
12 75
13 104
14 113
15 105
16 85
17 76
18 54
19 46
20 30
21 9
22 11
23 3
24 4
25 2
26 1
27 0
28 0
last timestep 28
node 1218 iteration 2
0 0
1 3
2 3
3 1
4 1
5 3
6 16
7 25
8 21
9 42
10 61
11 88
12 118
13 107
14 106
15 76
16 63
17 48
18 33
19 29
20 14
21 11
22 9
23 3
24 4
25 1
26 1
27 0
28 0
last timestep 28
node 1218 iteration 3
0 0
1 1
2 3
3 1
4 2
5 2
6 5
7 16
8 17
9 21
10 37
11 31
12 54
13 56
14 77
15 74
16 81
17 66
18 63
19 48
20 39
21 28
22 16
23 10
24 9
25 3
26 3
27 0
28 0
last timestep 28
node 1218 iteration 4
0 0
1 3
2 3
3 3
4 4
5 4
6 3
7 10
8 5
9 7
10 16
11 25
12 39
13 43
14 40
15 42
16 50
17 41
18 57
19 40
20 52
21 54
22 48
23 37
24 28
25 13
26 12
27 6
28 4
29 10
30 7
31 7
32 3
33 2
34 1
35 0
36 0
last timestep 36
node 1218 iteration 5
0 0
1 1
2 0
3 0
last timestep 3
node 1218 iteration 6
0 0
1 1
2 3
3 12
4 22
5 35
6 57
7 79
8 110
9 106
10 101
11 87
12 65
13 56
14 39
15 22
16 12
17 5
18 9
19 4
20 0
21 0
last timestep 21
node 1218 iteration 7
0 0
1 0
2 0
last timestep 2
node 1218 iteration 8
0 0
1 2
2 3
3 3
4 1
5 1
6 2
7 6
8 14
9 18
10 16
11 26
12 38
13 51
14 62
15 57
16 72
17 84
18 76
19 63
20 46
21 29
22 26
23 21
24 19
25 16
26 3
27 0
28 2
29 0
last timestep 29
node 1218 iteration 9
0 0
1 1
2 0
3 0
last timestep 3
