node 598 iteration 0
0 0
1 2
2 3
3 7
4 7
5 6
6 17
7 23
8 30
9 25
10 44
11 57
12 61
13 73
14 93
15 70
16 73
17 47
18 38
19 37
20 10
21 7
22 5
23 12
24 7
25 4
26 1
27 0
28 1
29 0
last timestep 29
node 598 iteration 1
0 0
1 3
2 1
3 3
4 7
5 2
6 4
7 8
8 12
9 12
10 10
11 9
12 5
13 12
14 22
15 34
16 30
17 41
18 42
19 50
20 52
21 81
22 73
23 66
24 46
25 42
26 25
27 17
28 17
29 9
30 3
31 3
32 0
33 0
last timestep 33
node 598 iteration 2
0 0
1 4
2 9
3 19
4 41
5 57
6 75
7 80
8 112
9 98
10 81
11 77
12 53
13 40
14 31
15 20
16 3
17 5
18 0
19 1
20 1
21 2
22 3
23 1
24 1
25 2
26 0
last timestep 26
node 598 iteration 3
0 0
1 1
2 3
3 8
4 6
5 5
6 20
7 23
8 23
9 37
10 50
11 66
12 80
13 88
14 83
15 100
16 57
17 51
18 40
19 17
20 17
21 4
22 1
23 2
24 0
25 0
last timestep 25
node 598 iteration 4
0 0
1 1
2 0
3 0
last timestep 3
node 598 iteration 5
0 0
1 0
2 0
last timestep 2
node 598 iteration 6
0 0
1 6
2 5
3 10
4 15
5 36
6 36
7 69
8 73
9 72
10 64
11 55
12 59
13 55
14 55
15 36
16 40
17 40
18 24
19 21
20 13
21 8
22 5
23 1
24 2
25 0
26 0
last timestep 26
node 598 iteration 7
0 0
1 2
2 9
3 11
4 24
5 27
6 24
7 30
8 48
9 68
10 84
11 75
12 74
13 69
14 44
15 36
16 31
17 32
18 16
19 25
20 23
21 34
22 19
23 6
24 6
25 3
26 0
27 1
28 0
last timestep 28
node 598 iteration 8
0 0
1 2
2 9
3 10
4 3
5 4
6 6
7 5
8 12
9 25
10 37
11 66
12 67
13 85
14 89
15 61
16 63
17 47
18 52
19 28
20 16
21 6
22 12
23 7
24 2
25 3
26 0
27 0
last timestep 27
node 598 iteration 9
0 0
1 1
2 0
3 0
last timestep 3
