node 565 iteration 0
0 0
1 3
2 6
3 12
4 11
5 14
6 22
7 21
8 35
9 61
10 50
11 68
12 75
13 88
14 79
15 74
16 42
17 34
18 15
19 11
20 4
21 1
22 3
23 3
24 2
25 1
26 1
27 0
28 0
last timestep 28
node 565 iteration 1
0 0
1 0
2 0
last timestep 2
node 565 iteration 2
0 0
1 2
2 7
3 8
4 12
5 25
6 30
7 41
8 49
9 67
10 71
11 59
12 54
13 43
14 54
15 30
16 24
17 33
18 17
19 12
20 5
21 2
22 3
23 2
24 0
25 0
last timestep 25
node 565 iteration 3
0 0
1 4
2 9
3 18
4 19
5 24
6 32
7 36
8 46
9 74
10 76
11 105
12 81
13 67
14 48
15 50
16 33
17 25
18 33
19 18
20 8
21 1
22 4
23 0
24 0
last timestep 24
node 565 iteration 4
0 0
1 1
2 1
3 1
4 2
5 5
6 4
7 14
8 24
9 30
10 46
11 64
12 69
13 70
14 72
15 88
16 57
17 41
18 25
19 20
20 18
21 14
22 7
23 7
24 3
25 4
26 0
27 0
last timestep 27
node 565 iteration 5
0 0
1 1
2 13
3 14
4 15
5 27
6 30
7 42
8 44
9 75
10 60
11 61
12 50
13 51
14 57
15 52
16 43
17 33
18 30
19 20
20 17
21 10
22 13
23 6
24 4
25 2
26 0
27 0
last timestep 27
node 565 iteration 6
0 0
1 1
2 5
3 11
4 21
5 41
6 73
7 77
8 79
9 78
10 85
11 66
12 60
13 45
14 26
15 27
16 21
17 18
18 16
19 10
20 6
21 2
22 4
23 2
24 5
25 1
26 1
27 0
28 0
last timestep 28
node 565 iteration 7
0 0
1 1
2 3
3 3
4 7
5 10
6 16
7 17
8 21
9 19
10 29
11 38
12 68
13 66
14 88
15 80
16 79
17 59
18 41
19 39
20 24
21 9
22 9
23 7
24 5
25 6
26 4
27 8
28 1
29 1
30 3
31 2
32 2
33 1
34 3
35 2
36 1
37 0
38 0
last timestep 38
node 565 iteration 8
0 0
1 2
2 2
3 0
4 0
last timestep 4
node 565 iteration 9
0 0
1 1
2 0
3 0
last timestep 3
