node 1139 iteration 0
0 0
1 5
2 2
3 2
4 3
5 10
6 11
7 17
8 30
9 44
10 51
11 63
12 66
13 69
14 93
15 104
16 81
17 53
18 49
19 34
20 23
21 14
22 9
23 18
24 9
25 6
26 2
27 0
28 0
last timestep 28
node 1139 iteration 1
0 0
1 0
2 0
last timestep 2
node 1139 iteration 2
0 0
1 5
2 9
3 11
4 21
5 28
6 60
7 56
8 75
9 79
10 78
11 89
12 92
13 74
14 58
15 52
16 40
17 22
18 16
19 7
20 1
21 1
22 2
23 2
24 0
25 0
last timestep 25
node 1139 iteration 3
0 0
1 3
2 1
3 1
4 0
5 0
last timestep 5
node 1139 iteration 4
0 0
1 4
2 2
3 5
4 7
5 4
6 7
7 2
8 2
9 0
10 0
last timestep 10
node 1139 iteration 5
0 0
1 3
2 3
3 0
4 0
last timestep 4
node 1139 iteration 6
0 0
1 3
2 1
3 5
4 3
5 6
6 22
7 56
8 88
9 122
10 134
11 114
12 115
13 103
14 64
15 41
16 23
17 30
18 9
19 3
20 7
21 2
22 0
23 0
last timestep 23
node 1139 iteration 7
0 0
1 1
2 2
3 5
4 3
5 5
6 11
7 15
8 27
9 43
10 43
11 61
12 74
13 73
14 57
15 83
16 73
17 71
18 48
19 29
20 25
21 17
22 11
23 5
24 1
25 1
26 2
27 1
28 0
29 0
last timestep 29
node 1139 iteration 8
0 0
1 2
2 5
3 5
4 2
5 2
6 1
7 6
8 12
9 8
10 6
11 13
12 18
13 28
14 41
15 46
16 65
17 63
18 73
19 70
20 54
21 46
22 40
23 36
24 22
25 13
26 11
27 8
28 5
29 0
30 0
last timestep 30
node 1139 iteration 9
0 0
1 2
2 4
3 6
4 9
5 15
6 37
7 65
8 85
9 105
10 100
11 92
12 70
13 59
14 42
15 29
16 18
17 18
18 5
19 1
20 0
21 0
last timestep 21
