node 295 iteration 0
0 0
1 2
2 5
3 7
4 10
5 23
6 33
7 51
8 90
9 72
10 103
11 94
12 70
13 63
14 43
15 23
16 21
17 10
18 0
19 5
20 1
21 0
last timestep 21
node 295 iteration 1
0 0
1 1
2 8
3 17
4 20
5 35
6 34
7 37
8 37
9 30
10 46
11 45
12 34
13 49
14 67
15 66
16 57
17 52
18 34
19 29
20 13
21 17
22 19
23 17
24 11
25 10
26 6
27 9
28 7
29 2
30 4
31 3
32 0
33 0
last timestep 33
node 295 iteration 2
0 0
1 1
2 2
3 1
4 10
5 5
6 8
7 19
8 24
9 37
10 45
11 82
12 72
13 89
14 77
15 76
16 79
17 60
18 45
19 21
20 6
21 7
22 3
23 0
24 0
last timestep 24
node 295 iteration 3
0 0
1 1
2 2
3 5
4 12
5 19
6 28
7 35
8 44
9 52
10 71
11 84
12 81
13 92
14 80
15 66
16 37
17 22
18 16
19 23
20 10
21 4
22 6
23 3
24 1
25 0
26 0
last timestep 26
node 295 iteration 4
0 0
1 0
2 0
last timestep 2
node 295 iteration 5
0 0
1 3
2 3
3 3
4 5
5 9
6 13
7 21
8 29
9 53
10 98
11 98
12 94
13 96
14 85
15 79
16 47
17 42
18 25
19 11
20 13
21 12
22 4
23 8
24 4
25 2
26 1
27 0
28 0
last timestep 28
node 295 iteration 6
0 0
1 0
2 0
last timestep 2
node 295 iteration 7
0 0
1 0
2 0
last timestep 2
node 295 iteration 8
0 0
1 2
2 2
3 8
4 8
5 4
6 8
7 10
8 15
9 16
10 26
11 35
12 42
13 69
14 72
15 88
16 69
17 53
18 62
19 47
20 44
21 51
22 33
23 8
24 9
25 3
26 0
27 0
last timestep 27
node 295 iteration 9
0 0
1 1
2 0
3 0
last timestep 3
