node 363 iteration 0
0 0
1 3
2 8
3 8
4 16
5 18
6 24
7 29
8 62
9 88
10 94
11 104
12 96
13 84
14 41
15 42
16 27
17 15
18 13
19 5
20 6
21 1
22 0
23 0
last timestep 23
node 363 iteration 1
0 0
1 2
2 2
3 5
4 5
5 11
6 18
7 33
8 42
9 48
10 77
11 88
12 111
13 100
14 97
15 63
16 46
17 44
18 30
19 23
20 14
21 13
22 11
23 4
24 1
25 1
26 1
27 1
28 1
29 0
30 0
last timestep 30
node 363 iteration 2
0 0
1 2
2 3
3 2
4 4
5 2
6 6
7 7
8 13
9 19
10 38
11 51
12 66
13 66
14 100
15 91
16 74
17 63
18 52
19 47
20 38
21 32
22 29
23 28
24 19
25 18
26 10
27 2
28 1
29 2
30 3
31 6
32 0
33 3
34 2
35 0
last timestep 35
node 363 iteration 3
0 0
1 2
2 3
3 2
4 1
5 1
6 0
7 2
8 0
last timestep 8
node 363 iteration 4
0 0
1 4
2 8
3 0
4 3
5 1
6 1
7 1
8 0
last timestep 8
node 363 iteration 5
0 0
1 6
2 15
3 22
4 49
5 77
6 122
7 103
8 124
9 95
10 79
11 44
12 38
13 23
14 16
15 7
16 5
17 2
18 1
19 0
20 0
last timestep 20
node 363 iteration 6
0 0
1 0
2 0
last timestep 2
node 363 iteration 7
0 0
1 0
2 0
last timestep 2
node 363 iteration 8
0 0
1 3
2 1
3 5
4 3
5 10
6 6
7 4
8 13
9 22
10 23
11 26
12 46
13 44
14 62
15 66
16 55
17 73
18 81
19 77
20 57
21 47
22 23
23 22
24 14
25 6
26 1
27 0
28 0
last timestep 28
node 363 iteration 9
0 0
1 3
2 0
3 3
4 5
5 7
6 5
7 6
8 16
9 30
10 56
11 79
12 96
13 109
14 112
15 94
16 69
17 54
18 43
19 23
20 29
21 15
22 3
23 2
24 0
last timestep 24
