node 1099 iteration 0
0 0
1 3
2 0
3 0
last timestep 3
node 1099 iteration 1
0 0
1 1
2 2
3 0
4 0
last timestep 4
node 1099 iteration 2
0 0
1 2
2 11
3 17
4 14
5 15
6 33
7 43
8 46
9 52
10 72
11 82
12 84
13 70
14 68
15 59
16 48
17 30
18 24
19 22
20 7
21 5
22 2
23 2
24 1
25 1
26 1
27 0
28 0
last timestep 28
node 1099 iteration 3
0 0
1 3
2 2
3 7
4 14
5 16
6 16
7 30
8 35
9 57
10 55
11 71
12 74
13 79
14 69
15 60
16 40
17 35
18 18
19 16
20 18
21 16
22 8
23 11
24 7
25 6
26 3
27 2
28 0
29 0
last timestep 29
node 1099 iteration 4
0 0
1 3
2 2
3 5
4 21
5 10
6 22
7 32
8 46
9 54
10 58
11 65
12 85
13 86
14 87
15 48
16 46
17 44
18 33
19 26
20 17
21 11
22 11
23 10
24 9
25 5
26 3
27 7
28 4
29 7
30 6
31 4
32 2
33 0
34 0
last timestep 34
node 1099 iteration 5
0 0
1 8
2 8
3 14
4 13
5 10
6 32
7 37
8 36
9 51
10 57
11 80
12 84
13 94
14 78
15 74
16 40
17 29
18 18
19 12
20 10
21 3
22 4
23 6
24 2
25 2
26 1
27 1
28 0
29 0
last timestep 29
node 1099 iteration 6
0 0
1 1
2 2
3 1
4 0
5 0
last timestep 5
node 1099 iteration 7
0 0
1 5
2 9
3 7
4 9
5 7
6 10
7 8
8 31
9 38
10 42
11 63
12 76
13 86
14 70
15 53
16 49
17 51
18 42
19 19
20 14
21 9
22 2
23 2
24 4
25 2
26 0
27 0
last timestep 27
node 1099 iteration 8
0 0
1 3
2 8
3 11
4 12
5 32
6 51
7 64
8 59
9 79
10 87
11 95
12 68
13 50
14 48
15 22
16 24
17 10
18 2
19 1
20 0
21 0
last timestep 21
node 1099 iteration 9
0 0
1 3
2 6
3 7
4 10
5 10
6 12
7 14
8 19
9 26
10 32
11 27
12 45
13 78
14 74
15 101
16 107
17 84
18 79
19 61
20 31
21 31
22 20
23 13
24 9
25 4
26 1
27 0
28 0
last timestep 28
