node 1161 iteration 0
0 0
1 3
2 0
3 0
last timestep 3
node 1161 iteration 1
0 0
1 1
2 2
3 2
4 7
5 5
6 1
7 2
8 0
9 0
last timestep 9
node 1161 iteration 2
0 0
1 1
2 7
3 11
4 14
5 11
6 18
7 30
8 47
9 50
10 62
11 80
12 81
13 52
14 55
15 36
16 31
17 32
18 22
19 20
20 20
21 21
22 10
23 7
24 0
25 0
last timestep 25
node 1161 iteration 3
0 0
1 4
2 5
3 11
4 32
5 31
6 40
7 52
8 67
9 73
10 79
11 72
12 68
13 59
14 56
15 42
16 35
17 23
18 14
19 12
20 8
21 3
22 5
23 1
24 2
25 2
26 1
27 0
28 2
29 4
30 3
31 1
32 2
33 0
last timestep 33
node 1161 iteration 4
0 0
1 4
2 4
3 3
4 11
5 15
6 20
7 18
8 50
9 55
10 71
11 71
12 69
13 85
14 78
15 70
16 67
17 56
18 36
19 33
20 18
21 14
22 9
23 5
24 4
25 2
26 0
27 0
last timestep 27
node 1161 iteration 5
0 0
1 4
2 13
3 33
4 34
5 60
6 80
7 111
8 121
9 113
10 69
11 70
12 31
13 18
14 8
15 5
16 6
17 5
18 7
19 4
20 1
21 2
22 0
23 0
last timestep 23
node 1161 iteration 6
0 0
1 2
2 5
3 1
4 1
5 3
6 5
7 13
8 20
9 26
10 23
11 25
12 45
13 33
14 36
15 54
16 56
17 70
18 64
19 39
20 38
21 21
22 13
23 6
24 6
25 4
26 5
27 6
28 3
29 5
30 2
31 2
32 1
33 0
34 1
35 0
last timestep 35
node 1161 iteration 7
0 0
1 2
2 2
3 9
4 10
5 9
6 23
7 29
8 29
9 42
10 61
11 67
12 71
13 78
14 71
15 91
16 59
17 43
18 27
19 16
20 6
21 4
22 9
23 6
24 4
25 3
26 1
27 2
28 1
29 0
30 0
last timestep 30
node 1161 iteration 8
0 0
1 4
2 4
3 4
4 5
5 7
6 6
7 3
8 3
9 6
10 3
11 8
12 13
13 18
14 16
15 24
16 28
17 24
18 26
19 32
20 40
21 53
22 61
23 58
24 66
25 65
26 50
27 40
28 32
29 23
30 20
31 9
32 5
33 4
34 7
35 4
36 3
37 1
38 0
39 0
last timestep 39
node 1161 iteration 9
0 0
1 1
2 0
3 0
last timestep 3
