node 728 iteration 0
0 0
1 5
2 9
3 17
4 25
5 32
6 48
7 63
8 82
9 90
10 103
11 91
12 69
13 47
14 42
15 33
16 23
17 9
18 3
19 1
20 2
21 0
22 0
last timestep 22
node 728 iteration 1
0 0
1 1
2 0
3 0
last timestep 3
node 728 iteration 2
0 0
1 2
2 2
3 8
4 25
5 41
6 65
7 59
8 83
9 82
10 84
11 86
12 69
13 47
14 41
15 28
16 23
17 16
18 17
19 7
20 8
21 6
22 5
23 1
24 0
25 0
last timestep 25
node 728 iteration 3
0 0
1 1
2 0
3 0
last timestep 3
node 728 iteration 4
0 0
1 1
2 0
3 0
last timestep 3
node 728 iteration 5
0 0
1 2
2 9
3 4
4 6
5 3
6 3
7 9
8 24
9 34
10 35
11 47
12 63
13 82
14 91
15 98
16 96
17 57
18 47
19 39
20 35
21 37
22 15
23 11
24 11
25 11
26 7
27 5
28 4
29 3
30 2
31 0
32 1
33 2
34 6
35 1
36 0
last timestep 36
node 728 iteration 6
0 0
1 4
2 6
3 15
4 9
5 33
6 36
7 46
8 71
9 77
10 72
11 64
12 49
13 62
14 54
15 62
16 19
17 15
18 5
19 3
20 3
21 1
22 1
23 1
24 0
25 0
last timestep 25
node 728 iteration 7
0 0
1 3
2 1
3 0
4 0
last timestep 4
node 728 iteration 8
0 0
1 3
2 3
3 8
4 14
5 15
6 25
7 41
8 65
9 100
10 109
11 88
12 91
13 58
14 57
15 44
16 32
17 25
18 11
19 9
20 11
21 7
22 5
23 4
24 0
25 1
26 2
27 1
28 3
29 0
last timestep 29
node 728 iteration 9
0 0
1 6
2 12
3 15
4 25
5 36
6 53
7 81
8 88
9 87
10 78
11 62
12 65
13 51
14 59
15 44
16 23
17 16
18 22
19 15
20 13
21 9
22 9
23 2
24 0
25 1
26 1
27 0
last timestep 27
