node 1082 iteration 0
0 0
1 1
2 2
3 0
4 0
last timestep 4
node 1082 iteration 1
0 0
1 0
2 0
last timestep 2
node 1082 iteration 2
0 0
1 1
2 4
3 12
4 20
5 11
6 16
7 38
8 56
9 64
10 71
11 62
12 77
13 44
14 45
15 38
16 44
17 40
18 27
19 25
20 15
21 15
22 10
23 3
24 3
25 3
26 5
27 2
28 3
29 2
30 1
31 0
32 0
last timestep 32
node 1082 iteration 3
0 0
1 1
2 2
3 4
4 11
5 14
6 23
7 35
8 25
9 50
10 61
11 63
12 68
13 59
14 53
15 50
16 44
17 52
18 40
19 42
20 35
21 27
22 16
23 14
24 6
25 2
26 0
27 1
28 0
last timestep 28
node 1082 iteration 4
0 0
1 1
2 3
3 0
4 2
5 7
6 9
7 13
8 21
9 28
10 45
11 51
12 73
13 89
14 84
15 88
16 82
17 61
18 57
19 40
20 34
21 30
22 17
23 20
24 15
25 18
26 15
27 12
28 4
29 3
30 4
31 0
last timestep 31
node 1082 iteration 5
0 0
1 2
2 5
3 12
4 10
5 21
6 27
7 40
8 53
9 77
10 115
11 132
12 97
13 75
14 44
15 35
16 28
17 16
18 16
19 2
20 3
21 2
22 0
23 0
last timestep 23
node 1082 iteration 6
0 0
1 0
2 2
3 2
4 4
5 8
6 7
7 3
8 3
9 5
10 7
11 11
12 27
13 40
14 39
15 47
16 48
17 53
18 71
19 65
20 66
21 48
22 34
23 36
24 20
25 6
26 3
27 2
28 0
last timestep 28
node 1082 iteration 7
0 0
1 3
2 1
3 0
4 0
last timestep 4
node 1082 iteration 8
0 0
1 5
2 4
3 3
4 6
5 23
6 43
7 42
8 54
9 54
10 76
11 69
12 61
13 77
14 57
15 47
16 37
17 30
18 13
19 9
20 7
21 6
22 4
23 5
24 7
25 5
26 1
27 1
28 1
29 0
30 0
last timestep 30
node 1082 iteration 9
0 0
1 1
2 0
3 0
last timestep 3
