node 1087 iteration 0
0 0
1 3
2 1
3 0
4 0
last timestep 4
node 1087 iteration 1
0 0
1 1
2 0
3 0
last timestep 3
node 1087 iteration 2
0 0
1 3
2 5
3 5
4 6
5 8
6 8
7 9
8 10
9 36
10 39
11 56
12 72
13 77
14 86
15 98
16 98
17 62
18 41
19 36
20 21
21 19
22 7
23 5
24 1
25 3
26 4
27 2
28 1
29 0
30 0
last timestep 30
node 1087 iteration 3
0 0
1 4
2 2
3 3
4 5
5 5
6 10
7 12
8 10
9 18
10 20
11 46
12 63
13 67
14 85
15 80
16 82
17 59
18 49
19 44
20 24
21 24
22 16
23 6
24 1
25 3
26 0
27 2
28 1
29 3
30 3
31 1
32 0
last timestep 32
node 1087 iteration 4
0 0
1 2
2 8
3 6
4 13
5 15
6 31
7 56
8 58
9 59
10 77
11 67
12 93
13 73
14 67
15 46
16 28
17 12
18 12
19 6
20 5
21 2
22 1
23 0
24 0
last timestep 24
node 1087 iteration 5
0 0
1 1
2 0
3 0
last timestep 3
node 1087 iteration 6
0 0
1 3
2 9
3 6
4 11
5 12
6 16
7 23
8 60
9 63
10 69
11 79
12 84
13 63
14 51
15 47
16 34
17 23
18 11
19 9
20 6
21 5
22 5
23 4
24 0
25 0
last timestep 25
node 1087 iteration 7
0 0
1 2
2 5
3 13
4 22
5 25
6 41
7 65
8 87
9 110
10 123
11 96
12 71
13 55
14 42
15 32
16 20
17 15
18 9
19 4
20 8
21 5
22 2
23 0
24 0
last timestep 24
node 1087 iteration 8
0 0
1 1
2 3
3 6
4 6
5 7
6 12
7 35
8 23
9 52
10 73
11 97
12 78
13 70
14 68
15 64
16 36
17 26
18 17
19 22
20 13
21 12
22 2
23 1
24 0
25 0
last timestep 25
node 1087 iteration 9
0 0
1 1
2 0
3 0
last timestep 3
