node 543 iteration 0
0 0
1 1
2 1
3 0
4 0
last timestep 4
node 543 iteration 1
0 0
1 1
2 0
3 0
last timestep 3
node 543 iteration 2
0 0
1 3
2 2
3 6
4 7
5 8
6 16
7 25
8 41
9 71
10 92
11 90
12 117
13 117
14 78
15 60
16 47
17 24
18 10
19 6
20 7
21 5
22 6
23 4
24 6
25 1
26 0
27 0
last timestep 27
node 543 iteration 3
0 0
1 5
2 4
3 6
4 21
5 24
6 25
7 45
8 58
9 74
10 113
11 107
12 116
13 89
14 79
15 45
16 22
17 10
18 9
19 6
20 3
21 0
22 2
23 1
24 0
last timestep 24
node 543 iteration 4
0 0
1 3
2 2
3 5
4 6
5 4
6 10
7 12
8 17
9 26
10 29
11 43
12 56
13 57
14 62
15 43
16 61
17 47
18 38
19 41
20 45
21 37
22 23
23 16
24 15
25 3
26 3
27 2
28 0
29 0
last timestep 29
node 543 iteration 5
0 0
1 1
2 2
3 2
4 10
5 12
6 22
7 28
8 46
9 52
10 72
11 73
12 76
13 82
14 74
15 43
16 27
17 26
18 20
19 10
20 9
21 13
22 15
23 10
24 3
25 3
26 0
27 2
28 1
29 0
last timestep 29
node 543 iteration 6
0 0
1 1
2 0
3 0
last timestep 3
node 543 iteration 7
0 0
1 2
2 4
3 15
4 21
5 27
6 43
7 65
8 76
9 90
10 108
11 90
12 79
13 74
14 52
15 33
16 13
17 8
18 4
19 2
20 1
21 1
22 0
23 0
last timestep 23
node 543 iteration 8
0 0
1 3
2 6
3 5
4 4
5 2
6 8
7 18
8 24
9 39
10 65
11 98
12 112
13 118
14 108
15 69
16 51
17 27
18 14
19 9
20 6
21 6
22 6
23 2
24 1
25 1
26 2
27 0
28 1
29 0
last timestep 29
node 543 iteration 9
0 0
1 2
2 3
3 1
4 9
5 7
6 6
7 8
8 16
9 22
10 35
11 51
12 51
13 74
14 93
15 73
16 63
17 80
18 65
19 52
20 57
21 42
22 24
23 13
24 5
25 6
26 4
27 1
28 2
29 2
30 3
31 2
32 1
33 0
34 0
last timestep 34
