node 559 iteration 0
0 0
1 2
2 6
3 6
4 13
5 10
6 21
7 34
8 48
9 65
10 80
11 76
12 84
13 56
14 64
15 45
16 37
17 26
18 22
19 22
20 12
21 3
22 2
23 3
24 0
25 0
last timestep 25
node 559 iteration 1
0 0
1 4
2 7
3 2
4 1
5 4
6 3
7 1
8 6
9 1
10 1
11 0
12 0
last timestep 12
node 559 iteration 2
0 0
1 3
2 3
3 2
4 3
5 13
6 18
7 17
8 18
9 31
10 36
11 64
12 68
13 69
14 77
15 77
16 78
17 49
18 50
19 34
20 17
21 18
22 11
23 3
24 6
25 4
26 1
27 0
28 0
last timestep 28
node 559 iteration 3
0 0
1 3
2 5
3 1
4 2
5 12
6 14
7 33
8 43
9 56
10 61
11 75
12 89
13 81
14 75
15 62
16 54
17 30
18 41
19 28
20 16
21 15
22 13
23 3
24 1
25 0
26 0
last timestep 26
node 559 iteration 4
0 0
1 4
2 6
3 8
4 10
5 29
6 49
7 79
8 80
9 100
10 99
11 99
12 71
13 48
14 31
15 21
16 20
17 10
18 7
19 2
20 0
21 0
last timestep 21
node 559 iteration 5
0 0
1 2
2 2
3 4
4 1
5 1
6 1
7 4
8 22
9 21
10 24
11 47
12 76
13 108
14 100
15 110
16 84
17 57
18 51
19 41
20 40
21 24
22 17
23 12
24 4
25 2
26 0
27 0
last timestep 27
node 559 iteration 6
0 0
1 0
2 0
last timestep 2
node 559 iteration 7
0 0
1 4
2 6
3 15
4 21
5 39
6 70
7 83
8 89
9 100
10 116
11 115
12 85
13 62
14 44
15 22
16 12
17 8
18 5
19 0
20 0
last timestep 20
node 559 iteration 8
0 0
1 8
2 17
3 27
4 28
5 47
6 49
7 65
8 70
9 85
10 62
11 55
12 44
13 41
14 36
15 24
16 27
17 19
18 10
19 7
20 8
21 7
22 3
23 4
24 2
25 3
26 2
27 0
28 0
last timestep 28
node 559 iteration 9
0 0
1 4
2 8
3 12
4 21
5 20
6 27
7 63
8 80
9 75
10 92
11 76
12 53
13 45
14 35
15 30
16 29
17 8
18 6
19 5
20 6
21 4
22 3
23 5
24 9
25 14
26 5
27 5
28 5
29 5
30 4
31 1
32 2
33 0
34 0
last timestep 34
