node 1409 iteration 0
0 0
1 1
2 1
3 0
4 3
5 3
6 2
7 3
8 1
9 3
10 1
11 4
12 6
13 3
14 8
15 9
16 21
17 25
18 31
19 49
20 70
21 76
22 91
23 69
24 67
25 54
26 38
27 23
28 22
29 20
30 15
31 12
32 7
33 7
34 4
35 0
last timestep 35
node 1409 iteration 1
0 0
1 1
2 0
3 0
last timestep 3
node 1409 iteration 2
0 0
1 1
2 1
3 4
4 4
5 6
6 7
7 8
8 14
9 17
10 18
11 36
12 39
13 46
14 56
15 62
16 71
17 60
18 55
19 46
20 39
21 24
22 12
23 15
24 13
25 7
26 9
27 6
28 6
29 6
30 7
31 3
32 3
33 1
34 0
35 0
last timestep 35
node 1409 iteration 3
0 0
1 1
2 1
3 0
4 0
last timestep 4
node 1409 iteration 4
0 0
1 0
2 0
last timestep 2
node 1409 iteration 5
0 0
1 2
2 7
3 7
4 12
5 14
6 16
7 26
8 32
9 51
10 60
11 67
12 66
13 88
14 85
15 77
16 73
17 54
18 42
19 22
20 24
21 19
22 15
23 4
24 2
25 0
26 0
last timestep 26
node 1409 iteration 6
0 0
1 2
2 1
3 1
4 0
5 0
last timestep 5
node 1409 iteration 7
0 0
1 3
2 8
3 11
4 6
5 1
6 0
7 0
last timestep 7
node 1409 iteration 8
0 0
1 0
2 3
3 19
4 27
5 40
6 60
7 84
8 108
9 94
10 83
11 69
12 49
13 31
14 30
15 21
16 12
17 8
18 7
19 7
20 3
21 3
22 1
23 0
last timestep 23
node 1409 iteration 9
0 0
1 3
2 2
3 3
4 1
5 6
6 3
7 4
8 3
9 2
10 2
11 4
12 5
13 1
14 2
15 4
16 3
17 4
18 4
19 1
20 0
21 0
last timestep 21
