node 574 iteration 0
0 0
1 1
2 0
3 0
last timestep 3
node 574 iteration 1
0 0
1 1
2 0
3 0
last timestep 3
node 574 iteration 2
0 0
1 0
2 2
3 3
4 3
5 3
6 5
7 7
8 8
9 12
10 10
11 14
12 28
13 54
14 85
15 101
16 109
17 77
18 65
19 59
20 35
21 26
22 21
23 14
24 9
25 3
26 2
27 3
28 1
29 2
30 0
last timestep 30
node 574 iteration 3
0 0
1 0
2 0
last timestep 2
node 574 iteration 4
0 0
1 2
2 3
3 2
4 5
5 6
6 2
7 5
8 13
9 19
10 28
11 60
12 78
13 84
14 93
15 87
16 83
17 41
18 30
19 20
20 17
21 8
22 6
23 2
24 1
25 0
26 0
last timestep 26
node 574 iteration 5
0 0
1 2
2 5
3 6
4 12
5 11
6 12
7 30
8 31
9 49
10 51
11 60
12 62
13 85
14 91
15 68
16 89
17 67
18 46
19 33
20 30
21 17
22 6
23 2
24 0
25 0
last timestep 25
node 574 iteration 6
0 0
1 0
2 0
last timestep 2
node 574 iteration 7
0 0
1 1
2 7
3 17
4 13
5 18
6 31
7 49
8 75
9 99
10 98
11 76
12 73
13 65
14 47
15 46
16 35
17 33
18 19
19 11
20 10
21 7
22 2
23 3
24 1
25 1
26 0
27 1
28 1
29 2
30 0
last timestep 30
node 574 iteration 8
0 0
1 1
2 0
3 0
last timestep 3
node 574 iteration 9
0 0
1 2
2 2
3 7
4 7
5 8
6 12
7 14
8 27
9 34
10 51
11 86
12 95
13 106
14 118
15 106
16 102
17 51
18 23
19 11
20 7
21 2
22 3
23 3
24 3
25 2
26 2
27 2
28 0
29 0
last timestep 29
