node 1303 iteration 0
0 0
1 2
2 2
3 4
4 15
5 12
6 12
7 11
8 18
9 20
10 30
11 47
12 52
13 79
14 88
15 80
16 65
17 61
18 57
19 36
20 19
21 21
22 15
23 9
24 10
25 6
26 1
27 0
28 0
last timestep 28
node 1303 iteration 1
0 0
1 3
2 4
3 4
4 4
5 12
6 18
7 15
8 27
9 27
10 32
11 37
12 65
13 66
14 71
15 65
16 50
17 54
18 47
19 52
20 29
21 23
22 25
23 15
24 14
25 9
26 6
27 4
28 3
29 0
30 0
last timestep 30
node 1303 iteration 2
0 0
1 1
2 6
3 4
4 5
5 5
6 10
7 14
8 22
9 26
10 23
11 27
12 36
13 34
14 46
15 46
16 47
17 64
18 59
19 60
20 50
21 44
22 32
23 28
24 15
25 7
26 3
27 0
28 2
29 0
last timestep 29
node 1303 iteration 3
0 0
1 1
2 0
3 0
last timestep 3
node 1303 iteration 4
0 0
1 2
2 1
3 0
4 0
last timestep 4
node 1303 iteration 5
0 0
1 2
2 17
3 10
4 19
5 41
6 67
7 87
8 116
9 106
10 90
11 81
12 47
13 45
14 38
15 32
16 17
17 9
18 3
19 4
20 1
21 0
22 0
last timestep 22
node 1303 iteration 6
0 0
1 1
2 0
3 0
last timestep 3
node 1303 iteration 7
0 0
1 3
2 3
3 2
4 4
5 3
6 9
7 21
8 21
9 40
10 50
11 65
12 97
13 100
14 108
15 110
16 104
17 76
18 62
19 30
20 23
21 13
22 3
23 1
24 1
25 0
26 0
last timestep 26
node 1303 iteration 8
0 0
1 4
2 4
3 10
4 17
5 29
6 34
7 46
8 59
9 95
10 86
11 78
12 103
13 69
14 66
15 70
16 42
17 18
18 13
19 7
20 4
21 5
22 3
23 2
24 1
25 1
26 0
27 0
last timestep 27
node 1303 iteration 9
0 0
1 3
2 11
3 23
4 35
5 66
6 61
7 92
8 108
9 113
10 84
11 74
12 47
13 28
14 26
15 14
16 9
17 12
18 11
19 11
20 14
21 12
22 13
23 6
24 5
25 1
26 0
27 0
last timestep 27
