node 580 iteration 0
0 0
1 2
2 5
3 5
4 8
5 12
6 13
7 16
8 26
9 29
10 34
11 36
12 42
13 56
14 71
15 64
16 74
17 71
18 57
19 43
20 36
21 31
22 22
23 17
24 13
25 2
26 3
27 3
28 0
29 0
last timestep 29
node 580 iteration 1
0 0
1 2
2 3
3 5
4 6
5 8
6 9
7 16
8 26
9 40
10 48
11 48
12 75
13 80
14 110
15 109
16 92
17 69
18 47
19 22
20 8
21 10
22 16
23 13
24 10
25 7
26 5
27 0
28 0
last timestep 28
node 580 iteration 2
0 0
1 3
2 10
3 17
4 23
5 39
6 53
7 69
8 70
9 92
10 93
11 80
12 74
13 39
14 26
15 13
16 8
17 3
18 3
19 0
20 0
last timestep 20
node 580 iteration 3
0 0
1 0
2 0
last timestep 2
node 580 iteration 4
0 0
1 0
2 2
3 8
4 11
5 18
6 30
7 33
8 42
9 57
10 62
11 86
12 93
13 77
14 68
15 55
16 26
17 24
18 8
19 7
20 7
21 2
22 7
23 3
24 0
last timestep 24
node 580 iteration 5
0 0
1 3
2 6
3 14
4 25
5 20
6 19
7 35
8 46
9 75
10 78
11 97
12 78
13 58
14 45
15 53
16 32
17 31
18 22
19 9
20 5
21 1
22 1
23 0
24 0
last timestep 24
node 580 iteration 6
0 0
1 2
2 2
3 3
4 3
5 2
6 8
7 8
8 16
9 36
10 34
11 69
12 79
13 95
14 80
15 76
16 56
17 50
18 25
19 21
20 16
21 6
22 5
23 3
24 0
25 1
26 2
27 0
last timestep 27
node 580 iteration 7
0 0
1 2
2 4
3 7
4 15
5 39
6 51
7 58
8 57
9 68
10 51
11 58
12 65
13 72
14 64
15 35
16 41
17 37
18 28
19 20
20 13
21 11
22 6
23 0
24 0
last timestep 24
node 580 iteration 8
0 0
1 6
2 9
3 13
4 20
5 36
6 35
7 69
8 64
9 61
10 65
11 65
12 66
13 40
14 20
15 18
16 23
17 15
18 16
19 17
20 16
21 15
22 14
23 12
24 13
25 8
26 12
27 4
28 1
29 3
30 6
31 4
32 1
33 0
34 0
last timestep 34
node 580 iteration 9
0 0
1 1
2 0
3 0
last timestep 3
