node 660 iteration 0
0 0
1 2
2 9
3 13
4 24
5 46
6 72
7 78
8 98
9 78
10 75
11 66
12 57
13 44
14 30
15 14
16 10
17 5
18 2
19 1
20 0
21 0
last timestep 21
node 660 iteration 1
0 0
1 0
2 0
last timestep 2
node 660 iteration 2
0 0
1 3
2 10
3 15
4 22
5 22
6 42
7 42
8 47
9 49
10 66
11 67
12 61
13 48
14 28
15 21
16 20
17 25
18 16
19 8
20 5
21 8
22 9
23 5
24 1
25 1
26 0
27 0
last timestep 27
node 660 iteration 3
0 0
1 2
2 3
3 4
4 4
5 7
6 8
7 16
8 21
9 29
10 51
11 78
12 78
13 94
14 86
15 95
16 79
17 64
18 46
19 35
20 19
21 10
22 11
23 3
24 2
25 0
26 0
last timestep 26
node 660 iteration 4
0 0
1 1
2 3
3 1
4 7
5 8
6 9
7 9
8 7
9 12
10 6
11 5
12 12
13 36
14 42
15 76
16 98
17 115
18 95
19 62
20 53
21 44
22 29
23 14
24 13
25 9
26 7
27 5
28 3
29 3
30 2
31 1
32 1
33 1
34 0
35 0
last timestep 35
node 660 iteration 5
0 0
1 1
2 1
3 0
4 0
last timestep 4
node 660 iteration 6
0 0
1 0
2 0
last timestep 2
node 660 iteration 7
0 0
1 0
2 0
last timestep 2
node 660 iteration 8
0 0
1 3
2 4
3 4
4 0
5 0
last timestep 5
node 660 iteration 9
0 0
1 3
2 6
3 15
4 11
5 21
6 28
7 25
8 48
9 54
10 90
11 95
12 99
13 89
14 78
15 68
16 34
17 27
18 19
19 25
20 18
21 14
22 12
23 4
24 1
25 2
26 0
27 0
last timestep 27
