node 1769 iteration 0
0 0
1 3
2 5
3 8
4 8
5 11
6 13
7 10
8 21
9 39
10 57
11 53
12 70
13 89
14 111
15 108
16 82
17 69
18 41
19 18
20 20
21 13
22 7
23 7
24 2
25 2
26 0
27 0
last timestep 27
node 1769 iteration 1
0 0
1 6
2 8
3 15
4 11
5 16
6 24
7 35
8 55
9 81
10 119
11 116
12 110
13 74
14 73
15 33
16 24
17 10
18 6
19 4
20 1
21 1
22 1
23 0
24 0
last timestep 24
node 1769 iteration 2
0 0
1 1
2 13
3 10
4 15
5 25
6 37
7 48
8 65
9 76
10 62
11 73
12 83
13 73
14 62
15 50
16 31
17 25
18 16
19 5
20 7
21 2
22 4
23 0
24 0
last timestep 24
node 1769 iteration 3
0 0
1 8
2 4
3 3
4 8
5 8
6 8
7 13
8 20
9 21
10 24
11 25
12 33
13 38
14 61
15 62
16 71
17 69
18 56
19 40
20 34
21 26
22 24
23 18
24 12
25 9
26 7
27 4
28 11
29 6
30 5
31 3
32 3
33 2
34 3
35 2
36 0
37 0
last timestep 37
node 1769 iteration 4
0 0
1 2
2 3
3 7
4 6
5 13
6 23
7 32
8 40
9 71
10 70
11 77
12 83
13 69
14 67
15 71
16 44
17 28
18 28
19 17
20 9
21 5
22 2
23 0
24 0
last timestep 24
node 1769 iteration 5
0 0
1 7
2 10
3 21
4 15
5 22
6 37
7 75
8 72
9 85
10 81
11 88
12 88
13 66
14 48
15 36
16 27
17 17
18 11
19 9
20 7
21 3
22 1
23 0
24 0
last timestep 24
node 1769 iteration 6
0 0
1 3
2 2
3 0
4 0
last timestep 4
node 1769 iteration 7
0 0
1 5
2 1
3 2
4 3
5 1
6 0
7 0
last timestep 7
node 1769 iteration 8
0 0
1 5
2 10
3 27
4 43
5 50
6 77
7 112
8 107
9 120
10 101
11 86
12 63
13 49
14 28
15 20
16 12
17 8
18 2
19 3
20 2
21 3
22 2
23 2
24 1
25 0
26 1
27 0
last timestep 27
node 1769 iteration 9
0 0
1 8
2 10
3 10
4 25
5 44
6 56
7 79
8 84
9 101
10 94
11 75
12 56
13 37
14 21
15 21
16 11
17 10
18 8
19 6
20 3
21 0
22 0
last timestep 22
