node 598 iteration 0
0 0
1 4
2 6
3 14
4 36
5 40
6 50
7 48
8 70
9 73
10 70
11 89
12 78
13 57
14 34
15 30
16 22
17 16
18 6
19 6
20 15
21 5
22 3
23 0
24 0
last timestep 24
node 598 iteration 1
0 0
1 3
2 4
3 7
4 8
5 11
6 8
7 5
8 12
9 18
10 23
11 27
12 40
13 51
14 42
15 37
16 41
17 59
18 64
19 67
20 65
21 59
22 40
23 33
24 15
25 16
26 13
27 12
28 11
29 7
30 4
31 1
32 2
33 2
34 2
35 1
36 0
37 0
last timestep 37
node 598 iteration 2
0 0
1 2
2 2
3 1
4 0
5 0
last timestep 5
node 598 iteration 3
0 0
1 1
2 4
3 10
4 7
5 6
6 7
7 13
8 20
9 26
10 27
11 49
12 54
13 67
14 79
15 90
16 65
17 50
18 48
19 30
20 22
21 30
22 32
23 19
24 19
25 15
26 4
27 1
28 1
29 0
30 0
last timestep 30
node 598 iteration 4
0 0
1 2
2 6
3 19
4 30
5 44
6 61
7 65
8 73
9 61
10 75
11 53
12 49
13 40
14 18
15 23
16 19
17 15
18 16
19 6
20 4
21 1
22 0
23 2
24 1
25 1
26 0
last timestep 26
node 598 iteration 5
0 0
1 4
2 8
3 14
4 33
5 44
6 75
7 81
8 96
9 91
10 80
11 62
12 38
13 47
14 42
15 27
16 11
17 5
18 5
19 1
20 0
21 0
last timestep 21
node 598 iteration 6
0 0
1 3
2 5
3 13
4 8
5 18
6 25
7 39
8 42
9 48
10 84
11 76
12 94
13 93
14 80
15 64
16 43
17 34
18 12
19 14
20 4
21 1
22 1
23 0
24 1
25 0
last timestep 25
node 598 iteration 7
0 0
1 2
2 9
3 10
4 13
5 13
6 26
7 25
8 38
9 56
10 68
11 109
12 113
13 108
14 85
15 73
16 48
17 31
18 18
19 7
20 2
21 1
22 0
23 0
last timestep 23
node 598 iteration 8
0 0
1 4
2 12
3 25
4 25
5 40
6 56
7 81
8 96
9 112
10 117
11 105
12 68
13 53
14 44
15 25
16 18
17 16
18 10
19 6
20 2
21 3
22 1
23 1
24 0
25 0
last timestep 25
node 598 iteration 9
0 0
1 3
2 4
3 1
4 1
5 0
6 2
7 0
last timestep 7
