node 2218 iteration 0
0 0
1 1
2 1
3 0
4 0
last timestep 4
node 2218 iteration 1
0 0
1 1
2 0
3 3
4 11
5 5
6 9
7 17
8 30
9 34
10 68
11 83
12 99
13 99
14 95
15 77
16 47
17 26
18 18
19 7
20 12
21 16
22 8
23 8
24 3
25 3
26 0
last timestep 26
node 2218 iteration 2
0 0
1 2
2 1
3 1
4 3
5 4
6 3
7 8
8 7
9 4
10 3
11 16
12 31
13 45
14 59
15 75
16 91
17 102
18 107
19 86
20 66
21 55
22 42
23 25
24 15
25 9
26 7
27 4
28 6
29 1
30 1
31 0
32 0
last timestep 32
node 2218 iteration 3
0 0
1 0
2 0
last timestep 2
node 2218 iteration 4
0 0
1 6
2 4
3 6
4 5
5 4
6 5
7 6
8 8
9 6
10 9
11 12
12 17
13 24
14 29
15 38
16 51
17 63
18 61
19 70
20 70
21 54
22 61
23 51
24 43
25 22
26 22
27 13
28 13
29 8
30 6
31 1
32 1
33 1
34 2
35 1
36 3
37 1
38 2
39 0
40 0
last timestep 40
node 2218 iteration 5
0 0
1 4
2 3
3 7
4 19
5 32
6 38
7 32
8 41
9 50
10 64
11 69
12 71
13 65
14 61
15 44
16 29
17 15
18 19
19 9
20 9
21 7
22 6
23 4
24 0
25 0
last timestep 25
node 2218 iteration 6
0 0
1 0
2 0
last timestep 2
node 2218 iteration 7
0 0
1 7
2 12
3 19
4 20
5 26
6 34
7 57
8 68
9 92
10 107
11 91
12 77
13 75
14 56
15 33
16 15
17 10
18 6
19 1
20 1
21 0
22 0
last timestep 22
node 2218 iteration 8
0 0
1 4
2 8
3 19
4 29
5 51
6 81
7 92
8 108
9 113
10 90
11 69
12 68
13 44
14 29
15 22
16 6
17 5
18 0
19 0
last timestep 19
node 2218 iteration 9
0 0
1 4
2 1
3 0
4 0
last timestep 4
