node 1496 iteration 0
0 0
1 2
2 5
3 9
4 11
5 19
6 38
7 55
8 51
9 49
10 51
11 52
12 50
13 57
14 61
15 64
16 60
17 52
18 42
19 36
20 22
21 9
22 6
23 2
24 2
25 1
26 0
27 0
last timestep 27
node 1496 iteration 1
0 0
1 1
2 2
3 10
4 7
5 5
6 12
7 17
8 24
9 33
10 41
11 41
12 52
13 79
14 65
15 92
16 89
17 67
18 64
19 49
20 38
21 16
22 6
23 3
24 0
25 1
26 0
last timestep 26
node 1496 iteration 2
0 0
1 1
2 0
3 0
last timestep 3
node 1496 iteration 3
0 0
1 4
2 3
3 14
4 20
5 33
6 48
7 60
8 94
9 112
10 96
11 76
12 61
13 46
14 35
15 22
16 9
17 6
18 4
19 4
20 1
21 2
22 1
23 1
24 0
25 0
last timestep 25
node 1496 iteration 4
0 0
1 2
2 2
3 3
4 3
5 2
6 1
7 3
8 3
9 3
10 3
11 2
12 0
13 0
last timestep 13
node 1496 iteration 5
0 0
1 2
2 3
3 7
4 11
5 26
6 29
7 43
8 81
9 95
10 110
11 93
12 100
13 72
14 63
15 43
16 24
17 8
18 2
19 2
20 2
21 3
22 0
23 0
last timestep 23
node 1496 iteration 6
0 0
1 2
2 7
3 9
4 10
5 7
6 24
7 35
8 57
9 67
10 76
11 67
12 58
13 47
14 47
15 49
16 39
17 28
18 26
19 10
20 12
21 8
22 5
23 9
24 11
25 8
26 5
27 5
28 4
29 3
30 1
31 2
32 1
33 0
34 0
last timestep 34
node 1496 iteration 7
0 0
1 2
2 5
3 3
4 0
5 0
last timestep 5
node 1496 iteration 8
0 0
1 1
2 0
3 0
last timestep 3
node 1496 iteration 9
0 0
1 6
2 6
3 13
4 22
5 29
6 34
7 43
8 59
9 55
10 82
11 80
12 77
13 62
14 60
15 55
16 27
17 15
18 17
19 10
20 4
21 6
22 5
23 3
24 2
25 1
26 1
27 1
28 0
29 0
last timestep 29
