node 562 iteration 0
0 0
1 2
2 1
3 6
4 3
5 4
6 11
7 5
8 10
9 12
10 13
11 23
12 42
13 62
14 67
15 95
16 93
17 77
18 67
19 45
20 36
21 16
22 7
23 2
24 4
25 4
26 2
27 1
28 0
29 0
last timestep 29
node 562 iteration 1
0 0
1 0
2 0
last timestep 2
node 562 iteration 2
0 0
1 0
2 0
last timestep 2
node 562 iteration 3
0 0
1 2
2 10
3 15
4 22
5 22
6 38
7 43
8 42
9 49
10 57
11 67
12 73
13 54
14 43
15 34
16 36
17 22
18 14
19 14
20 7
21 3
22 4
23 3
24 0
25 1
26 3
27 2
28 2
29 3
30 1
31 3
32 1
33 2
34 1
35 5
36 2
37 2
38 5
39 1
40 2
41 0
last timestep 41
node 562 iteration 4
0 0
1 1
2 2
3 2
4 1
5 5
6 5
7 9
8 9
9 22
10 45
11 61
12 67
13 60
14 72
15 91
16 85
17 67
18 56
19 46
20 29
21 29
22 19
23 16
24 7
25 7
26 5
27 1
28 2
29 0
30 0
last timestep 30
node 562 iteration 5
0 0
1 0
2 0
last timestep 2
node 562 iteration 6
0 0
1 0
2 0
last timestep 2
node 562 iteration 7
0 0
1 5
2 3
3 6
4 5
5 2
6 2
7 1
8 3
9 1
10 0
11 0
last timestep 11
node 562 iteration 8
0 0
1 2
2 2
3 0
4 4
5 9
6 17
7 30
8 32
9 69
10 95
11 102
12 106
13 93
14 74
15 47
16 43
17 36
18 14
19 16
20 12
21 7
22 5
23 2
24 1
25 0
last timestep 25
node 562 iteration 9
0 0
1 1
2 0
3 0
last timestep 3
