node 1160 iteration 0
0 0
1 4
2 6
3 6
4 14
5 18
6 31
7 42
8 48
9 54
10 61
11 54
12 48
13 56
14 54
15 47
16 53
17 33
18 16
19 18
20 7
21 3
22 0
23 0
last timestep 23
node 1160 iteration 1
0 0
1 1
2 4
3 11
4 13
5 21
6 54
7 43
8 45
9 66
10 77
11 61
12 77
13 87
14 72
15 54
16 32
17 24
18 11
19 6
20 4
21 6
22 1
23 0
24 0
last timestep 24
node 1160 iteration 2
0 0
1 2
2 8
3 8
4 9
5 18
6 25
7 38
8 41
9 56
10 66
11 70
12 71
13 80
14 64
15 53
16 34
17 19
18 17
19 10
20 10
21 12
22 7
23 4
24 9
25 9
26 5
27 0
28 0
last timestep 28
node 1160 iteration 3
0 0
1 1
2 8
3 10
4 19
5 17
6 42
7 50
8 61
9 66
10 72
11 55
12 47
13 71
14 60
15 57
16 25
17 27
18 17
19 14
20 5
21 3
22 3
23 0
24 0
last timestep 24
node 1160 iteration 4
0 0
1 2
2 2
3 0
4 1
5 5
6 7
7 3
8 3
9 4
10 4
11 4
12 3
13 1
14 1
15 0
last timestep 15
node 1160 iteration 5
0 0
1 0
2 0
last timestep 2
node 1160 iteration 6
0 0
1 1
2 2
3 6
4 7
5 10
6 18
7 17
8 30
9 28
10 47
11 56
12 67
13 81
14 88
15 85
16 81
17 56
18 55
19 52
20 42
21 22
22 14
23 4
24 5
25 0
26 0
last timestep 26
node 1160 iteration 7
0 0
1 3
2 8
3 5
4 10
5 9
6 18
7 27
8 34
9 26
10 37
11 42
12 61
13 66
14 50
15 81
16 95
17 68
18 53
19 38
20 36
21 20
22 11
23 10
24 7
25 9
26 5
27 0
28 0
last timestep 28
node 1160 iteration 8
0 0
1 1
2 2
3 6
4 5
5 6
6 6
7 10
8 13
9 12
10 12
11 13
12 21
13 35
14 36
15 74
16 102
17 107
18 105
19 78
20 71
21 56
22 39
23 20
24 19
25 12
26 9
27 4
28 3
29 2
30 1
31 1
32 0
33 0
last timestep 33
node 1160 iteration 9
0 0
1 1
2 2
3 3
4 8
5 21
6 30
7 49
8 59
9 73
10 118
11 109
12 92
13 84
14 58
15 68
16 42
17 20
18 16
19 7
20 7
21 4
22 6
23 4
24 3
25 2
26 0
27 0
last timestep 27
