node 13 iteration 0
0 0
1 1
2 0
3 0
last timestep 3
node 13 iteration 1
0 0
1 0
2 0
last timestep 2
node 13 iteration 2
0 0
1 3
2 12
3 5
4 5
5 9
6 20
7 38
8 43
9 51
10 65
11 64
12 82
13 92
14 75
15 53
16 40
17 39
18 18
19 20
20 12
21 10
22 7
23 1
24 1
25 0
26 0
last timestep 26
node 13 iteration 3
0 0
1 3
2 3
3 1
4 3
5 13
6 11
7 19
8 39
9 41
10 62
11 65
12 65
13 88
14 72
15 62
16 59
17 49
18 36
19 30
20 22
21 12
22 13
23 8
24 6
25 0
26 0
last timestep 26
node 13 iteration 4
0 0
1 1
2 2
3 18
4 24
5 27
6 31
7 29
8 45
9 78
10 69
11 85
12 100
13 87
14 75
15 65
16 43
17 31
18 16
19 11
20 10
21 2
22 0
23 1
24 0
last timestep 24
node 13 iteration 5
0 0
1 2
2 5
3 2
4 0
5 0
last timestep 5
node 13 iteration 6
0 0
1 6
2 3
3 8
4 20
5 23
6 34
7 41
8 62
9 68
10 68
11 81
12 85
13 82
14 86
15 54
16 41
17 27
18 14
19 13
20 6
21 5
22 6
23 4
24 2
25 3
26 2
27 2
28 1
29 1
30 1
31 1
32 0
33 0
last timestep 33
node 13 iteration 7
0 0
1 6
2 10
3 30
4 52
5 47
6 72
7 94
8 104
9 114
10 115
11 78
12 52
13 19
14 15
15 7
16 5
17 4
18 1
19 1
20 1
21 0
22 0
last timestep 22
node 13 iteration 8
0 0
1 3
2 2
3 0
4 0
last timestep 4
node 13 iteration 9
0 0
1 1
2 1
3 0
4 1
5 1
6 0
last timestep 6
