node 1044 iteration 0
0 0
1 2
2 2
3 1
4 3
5 3
6 6
7 11
8 17
9 27
10 36
11 85
12 94
13 121
14 109
15 97
16 73
17 59
18 33
19 21
20 15
21 26
22 10
23 7
24 9
25 4
26 4
27 3
28 2
29 1
30 0
31 0
last timestep 31
node 1044 iteration 1
0 0
1 5
2 11
3 25
4 30
5 31
6 53
7 74
8 72
9 99
10 115
11 83
12 58
13 39
14 22
15 13
16 13
17 9
18 3
19 3
20 1
21 1
22 0
23 0
last timestep 23
node 1044 iteration 2
0 0
1 2
2 2
3 3
4 1
5 0
6 0
last timestep 6
node 1044 iteration 3
0 0
1 2
2 6
3 5
4 12
5 12
6 19
7 26
8 31
9 39
10 51
11 57
12 62
13 66
14 77
15 69
16 57
17 37
18 31
19 33
20 13
21 13
22 11
23 6
24 1
25 1
26 1
27 1
28 0
29 0
last timestep 29
node 1044 iteration 4
0 0
1 3
2 4
3 1
4 2
5 2
6 5
7 13
8 31
9 42
10 70
11 84
12 89
13 97
14 103
15 77
16 61
17 43
18 26
19 23
20 9
21 12
22 11
23 7
24 3
25 0
26 0
last timestep 26
node 1044 iteration 5
0 0
1 4
2 4
3 9
4 18
5 42
6 62
7 82
8 102
9 94
10 87
11 51
12 50
13 40
14 29
15 13
16 10
17 6
18 11
19 12
20 9
21 7
22 3
23 1
24 0
25 0
last timestep 25
node 1044 iteration 6
0 0
1 1
2 0
3 0
last timestep 3
node 1044 iteration 7
0 0
1 5
2 7
3 14
4 20
5 29
6 24
7 42
8 50
9 78
10 58
11 46
12 51
13 52
14 44
15 34
16 28
17 22
18 29
19 21
20 21
21 9
22 9
23 4
24 5
25 2
26 0
27 0
last timestep 27
node 1044 iteration 8
0 0
1 1
2 2
3 12
4 10
5 15
6 21
7 28
8 38
9 49
10 55
11 77
12 88
13 88
14 76
15 80
16 54
17 37
18 25
19 13
20 9
21 5
22 1
23 0
24 0
last timestep 24
node 1044 iteration 9
0 0
1 1
2 2
3 0
4 0
last timestep 4
