node 588 iteration 0
0 0
1 3
2 4
3 10
4 32
5 40
6 61
7 69
8 91
9 83
10 78
11 69
12 54
13 38
14 28
15 12
16 4
17 1
18 4
19 3
20 2
21 3
22 1
23 5
24 1
25 0
26 0
last timestep 26
node 588 iteration 1
0 0
1 3
2 1
3 1
4 0
5 0
last timestep 5
node 588 iteration 2
0 0
1 0
2 0
last timestep 2
node 588 iteration 3
0 0
1 0
2 0
last timestep 2
node 588 iteration 4
0 0
1 4
2 3
3 3
4 4
5 9
6 18
7 34
8 35
9 62
10 73
11 85
12 103
13 112
14 97
15 90
16 63
17 43
18 30
19 10
20 5
21 1
22 2
23 0
24 0
last timestep 24
node 588 iteration 5
0 0
1 0
2 0
last timestep 2
node 588 iteration 6
0 0
1 1
2 2
3 4
4 10
5 6
6 13
7 18
8 40
9 40
10 61
11 56
12 81
13 84
14 73
15 52
16 52
17 53
18 36
19 40
20 33
21 23
22 10
23 4
24 5
25 3
26 4
27 0
28 0
last timestep 28
node 588 iteration 7
0 0
1 4
2 11
3 17
4 22
5 34
6 53
7 56
8 72
9 81
10 79
11 76
12 53
13 40
14 30
15 23
16 12
17 8
18 2
19 3
20 1
21 0
22 2
23 2
24 0
last timestep 24
node 588 iteration 8
0 0
1 3
2 4
3 8
4 14
5 27
6 33
7 47
8 47
9 86
10 101
11 103
12 81
13 67
14 78
15 51
16 32
17 17
18 12
19 10
20 9
21 9
22 2
23 2
24 2
25 0
26 0
last timestep 26
node 588 iteration 9
0 0
1 2
2 2
3 5
4 7
5 20
6 15
7 23
8 27
9 32
10 37
11 53
12 44
13 59
14 87
15 110
16 83
17 86
18 60
19 48
20 20
21 7
22 4
23 0
24 1
25 1
26 0
last timestep 26
