node 1040 iteration 0
0 0
1 1
2 0
3 0
last timestep 3
node 1040 iteration 1
0 0
1 0
2 0
last timestep 2
node 1040 iteration 2
0 0
1 2
2 8
3 7
4 8
5 20
6 23
7 31
8 29
9 44
10 82
11 71
12 82
13 90
14 77
15 49
16 40
17 32
18 13
19 17
20 9
21 7
22 7
23 4
24 1
25 1
26 0
27 0
last timestep 27
node 1040 iteration 3
0 0
1 1
2 0
3 1
4 3
5 4
6 3
7 4
8 3
9 6
10 8
11 19
12 33
13 35
14 40
15 41
16 60
17 53
18 72
19 65
20 69
21 85
22 63
23 48
24 31
25 15
26 11
27 14
28 3
29 6
30 7
31 5
32 3
33 0
last timestep 33
node 1040 iteration 4
0 0
1 1
2 1
3 4
4 9
5 18
6 10
7 14
8 27
9 27
10 42
11 75
12 85
13 94
14 116
15 110
16 63
17 52
18 41
19 25
20 16
21 11
22 5
23 2
24 3
25 3
26 4
27 2
28 2
29 5
30 6
31 1
32 2
33 1
34 0
35 0
last timestep 35
node 1040 iteration 5
0 0
1 4
2 6
3 9
4 11
5 21
6 19
7 24
8 42
9 71
10 72
11 81
12 85
13 93
14 73
15 59
16 38
17 24
18 17
19 8
20 4
21 1
22 0
23 0
last timestep 23
node 1040 iteration 6
0 0
1 2
2 0
3 0
last timestep 3
node 1040 iteration 7
0 0
1 3
2 2
3 4
4 6
5 13
6 16
7 29
8 55
9 60
10 92
11 105
12 92
13 107
14 89
15 58
16 32
17 22
18 21
19 11
20 7
21 2
22 2
23 1
24 0
25 0
last timestep 25
node 1040 iteration 8
0 0
1 0
2 4
3 0
last timestep 3
node 1040 iteration 9
0 0
1 1
2 0
3 0
last timestep 3
