node 726 iteration 0
0 0
1 1
2 0
3 1
4 0
last timestep 4
node 726 iteration 1
0 0
1 2
2 4
3 5
4 0
5 1
6 0
last timestep 6
node 726 iteration 2
0 0
1 1
2 3
3 5
4 6
5 11
6 11
7 16
8 26
9 28
10 31
11 39
12 48
13 64
14 78
15 84
16 84
17 73
18 57
19 60
20 38
21 28
22 12
23 7
24 1
25 1
26 1
27 1
28 0
29 0
last timestep 29
node 726 iteration 3
0 0
1 2
2 7
3 0
4 1
5 2
6 3
7 2
8 4
9 6
10 6
11 5
12 5
13 9
14 12
15 18
16 28
17 35
18 63
19 64
20 72
21 91
22 78
23 74
24 67
25 44
26 28
27 13
28 11
29 6
30 5
31 3
32 4
33 4
34 5
35 2
36 0
last timestep 36
node 726 iteration 4
0 0
1 3
2 1
3 8
4 6
5 15
6 11
7 28
8 33
9 47
10 63
11 89
12 88
13 92
14 91
15 76
16 70
17 54
18 42
19 27
20 25
21 17
22 12
23 4
24 2
25 5
26 2
27 0
28 1
29 1
30 0
last timestep 30
node 726 iteration 5
0 0
1 1
2 0
3 0
last timestep 3
node 726 iteration 6
0 0
1 1
2 4
3 6
4 11
5 17
6 17
7 18
8 24
9 46
10 69
11 75
12 89
13 74
14 66
15 61
16 46
17 33
18 22
19 17
20 8
21 8
22 6
23 10
24 8
25 3
26 4
27 2
28 3
29 0
30 0
last timestep 30
node 726 iteration 7
0 0
1 0
2 0
last timestep 2
node 726 iteration 8
0 0
1 1
2 0
3 0
last timestep 3
node 726 iteration 9
0 0
1 4
2 2
3 3
4 11
5 16
6 20
7 37
8 52
9 76
10 96
11 101
12 102
13 106
14 82
15 50
16 38
17 33
18 22
19 22
20 9
21 2
22 1
23 0
24 2
25 0
last timestep 25
