node 747 iteration 0
0 0
1 4
2 3
3 5
4 8
5 15
6 12
7 22
8 29
9 43
10 65
11 82
12 79
13 80
14 74
15 70
16 52
17 34
18 21
19 8
20 3
21 3
22 7
23 11
24 11
25 11
26 9
27 12
28 4
29 3
30 2
31 1
32 0
33 0
last timestep 33
node 747 iteration 1
0 0
1 4
2 1
3 3
4 8
5 7
6 16
7 19
8 46
9 51
10 57
11 56
12 52
13 58
14 63
15 93
16 89
17 72
18 67
19 47
20 23
21 9
22 7
23 4
24 3
25 1
26 0
27 0
last timestep 27
node 747 iteration 2
0 0
1 11
2 28
3 36
4 46
5 57
6 81
7 75
8 74
9 85
10 66
11 56
12 39
13 30
14 15
15 11
16 5
17 4
18 1
19 0
20 0
last timestep 20
node 747 iteration 3
0 0
1 2
2 2
3 3
4 11
5 12
6 15
7 36
8 32
9 49
10 72
11 82
12 90
13 87
14 68
15 66
16 60
17 30
18 31
19 21
20 15
21 18
22 20
23 15
24 13
25 6
26 3
27 0
28 0
last timestep 28
node 747 iteration 4
0 0
1 4
2 2
3 1
4 0
5 0
last timestep 5
node 747 iteration 5
0 0
1 8
2 6
3 13
4 28
5 47
6 61
7 88
8 85
9 75
10 84
11 75
12 66
13 34
14 21
15 15
16 16
17 13
18 3
19 3
20 1
21 1
22 1
23 2
24 3
25 0
26 0
last timestep 26
node 747 iteration 6
0 0
1 5
2 3
3 9
4 4
5 5
6 6
7 15
8 25
9 37
10 51
11 63
12 70
13 84
14 91
15 82
16 49
17 44
18 42
19 32
20 15
21 8
22 1
23 0
24 0
last timestep 24
node 747 iteration 7
0 0
1 9
2 11
3 10
4 15
5 14
6 25
7 32
8 44
9 64
10 75
11 95
12 77
13 56
14 64
15 42
16 42
17 39
18 26
19 16
20 13
21 11
22 6
23 1
24 1
25 0
26 0
last timestep 26
node 747 iteration 8
0 0
1 3
2 3
3 15
4 33
5 61
6 67
7 86
8 97
9 78
10 74
11 74
12 73
13 36
14 17
15 20
16 21
17 18
18 20
19 6
20 4
21 0
22 0
last timestep 22
node 747 iteration 9
0 0
1 9
2 11
3 13
4 17
5 20
6 30
7 50
8 55
9 76
10 91
11 99
12 81
13 71
14 75
15 54
16 48
17 31
18 25
19 18
20 13
21 14
22 6
23 6
24 4
25 1
26 1
27 1
28 0
29 0
last timestep 29
