node 759 iteration 0
0 0
1 2
2 1
3 1
4 1
5 0
6 0
last timestep 6
node 759 iteration 1
0 0
1 2
2 3
3 5
4 3
5 3
6 4
7 2
8 2
9 9
10 8
11 7
12 19
13 19
14 30
15 48
16 70
17 85
18 105
19 84
20 80
21 76
22 60
23 52
24 31
25 34
26 17
27 15
28 10
29 14
30 4
31 6
32 7
33 7
34 4
35 1
36 2
37 3
38 2
39 0
40 0
last timestep 40
node 759 iteration 2
0 0
1 1
2 0
3 0
last timestep 3
node 759 iteration 3
0 0
1 1
2 3
3 4
4 7
5 10
6 5
7 7
8 13
9 20
10 35
11 49
12 49
13 54
14 55
15 74
16 75
17 66
18 46
19 30
20 20
21 17
22 12
23 8
24 6
25 6
26 5
27 2
28 0
29 0
last timestep 29
node 759 iteration 4
0 0
1 0
2 0
last timestep 2
node 759 iteration 5
0 0
1 2
2 5
3 6
4 2
5 4
6 6
7 8
8 4
9 2
10 4
11 9
12 11
13 12
14 22
15 36
16 52
17 63
18 82
19 57
20 73
21 70
22 61
23 49
24 28
25 25
26 11
27 19
28 9
29 6
30 2
31 4
32 1
33 0
34 0
last timestep 34
node 759 iteration 6
0 0
1 0
2 0
last timestep 2
node 759 iteration 7
0 0
1 1
2 0
3 0
last timestep 3
node 759 iteration 8
0 0
1 1
2 1
3 1
4 1
5 1
6 2
7 6
8 8
9 13
10 10
11 11
12 23
13 54
14 72
15 97
16 105
17 84
18 86
19 74
20 68
21 39
22 19
23 12
24 5
25 3
26 5
27 5
28 0
29 0
last timestep 29
node 759 iteration 9
0 0
1 1
2 7
3 13
4 18
5 38
6 59
7 77
8 91
9 87
10 98
11 73
12 43
13 33
14 29
15 12
16 11
17 14
18 21
19 3
20 3
21 3
22 1
23 0
24 0
last timestep 24
