node 818 iteration 0
0 0
1 2
2 5
3 7
4 10
5 11
6 16
7 21
8 43
9 64
10 80
11 80
12 77
13 83
14 74
15 64
16 49
17 35
18 32
19 24
20 12
21 13
22 7
23 3
24 1
25 4
26 4
27 1
28 0
29 0
last timestep 29
node 818 iteration 1
0 0
1 2
2 1
3 1
4 0
5 0
last timestep 5
node 818 iteration 2
0 0
1 2
2 3
3 13
4 17
5 26
6 39
7 54
8 59
9 79
10 73
11 77
12 76
13 75
14 59
15 67
16 52
17 32
18 22
19 17
20 11
21 5
22 6
23 5
24 2
25 2
26 0
27 0
last timestep 27
node 818 iteration 3
0 0
1 3
2 2
3 0
4 0
last timestep 4
node 818 iteration 4
0 0
1 0
2 0
last timestep 2
node 818 iteration 5
0 0
1 2
2 3
3 4
4 6
5 7
6 12
7 14
8 18
9 47
10 67
11 67
12 71
13 95
14 98
15 86
16 50
17 36
18 25
19 18
20 17
21 12
22 4
23 3
24 2
25 0
26 0
last timestep 26
node 818 iteration 6
0 0
1 0
2 0
last timestep 2
node 818 iteration 7
0 0
1 1
2 1
3 1
4 6
5 6
6 8
7 19
8 35
9 58
10 52
11 60
12 62
13 64
14 73
15 78
16 66
17 56
18 38
19 29
20 23
21 9
22 8
23 2
24 1
25 2
26 1
27 2
28 0
29 0
last timestep 29
node 818 iteration 8
0 0
1 3
2 2
3 5
4 3
5 12
6 17
7 31
8 53
9 66
10 84
11 74
12 88
13 68
14 59
15 42
16 27
17 15
18 11
19 7
20 2
21 0
22 0
last timestep 22
node 818 iteration 9
0 0
1 2
2 3
3 6
4 23
5 29
6 29
7 46
8 73
9 72
10 68
11 74
12 60
13 32
14 43
15 23
16 20
17 13
18 6
19 4
20 4
21 3
22 0
23 0
last timestep 23
