node 1054 iteration 0
0 0
1 2
2 5
3 9
4 18
5 34
6 39
7 57
8 70
9 70
10 69
11 60
12 61
13 57
14 43
15 29
16 27
17 18
18 14
19 13
20 9
21 16
22 12
23 7
24 6
25 4
26 1
27 1
28 0
29 0
last timestep 29
node 1054 iteration 1
0 0
1 2
2 7
3 18
4 17
5 23
6 59
7 66
8 59
9 76
10 69
11 73
12 87
13 92
14 76
15 56
16 36
17 25
18 12
19 5
20 0
21 0
last timestep 21
node 1054 iteration 2
0 0
1 3
2 2
3 0
4 0
last timestep 4
node 1054 iteration 3
0 0
1 5
2 6
3 15
4 21
5 38
6 57
7 78
8 110
9 94
10 95
11 76
12 62
13 42
14 30
15 17
16 6
17 5
18 3
19 0
20 0
last timestep 20
node 1054 iteration 4
0 0
1 1
2 0
3 0
last timestep 3
node 1054 iteration 5
0 0
1 2
2 2
3 1
4 1
5 0
6 0
last timestep 6
node 1054 iteration 6
0 0
1 2
2 4
3 4
4 10
5 14
6 32
7 45
8 72
9 90
10 114
11 98
12 100
13 65
14 36
15 24
16 17
17 10
18 6
19 6
20 2
21 2
22 0
23 0
last timestep 23
node 1054 iteration 7
0 0
1 6
2 4
3 11
4 17
5 22
6 25
7 37
8 71
9 104
10 120
11 90
12 77
13 75
14 45
15 27
16 16
17 9
18 3
19 2
20 1
21 0
22 0
last timestep 22
node 1054 iteration 8
0 0
1 2
2 2
3 10
4 19
5 23
6 34
7 68
8 71
9 101
10 101
11 73
12 59
13 53
14 31
15 35
16 24
17 13
18 15
19 10
20 8
21 8
22 5
23 4
24 0
25 0
last timestep 25
node 1054 iteration 9
0 0
1 2
2 0
3 0
last timestep 3
