node 751 iteration 0
0 0
1 2
2 6
3 8
4 10
5 6
6 8
7 12
8 14
9 17
10 18
11 39
12 48
13 60
14 74
15 79
16 82
17 64
18 54
19 58
20 26
21 12
22 13
23 4
24 1
25 0
26 0
last timestep 26
node 751 iteration 1
0 0
1 0
2 0
last timestep 2
node 751 iteration 2
0 0
1 2
2 5
3 10
4 20
5 16
6 19
7 40
8 47
9 64
10 76
11 76
12 70
13 46
14 35
15 33
16 35
17 27
18 21
19 15
20 13
21 12
22 11
23 10
24 6
25 1
26 1
27 1
28 0
29 0
last timestep 29
node 751 iteration 3
0 0
1 1
2 1
3 4
4 9
5 6
6 9
7 4
8 11
9 24
10 31
11 49
12 50
13 38
14 42
15 52
16 60
17 66
18 59
19 44
20 40
21 34
22 25
23 28
24 17
25 11
26 10
27 2
28 2
29 5
30 0
31 0
last timestep 31
node 751 iteration 4
0 0
1 3
2 2
3 1
4 1
5 7
6 7
7 24
8 31
9 29
10 35
11 51
12 77
13 102
14 112
15 92
16 71
17 56
18 35
19 22
20 7
21 10
22 6
23 2
24 2
25 2
26 1
27 1
28 0
29 0
last timestep 29
node 751 iteration 5
0 0
1 1
2 3
3 6
4 9
5 20
6 31
7 42
8 48
9 55
10 71
11 72
12 86
13 98
14 86
15 63
16 65
17 36
18 25
19 20
20 8
21 7
22 5
23 3
24 3
25 1
26 0
27 0
last timestep 27
node 751 iteration 6
0 0
1 2
2 7
3 19
4 47
5 42
6 57
7 65
8 86
9 101
10 92
11 64
12 53
13 50
14 29
15 23
16 11
17 7
18 8
19 11
20 8
21 14
22 5
23 5
24 3
25 0
26 0
last timestep 26
node 751 iteration 7
0 0
1 1
2 0
3 0
last timestep 3
node 751 iteration 8
0 0
1 1
2 1
3 5
4 14
5 16
6 48
7 73
8 75
9 84
10 92
11 69
12 65
13 79
14 57
15 45
16 31
17 26
18 18
19 18
20 7
21 4
22 1
23 0
24 0
last timestep 24
node 751 iteration 9
0 0
1 2
2 4
3 3
4 2
5 3
6 1
7 7
8 2
9 2
10 2
11 3
12 7
13 9
14 5
15 10
16 14
17 26
18 35
19 51
20 75
21 93
22 97
23 102
24 97
25 82
26 70
27 42
28 23
29 14
30 5
31 2
32 2
33 2
34 0
35 0
last timestep 35
