node 1055 iteration 0
0 0
1 2
2 2
3 2
4 2
5 2
6 0
7 0
last timestep 7
node 1055 iteration 1
0 0
1 3
2 0
3 0
last timestep 3
node 1055 iteration 2
0 0
1 4
2 5
3 3
4 8
5 11
6 20
7 34
8 52
9 67
10 71
11 86
12 80
13 73
14 80
15 68
16 48
17 32
18 16
19 8
20 4
21 1
22 1
23 1
24 0
25 0
last timestep 25
node 1055 iteration 3
0 0
1 3
2 4
3 7
4 8
5 11
6 25
7 33
8 59
9 67
10 83
11 86
12 70
13 78
14 67
15 50
16 28
17 33
18 29
19 28
20 15
21 10
22 8
23 10
24 9
25 7
26 4
27 1
28 1
29 2
30 0
31 0
last timestep 31
node 1055 iteration 4
0 0
1 5
2 16
3 8
4 20
5 22
6 28
7 33
8 51
9 66
10 85
11 90
12 104
13 89
14 92
15 54
16 41
17 17
18 12
19 9
20 7
21 1
22 0
23 0
last timestep 23
node 1055 iteration 5
0 0
1 5
2 6
3 8
4 7
5 7
6 11
7 25
8 36
9 44
10 64
11 68
12 63
13 77
14 76
15 58
16 46
17 35
18 36
19 20
20 16
21 13
22 10
23 5
24 5
25 3
26 2
27 6
28 1
29 0
30 0
last timestep 30
node 1055 iteration 6
0 0
1 1
2 1
3 1
4 3
5 6
6 17
7 18
8 41
9 46
10 93
11 107
12 121
13 119
14 100
15 67
16 34
17 21
18 11
19 2
20 2
21 0
22 0
last timestep 22
node 1055 iteration 7
0 0
1 3
2 4
3 5
4 3
5 1
6 1
7 0
8 0
last timestep 8
node 1055 iteration 8
0 0
1 11
2 26
3 36
4 58
5 104
6 112
7 131
8 113
9 93
10 66
11 41
12 23
13 7
14 5
15 6
16 2
17 1
18 0
19 0
last timestep 19
node 1055 iteration 9
0 0
1 6
2 7
3 1
4 3
5 7
6 11
7 13
8 25
9 22
10 38
11 50
12 34
13 44
14 46
15 50
16 63
17 57
18 45
19 22
20 19
21 14
22 12
23 11
24 6
25 9
26 6
27 10
28 9
29 5
30 3
31 3
32 3
33 1
34 0
35 0
last timestep 35
