node 1529 iteration 0
0 0
1 2
2 9
3 12
4 6
5 4
6 10
7 10
8 14
9 36
10 74
11 95
12 86
13 78
14 76
15 58
16 45
17 45
18 32
19 17
20 8
21 7
22 10
23 11
24 5
25 6
26 1
27 2
28 2
29 3
30 1
31 0
32 0
last timestep 32
node 1529 iteration 1
0 0
1 1
2 0
3 0
last timestep 3
node 1529 iteration 2
0 0
1 2
2 0
3 1
4 2
5 3
6 1
7 0
last timestep 7
node 1529 iteration 3
0 0
1 0
2 0
last timestep 2
node 1529 iteration 4
0 0
1 3
2 4
3 2
4 5
5 6
6 2
7 4
8 8
9 8
10 18
11 17
12 24
13 40
14 62
15 70
16 76
17 76
18 83
19 76
20 66
21 34
22 24
23 31
24 24
25 14
26 9
27 4
28 4
29 2
30 0
31 0
last timestep 31
node 1529 iteration 5
0 0
1 2
2 2
3 4
4 9
5 3
6 4
7 8
8 12
9 16
10 25
11 24
12 47
13 71
14 95
15 109
16 112
17 70
18 62
19 26
20 6
21 10
22 9
23 8
24 4
25 1
26 1
27 0
28 0
last timestep 28
node 1529 iteration 6
0 0
1 2
2 5
3 11
4 14
5 21
6 33
7 59
8 84
9 96
10 91
11 80
12 77
13 60
14 54
15 47
16 21
17 11
18 12
19 1
20 2
21 1
22 1
23 1
24 2
25 2
26 1
27 0
28 0
last timestep 28
node 1529 iteration 7
0 0
1 0
2 0
last timestep 2
node 1529 iteration 8
0 0
1 1
2 3
3 2
4 0
5 0
last timestep 5
node 1529 iteration 9
0 0
1 2
2 3
3 4
4 7
5 7
6 4
7 14
8 19
9 14
10 26
11 37
12 66
13 85
14 111
15 120
16 100
17 75
18 65
19 44
20 24
21 22
22 12
23 7
24 8
25 4
26 2
27 2
28 0
29 0
last timestep 29
