node 1645 iteration 0
0 0
1 6
2 5
3 10
4 17
5 29
6 48
7 70
8 96
9 94
10 87
11 71
12 71
13 49
14 21
15 19
16 15
17 8
18 6
19 3
20 0
21 0
last timestep 21
node 1645 iteration 1
0 0
1 0
2 0
last timestep 2
node 1645 iteration 2
0 0
1 1
2 1
3 1
4 1
5 2
6 1
7 2
8 3
9 8
10 14
11 12
12 18
13 31
14 51
15 67
16 74
17 69
18 85
19 68
20 66
21 63
22 71
23 55
24 39
25 27
26 22
27 12
28 14
29 6
30 3
31 0
32 0
last timestep 32
node 1645 iteration 3
0 0
1 3
2 4
3 4
4 1
5 2
6 2
7 3
8 1
9 5
10 6
11 4
12 3
13 4
14 1
15 0
16 0
last timestep 16
node 1645 iteration 4
0 0
1 2
2 3
3 0
4 0
last timestep 4
node 1645 iteration 5
0 0
1 1
2 0
3 1
4 1
5 0
last timestep 5
node 1645 iteration 6
0 0
1 4
2 5
3 9
4 16
5 9
6 17
7 17
8 12
9 27
10 63
11 69
12 78
13 79
14 64
15 66
16 53
17 51
18 41
19 23
20 10
21 7
22 1
23 8
24 5
25 3
26 3
27 1
28 0
29 0
last timestep 29
node 1645 iteration 7
0 0
1 1
2 0
3 0
last timestep 3
node 1645 iteration 8
0 0
1 1
2 1
3 1
4 5
5 2
6 3
7 1
8 0
9 0
last timestep 9
node 1645 iteration 9
0 0
1 1
2 3
3 6
4 7
5 9
6 11
7 11
8 17
9 24
10 24
11 35
12 50
13 56
14 71
15 73
16 64
17 78
18 63
19 58
20 48
21 36
22 20
23 16
24 6
25 2
26 2
27 0
28 0
last timestep 28
