node 217 iteration 0
0 0
1 2
2 1
3 1
4 1
5 0
6 0
last timestep 6
node 217 iteration 1
0 0
1 4
2 6
3 13
4 18
5 25
6 25
7 54
8 60
9 69
10 91
11 109
12 97
13 89
14 69
15 42
16 24
17 27
18 23
19 11
20 11
21 12
22 16
23 6
24 6
25 7
26 5
27 2
28 0
29 0
last timestep 29
node 217 iteration 2
0 0
1 6
2 3
3 0
4 1
5 1
6 3
7 6
8 5
9 5
10 9
11 4
12 6
13 13
14 18
15 34
16 46
17 43
18 56
19 41
20 56
21 57
22 59
23 51
24 43
25 32
26 32
27 25
28 17
29 7
30 6
31 6
32 5
33 3
34 2
35 0
last timestep 35
node 217 iteration 3
0 0
1 5
2 4
3 5
4 10
5 10
6 24
7 42
8 56
9 57
10 63
11 70
12 90
13 88
14 72
15 40
16 31
17 24
18 19
19 16
20 7
21 0
22 0
last timestep 22
node 217 iteration 4
0 0
1 2
2 0
3 0
last timestep 3
node 217 iteration 5
0 0
1 4
2 6
3 5
4 4
5 4
6 9
7 9
8 7
9 18
10 33
11 43
12 71
13 82
14 86
15 69
16 58
17 54
18 49
19 26
20 30
21 28
22 24
23 12
24 15
25 12
26 10
27 4
28 4
29 8
30 3
31 1
32 1
33 1
34 0
35 0
last timestep 35
node 217 iteration 6
0 0
1 6
2 4
3 9
4 5
5 5
6 8
7 12
8 20
9 31
10 49
11 71
12 86
13 81
14 101
15 66
16 54
17 52
18 40
19 33
20 23
21 27
22 19
23 13
24 7
25 7
26 4
27 3
28 1
29 0
30 0
last timestep 30
node 217 iteration 7
0 0
1 5
2 8
3 19
4 23
5 29
6 48
7 80
8 80
9 90
10 75
11 63
12 58
13 60
14 37
15 35
16 22
17 20
18 16
19 2
20 3
21 2
22 1
23 0
24 0
last timestep 24
node 217 iteration 8
0 0
1 5
2 9
3 11
4 15
5 25
6 32
7 38
8 47
9 68
10 80
11 80
12 53
13 69
14 57
15 46
16 35
17 20
18 25
19 18
20 15
21 16
22 5
23 2
24 2
25 0
26 0
last timestep 26
node 217 iteration 9
0 0
1 7
2 9
3 10
4 21
5 26
6 48
7 61
8 94
9 96
10 95
11 97
12 85
13 81
14 49
15 48
16 28
17 14
18 6
19 4
20 2
21 2
22 1
23 0
24 0
last timestep 24
