node 300 iteration 0
0 0
1 2
2 5
3 2
4 7
5 6
6 11
7 22
8 22
9 30
10 41
11 62
12 80
13 70
14 66
15 63
16 41
17 35
18 25
19 28
20 22
21 16
22 10
23 7
24 3
25 2
26 2
27 2
28 2
29 1
30 1
31 1
32 3
33 3
34 1
35 0
36 0
last timestep 36
node 300 iteration 1
0 0
1 1
2 2
3 2
4 4
5 20
6 27
7 40
8 40
9 64
10 77
11 75
12 79
13 77
14 83
15 67
16 56
17 43
18 36
19 27
20 19
21 13
22 7
23 4
24 0
25 0
last timestep 25
node 300 iteration 2
0 0
1 4
2 4
3 8
4 16
5 13
6 11
7 15
8 18
9 29
10 35
11 55
12 60
13 56
14 64
15 47
16 47
17 42
18 39
19 34
20 25
21 25
22 18
23 15
24 16
25 6
26 1
27 3
28 1
29 0
30 1
31 0
last timestep 31
node 300 iteration 3
0 0
1 2
2 3
3 5
4 11
5 25
6 15
7 21
8 19
9 15
10 16
11 28
12 42
13 58
14 67
15 61
16 85
17 87
18 73
19 49
20 47
21 23
22 20
23 7
24 9
25 6
26 3
27 2
28 0
29 0
last timestep 29
node 300 iteration 4
0 0
1 2
2 0
3 0
last timestep 3
node 300 iteration 5
0 0
1 2
2 1
3 5
4 1
5 1
6 0
7 9
8 29
9 58
10 66
11 91
12 104
13 97
14 78
15 74
16 42
17 31
18 32
19 18
20 12
21 10
22 10
23 6
24 1
25 0
last timestep 25
node 300 iteration 6
0 0
1 2
2 0
3 0
last timestep 3
node 300 iteration 7
0 0
1 5
2 6
3 6
4 8
5 17
6 17
7 21
8 37
9 43
10 69
11 74
12 89
13 77
14 65
15 39
16 42
17 35
18 16
19 8
20 6
21 4
22 3
23 1
24 1
25 0
26 0
last timestep 26
node 300 iteration 8
0 0
1 3
2 5
3 7
4 16
5 38
6 50
7 68
8 69
9 89
10 73
11 88
12 84
13 64
14 39
15 34
16 22
17 16
18 10
19 3
20 1
21 1
22 2
23 0
24 0
last timestep 24
node 300 iteration 9
0 0
1 1
2 3
3 3
4 1
5 0
6 0
last timestep 6
