node 1777 iteration 0
0 0
1 1
2 6
3 3
4 5
5 7
6 5
7 4
8 0
9 2
10 2
11 3
12 6
13 8
14 13
15 6
16 9
17 10
18 7
19 10
20 17
21 24
22 35
23 34
24 35
25 41
26 42
27 65
28 61
29 50
30 53
31 47
32 42
33 35
34 31
35 16
36 13
37 4
38 1
39 0
last timestep 39
node 1777 iteration 1
0 0
1 0
2 0
last timestep 2
node 1777 iteration 2
0 0
1 2
2 10
3 8
4 13
5 12
6 18
7 31
8 48
9 69
10 103
11 100
12 105
13 74
14 63
15 47
16 33
17 25
18 19
19 13
20 3
21 3
22 1
23 1
24 3
25 0
26 0
last timestep 26
node 1777 iteration 3
0 0
1 2
2 8
3 13
4 20
5 24
6 31
7 43
8 49
9 64
10 80
11 91
12 89
13 85
14 71
15 73
16 42
17 23
18 18
19 18
20 12
21 5
22 4
23 1
24 2
25 0
26 0
last timestep 26
node 1777 iteration 4
0 0
1 1
2 1
3 1
4 0
5 0
last timestep 5
node 1777 iteration 5
0 0
1 1
2 5
3 3
4 3
5 4
6 9
7 2
8 5
9 8
10 17
11 18
12 31
13 44
14 40
15 42
16 57
17 49
18 49
19 56
20 58
21 50
22 41
23 36
24 19
25 21
26 22
27 19
28 4
29 1
30 4
31 0
32 1
33 1
34 1
35 1
36 2
37 0
last timestep 37
node 1777 iteration 6
0 0
1 0
2 0
last timestep 2
node 1777 iteration 7
0 0
1 0
2 0
last timestep 2
node 1777 iteration 8
0 0
1 1
2 0
3 0
last timestep 3
node 1777 iteration 9
0 0
1 4
2 7
3 1
4 0
5 0
last timestep 5
