node 773 iteration 0
0 0
1 1
2 0
3 0
last timestep 3
node 773 iteration 1
0 0
1 2
2 0
3 0
last timestep 3
node 773 iteration 2
0 0
1 5
2 8
3 6
4 4
5 5
6 9
7 17
8 21
9 46
10 63
11 88
12 72
13 94
14 84
15 67
16 52
17 51
18 17
19 15
20 12
21 8
22 7
23 2
24 1
25 1
26 2
27 0
28 0
last timestep 28
node 773 iteration 3
0 0
1 2
2 0
3 3
4 4
5 3
6 9
7 12
8 18
9 33
10 56
11 57
12 77
13 92
14 87
15 82
16 69
17 68
18 54
19 32
20 24
21 19
22 10
23 12
24 10
25 10
26 3
27 1
28 1
29 0
last timestep 29
node 773 iteration 4
0 0
1 2
2 6
3 2
4 4
5 11
6 8
7 3
8 6
9 1
10 1
11 1
12 2
13 4
14 4
15 1
16 0
17 1
18 0
last timestep 18
node 773 iteration 5
0 0
1 3
2 6
3 14
4 13
5 37
6 80
7 88
8 113
9 118
10 97
11 98
12 68
13 49
14 26
15 26
16 16
17 3
18 3
19 1
20 1
21 0
22 0
last timestep 22
node 773 iteration 6
0 0
1 3
2 2
3 3
4 3
5 0
6 0
last timestep 6
node 773 iteration 7
0 0
1 7
2 5
3 6
4 14
5 17
6 32
7 38
8 51
9 73
10 99
11 110
12 100
13 88
14 49
15 44
16 49
17 32
18 21
19 14
20 8
21 9
22 6
23 0
24 0
last timestep 24
node 773 iteration 8
0 0
1 9
2 18
3 31
4 51
5 65
6 58
7 73
8 86
9 114
10 78
11 63
12 32
13 34
14 29
15 16
16 11
17 11
18 11
19 10
20 9
21 8
22 1
23 0
24 0
last timestep 24
node 773 iteration 9
0 0
1 1
2 0
3 0
last timestep 3
