node 676 iteration 0
0 0
1 0
2 0
last timestep 2
node 676 iteration 1
0 0
1 1
2 0
3 0
last timestep 3
node 676 iteration 2
0 0
1 0
2 0
last timestep 2
node 676 iteration 3
0 0
1 2
2 5
3 11
4 6
5 10
6 13
7 21
8 35
9 42
10 69
11 76
12 87
13 94
14 71
15 47
16 41
17 37
18 31
19 11
20 7
21 2
22 5
23 2
24 3
25 0
26 3
27 4
28 3
29 0
last timestep 29
node 676 iteration 4
0 0
1 0
2 0
last timestep 2
node 676 iteration 5
0 0
1 3
2 7
3 11
4 19
5 19
6 24
7 38
8 59
9 65
10 88
11 96
12 95
13 76
14 81
15 49
16 23
17 12
18 11
19 9
20 4
21 11
22 2
23 1
24 0
25 0
last timestep 25
node 676 iteration 6
0 0
1 0
2 0
last timestep 2
node 676 iteration 7
0 0
1 2
2 12
3 25
4 42
5 42
6 63
7 80
8 80
9 85
10 109
11 79
12 53
13 40
14 39
15 29
16 22
17 16
18 9
19 4
20 2
21 3
22 0
23 0
last timestep 23
node 676 iteration 8
0 0
1 3
2 2
3 2
4 3
5 9
6 10
7 23
8 26
9 23
10 36
11 31
12 46
13 73
14 98
15 110
16 99
17 73
18 55
19 35
20 25
21 22
22 13
23 9
24 12
25 5
26 2
27 0
28 0
last timestep 28
node 676 iteration 9
0 0
1 2
2 5
3 5
4 8
5 11
6 15
7 39
8 70
9 99
10 109
11 90
12 66
13 78
14 63
15 43
16 38
17 24
18 17
19 11
20 5
21 3
22 1
23 0
24 0
last timestep 24
