node 1140 iteration 0
0 0
1 0
2 0
last timestep 2
node 1140 iteration 1
0 0
1 1
2 0
3 0
last timestep 3
node 1140 iteration 2
0 0
1 1
2 1
3 5
4 11
5 6
6 7
7 8
8 9
9 20
10 37
11 79
12 104
13 118
14 113
15 85
16 67
17 46
18 45
19 29
20 14
21 14
22 19
23 2
24 2
25 1
26 2
27 2
28 1
29 0
30 0
last timestep 30
node 1140 iteration 3
0 0
1 0
2 0
last timestep 2
node 1140 iteration 4
0 0
1 4
2 5
3 3
4 6
5 6
6 6
7 7
8 28
9 20
10 34
11 43
12 52
13 63
14 51
15 59
16 64
17 78
18 60
19 54
20 35
21 37
22 22
23 19
24 7
25 3
26 4
27 7
28 6
29 2
30 2
31 1
32 1
33 0
34 0
last timestep 34
node 1140 iteration 5
0 0
1 2
2 2
3 5
4 2
5 1
6 0
7 1
8 1
9 2
10 6
11 4
12 14
13 18
14 28
15 62
16 69
17 71
18 79
19 112
20 92
21 74
22 60
23 37
24 35
25 29
26 17
27 15
28 17
29 7
30 5
31 1
32 1
33 0
last timestep 33
node 1140 iteration 6
0 0
1 1
2 0
3 0
last timestep 3
node 1140 iteration 7
0 0
1 2
2 0
3 3
4 3
5 9
6 12
7 17
8 36
9 59
10 81
11 84
12 101
13 75
14 86
15 71
16 59
17 38
18 31
19 26
20 20
21 15
22 7
23 6
24 4
25 0
last timestep 25
node 1140 iteration 8
0 0
1 1
2 1
3 2
4 1
5 2
6 7
7 5
8 12
9 18
10 27
11 42
12 54
13 78
14 68
15 72
16 91
17 77
18 58
19 42
20 19
21 13
22 11
23 8
24 6
25 4
26 0
27 2
28 0
last timestep 28
node 1140 iteration 9
0 0
1 0
2 0
last timestep 2
