node 769 iteration 0
0 0
1 1
2 3
3 4
4 2
5 1
6 2
7 2
8 3
9 7
10 8
11 5
12 6
13 7
14 16
15 31
16 39
17 64
18 65
19 74
20 106
21 60
22 75
23 63
24 35
25 15
26 16
27 12
28 13
29 7
30 9
31 4
32 0
33 0
last timestep 33
node 769 iteration 1
0 0
1 1
2 1
3 1
4 1
5 4
6 9
7 4
8 4
9 10
10 20
11 42
12 59
13 65
14 82
15 86
16 86
17 94
18 66
19 42
20 27
21 24
22 10
23 9
24 2
25 3
26 4
27 0
28 0
last timestep 28
node 769 iteration 2
0 0
1 1
2 4
3 4
4 10
5 7
6 8
7 20
8 29
9 50
10 57
11 68
12 56
13 99
14 93
15 101
16 85
17 58
18 55
19 32
20 20
21 11
22 10
23 6
24 5
25 1
26 5
27 2
28 0
29 0
last timestep 29
node 769 iteration 3
0 0
1 4
2 2
3 2
4 1
5 1
6 0
7 0
last timestep 7
node 769 iteration 4
0 0
1 2
2 6
3 6
4 12
5 21
6 32
7 54
8 60
9 79
10 74
11 95
12 74
13 65
14 58
15 45
16 32
17 20
18 14
19 15
20 5
21 2
22 1
23 0
24 0
last timestep 24
node 769 iteration 5
0 0
1 1
2 2
3 0
4 0
last timestep 4
node 769 iteration 6
0 0
1 2
2 1
3 6
4 2
5 10
6 13
7 18
8 21
9 28
10 42
11 71
12 89
13 92
14 93
15 106
16 90
17 68
18 41
19 28
20 12
21 10
22 13
23 11
24 12
25 3
26 2
27 2
28 3
29 0
30 0
last timestep 30
node 769 iteration 7
0 0
1 0
2 0
last timestep 2
node 769 iteration 8
0 0
1 2
2 8
3 17
4 25
5 24
6 42
7 56
8 50
9 83
10 92
11 93
12 84
13 66
14 55
15 50
16 27
17 26
18 20
19 15
20 6
21 1
22 4
23 0
24 0
last timestep 24
node 769 iteration 9
0 0
1 2
2 6
3 7
4 10
5 14
6 26
7 54
8 62
9 58
10 67
11 71
12 60
13 52
14 31
15 37
16 33
17 38
18 36
19 22
20 13
21 11
22 8
23 8
24 2
25 1
26 0
27 0
last timestep 27
