node 801 iteration 0
0 0
1 2
2 0
3 0
last timestep 3
node 801 iteration 1
0 0
1 1
2 0
3 0
last timestep 3
node 801 iteration 2
0 0
1 4
2 1
3 0
4 0
last timestep 4
node 801 iteration 3
0 0
1 5
2 6
3 2
4 6
5 11
6 19
7 38
8 58
9 61
10 82
11 100
12 105
13 116
14 90
15 65
16 41
17 22
18 18
19 17
20 3
21 0
22 0
last timestep 22
node 801 iteration 4
0 0
1 6
2 12
3 21
4 13
5 23
6 47
7 84
8 102
9 132
10 128
11 84
12 86
13 59
14 28
15 15
16 8
17 6
18 5
19 2
20 4
21 2
22 4
23 4
24 9
25 1
26 0
27 0
last timestep 27
node 801 iteration 5
0 0
1 0
2 0
last timestep 2
node 801 iteration 6
0 0
1 3
2 5
3 9
4 18
5 10
6 21
7 49
8 51
9 70
10 69
11 86
12 71
13 67
14 81
15 56
16 50
17 45
18 33
19 13
20 4
21 1
22 3
23 0
24 0
last timestep 24
node 801 iteration 7
0 0
1 3
2 8
3 14
4 11
5 19
6 26
7 31
8 51
9 52
10 64
11 62
12 65
13 52
14 62
15 54
16 49
17 25
18 15
19 10
20 9
21 3
22 3
23 4
24 2
25 1
26 1
27 1
28 0
29 0
last timestep 29
node 801 iteration 8
0 0
1 4
2 11
3 12
4 43
5 68
6 65
7 80
8 94
9 105
10 102
11 78
12 36
13 20
14 25
15 11
16 8
17 4
18 5
19 4
20 4
21 4
22 7
23 3
24 2
25 1
26 0
27 0
last timestep 27
node 801 iteration 9
0 0
1 4
2 8
3 11
4 19
5 24
6 32
7 47
8 67
9 87
10 103
11 123
12 102
13 53
14 43
15 21
16 14
17 4
18 5
19 8
20 4
21 1
22 3
23 4
24 5
25 3
26 3
27 0
28 1
29 0
last timestep 29
