node 1237 iteration 0
0 0
1 2
2 5
3 3
4 8
5 17
6 19
7 37
8 58
9 65
10 65
11 93
12 102
13 77
14 93
15 56
16 54
17 28
18 16
19 11
20 7
21 4
22 14
23 5
24 5
25 8
26 3
27 0
28 0
last timestep 28
node 1237 iteration 1
0 0
1 4
2 4
3 9
4 20
5 32
6 39
7 62
8 82
9 67
10 71
11 73
12 83
13 56
14 28
15 26
16 24
17 18
18 15
19 13
20 4
21 2
22 2
23 1
24 0
25 0
last timestep 25
node 1237 iteration 2
0 0
1 3
2 3
3 5
4 7
5 10
6 14
7 20
8 32
9 62
10 85
11 88
12 56
13 72
14 61
15 56
16 46
17 40
18 17
19 12
20 4
21 6
22 4
23 2
24 3
25 4
26 1
27 1
28 0
29 0
last timestep 29
node 1237 iteration 3
0 0
1 3
2 1
3 2
4 0
5 0
last timestep 5
node 1237 iteration 4
0 0
1 0
2 1
3 1
4 0
last timestep 4
node 1237 iteration 5
0 0
1 3
2 3
3 15
4 13
5 9
6 10
7 16
8 18
9 48
10 65
11 97
12 95
13 103
14 80
15 94
16 52
17 48
18 26
19 15
20 6
21 6
22 8
23 3
24 2
25 1
26 4
27 3
28 2
29 1
30 0
31 0
last timestep 31
node 1237 iteration 6
0 0
1 0
2 0
last timestep 2
node 1237 iteration 7
0 0
1 3
2 6
3 4
4 7
5 12
6 19
7 28
8 47
9 62
10 65
11 69
12 78
13 78
14 53
15 43
16 29
17 31
18 23
19 16
20 18
21 14
22 17
23 14
24 13
25 16
26 9
27 6
28 5
29 1
30 0
31 0
last timestep 31
node 1237 iteration 8
0 0
1 2
2 6
3 10
4 15
5 22
6 25
7 31
8 65
9 101
10 83
11 69
12 52
13 55
14 41
15 37
16 49
17 38
18 23
19 21
20 13
21 16
22 5
23 1
24 1
25 2
26 1
27 0
28 0
last timestep 28
node 1237 iteration 9
0 0
1 2
2 2
3 4
4 4
5 10
6 8
7 26
8 47
9 53
10 62
11 81
12 94
13 93
14 91
15 90
16 53
17 30
18 29
19 20
20 7
21 4
22 0
23 0
last timestep 23
