node 896 iteration 0
0 0
1 2
2 1
3 2
4 2
5 3
6 8
7 9
8 16
9 12
10 24
11 34
12 47
13 68
14 65
15 98
16 108
17 86
18 74
19 45
20 36
21 28
22 18
23 13
24 3
25 7
26 3
27 1
28 3
29 0
30 0
last timestep 30
node 896 iteration 1
0 0
1 2
2 4
3 3
4 19
5 20
6 38
7 56
8 57
9 85
10 85
11 88
12 96
13 77
14 45
15 33
16 25
17 20
18 8
19 5
20 3
21 1
22 2
23 1
24 0
25 0
last timestep 25
node 896 iteration 2
0 0
1 0
2 1
3 3
4 4
5 4
6 3
7 12
8 14
9 19
10 27
11 30
12 61
13 75
14 61
15 68
16 66
17 74
18 54
19 45
20 34
21 23
22 13
23 10
24 2
25 6
26 5
27 2
28 0
last timestep 28
node 896 iteration 3
0 0
1 1
2 0
3 0
last timestep 3
node 896 iteration 4
0 0
1 2
2 4
3 3
4 7
5 1
6 3
7 1
8 1
9 0
10 0
last timestep 10
node 896 iteration 5
0 0
1 1
2 2
3 19
4 17
5 18
6 21
7 34
8 56
9 78
10 78
11 68
12 70
13 61
14 51
15 57
16 37
17 23
18 20
19 12
20 10
21 9
22 5
23 2
24 6
25 9
26 8
27 4
28 2
29 0
30 0
last timestep 30
node 896 iteration 6
0 0
1 1
2 1
3 6
4 3
5 2
6 9
7 8
8 4
9 10
10 13
11 17
12 23
13 32
14 62
15 60
16 72
17 82
18 73
19 66
20 48
21 35
22 15
23 8
24 13
25 5
26 6
27 4
28 6
29 2
30 0
31 0
last timestep 31
node 896 iteration 7
0 0
1 0
2 0
last timestep 2
node 896 iteration 8
0 0
1 1
2 1
3 0
4 0
last timestep 4
node 896 iteration 9
0 0
1 4
2 8
3 16
4 23
5 29
6 47
7 75
8 66
9 81
10 94
11 77
12 60
13 41
14 43
15 38
16 23
17 17
18 8
19 9
20 1
21 0
22 1
23 0
last timestep 23
