node 612 iteration 0
0 0
1 2
2 1
3 2
4 4
5 9
6 9
7 9
8 10
9 26
10 33
11 61
12 81
13 87
14 129
15 112
16 74
17 62
18 43
19 27
20 18
21 4
22 5
23 2
24 1
25 1
26 1
27 1
28 0
29 0
last timestep 29
node 612 iteration 1
0 0
1 2
2 2
3 3
4 7
5 17
6 35
7 48
8 55
9 86
10 85
11 75
12 89
13 96
14 75
15 51
16 33
17 28
18 19
19 15
20 6
21 1
22 0
23 0
last timestep 23
node 612 iteration 2
0 0
1 0
2 0
last timestep 2
node 612 iteration 3
0 0
1 3
2 1
3 4
4 2
5 8
6 7
7 10
8 9
9 9
10 10
11 32
12 48
13 52
14 50
15 58
16 46
17 50
18 60
19 57
20 46
21 35
22 22
23 15
24 11
25 5
26 11
27 8
28 5
29 1
30 2
31 3
32 0
33 0
last timestep 33
node 612 iteration 4
0 0
1 1
2 0
3 0
last timestep 3
node 612 iteration 5
0 0
1 3
2 4
3 12
4 14
5 11
6 15
7 18
8 20
9 39
10 53
11 70
12 78
13 78
14 69
15 52
16 43
17 46
18 44
19 30
20 26
21 22
22 19
23 14
24 12
25 3
26 1
27 0
28 0
last timestep 28
node 612 iteration 6
0 0
1 2
2 1
3 2
4 7
5 11
6 17
7 27
8 43
9 78
10 85
11 100
12 88
13 87
14 63
15 43
16 47
17 25
18 26
19 21
20 6
21 3
22 7
23 1
24 1
25 1
26 0
27 0
last timestep 27
node 612 iteration 7
0 0
1 4
2 3
3 10
4 17
5 35
6 55
7 74
8 81
9 77
10 82
11 72
12 65
13 40
14 43
15 39
16 27
17 15
18 15
19 21
20 9
21 11
22 2
23 4
24 2
25 0
26 0
last timestep 26
node 612 iteration 8
0 0
1 6
2 11
3 14
4 19
5 29
6 39
7 47
8 57
9 79
10 85
11 88
12 59
13 67
14 53
15 48
16 33
17 16
18 12
19 16
20 11
21 11
22 7
23 5
24 7
25 3
26 0
27 0
last timestep 27
node 612 iteration 9
0 0
1 1
2 0
3 0
last timestep 3
