node 564 iteration 0
0 0
1 1
2 3
3 12
4 11
5 12
6 15
7 33
8 43
9 50
10 60
11 83
12 75
13 84
14 79
15 63
16 47
17 27
18 16
19 16
20 15
21 8
22 2
23 2
24 2
25 1
26 1
27 0
28 0
last timestep 28
node 564 iteration 1
0 0
1 2
2 1
3 0
4 0
last timestep 4
node 564 iteration 2
0 0
1 0
2 1
3 1
4 4
5 2
6 6
7 8
8 19
9 23
10 20
11 25
12 26
13 40
14 52
15 54
16 70
17 54
18 44
19 39
20 40
21 40
22 35
23 29
24 26
25 8
26 5
27 3
28 5
29 4
30 1
31 0
last timestep 31
node 564 iteration 3
0 0
1 1
2 1
3 0
4 0
last timestep 4
node 564 iteration 4
0 0
1 1
2 0
3 0
last timestep 3
node 564 iteration 5
0 0
1 3
2 4
3 2
4 3
5 13
6 13
7 39
8 45
9 43
10 49
11 49
12 51
13 66
14 72
15 58
16 45
17 34
18 39
19 29
20 26
21 16
22 7
23 5
24 7
25 3
26 2
27 0
28 0
last timestep 28
node 564 iteration 6
0 0
1 0
2 0
last timestep 2
node 564 iteration 7
0 0
1 2
2 0
3 0
last timestep 3
node 564 iteration 8
0 0
1 2
2 5
3 6
4 4
5 6
6 17
7 26
8 19
9 19
10 25
11 39
12 63
13 85
14 97
15 86
16 79
17 66
18 51
19 33
20 26
21 22
22 8
23 4
24 6
25 2
26 2
27 1
28 0
29 0
last timestep 29
node 564 iteration 9
0 0
1 2
2 2
3 6
4 13
5 31
6 30
7 32
8 33
9 52
10 67
11 87
12 101
13 88
14 83
15 69
16 66
17 43
18 24
19 20
20 17
21 17
22 25
23 15
24 3
25 3
26 0
27 1
28 1
29 0
last timestep 29
