node 149 iteration 0
0 0
1 1
2 0
3 0
last timestep 3
node 149 iteration 1
0 0
1 0
2 0
last timestep 2
node 149 iteration 2
0 0
1 0
2 0
last timestep 2
node 149 iteration 3
0 0
1 2
2 9
3 7
4 8
5 18
6 32
7 42
8 64
9 78
10 83
11 89
12 81
13 76
14 48
15 31
16 26
17 9
18 7
19 3
20 5
21 2
22 1
23 5
24 3
25 2
26 2
27 2
28 3
29 2
30 0
31 0
last timestep 31
node 149 iteration 4
0 0
1 3
2 11
3 19
4 22
5 45
6 42
7 57
8 80
9 76
10 89
11 73
12 66
13 67
14 41
15 27
16 29
17 12
18 9
19 6
20 3
21 2
22 0
23 0
last timestep 23
node 149 iteration 5
0 0
1 3
2 7
3 4
4 11
5 25
6 40
7 48
8 58
9 93
10 86
11 110
12 90
13 70
14 56
15 47
16 34
17 18
18 19
19 11
20 3
21 0
22 0
last timestep 22
node 149 iteration 6
0 0
1 6
2 6
3 7
4 6
5 7
6 15
7 21
8 35
9 32
10 52
11 73
12 80
13 93
14 93
15 99
16 51
17 49
18 32
19 20
20 13
21 7
22 6
23 3
24 5
25 3
26 4
27 1
28 1
29 0
30 0
last timestep 30
node 149 iteration 7
0 0
1 2
2 0
3 0
last timestep 3
node 149 iteration 8
0 0
1 3
2 2
3 8
4 6
5 4
6 5
7 4
8 13
9 26
10 27
11 49
12 53
13 72
14 87
15 90
16 74
17 72
18 62
19 40
20 38
21 34
22 17
23 9
24 6
25 7
26 7
27 2
28 1
29 1
30 0
31 0
last timestep 31
node 149 iteration 9
0 0
1 1
2 1
3 2
4 6
5 7
6 10
7 4
8 7
9 4
10 8
11 16
12 18
13 8
14 23
15 25
16 37
17 50
18 52
19 49
20 64
21 61
22 48
23 48
24 46
25 30
26 18
27 14
28 13
29 13
30 12
31 9
32 7
33 1
34 2
35 0
36 0
last timestep 36
