node 748 iteration 0
0 0
1 1
2 0
3 0
last timestep 3
node 748 iteration 1
0 0
1 2
2 10
3 12
4 21
5 29
6 28
7 63
8 82
9 95
10 124
11 101
12 73
13 59
14 38
15 31
16 21
17 12
18 9
19 2
20 2
21 3
22 2
23 0
24 1
25 1
26 6
27 1
28 0
last timestep 28
node 748 iteration 2
0 0
1 7
2 2
3 3
4 5
5 8
6 8
7 14
8 20
9 25
10 31
11 57
12 88
13 100
14 97
15 101
16 69
17 52
18 51
19 37
20 22
21 14
22 4
23 2
24 1
25 1
26 1
27 0
28 0
last timestep 28
node 748 iteration 3
0 0
1 2
2 4
3 5
4 4
5 8
6 13
7 15
8 30
9 65
10 61
11 62
12 79
13 104
14 97
15 71
16 62
17 43
18 23
19 19
20 18
21 9
22 6
23 6
24 2
25 4
26 0
27 0
last timestep 27
node 748 iteration 4
0 0
1 1
2 0
3 0
last timestep 3
node 748 iteration 5
0 0
1 2
2 9
3 9
4 29
5 29
6 64
7 78
8 87
9 93
10 106
11 84
12 79
13 64
14 22
15 16
16 15
17 12
18 5
19 5
20 12
21 12
22 3
23 4
24 4
25 6
26 2
27 2
28 0
29 0
last timestep 29
node 748 iteration 6
0 0
1 1
2 2
3 2
4 11
5 14
6 16
7 25
8 59
9 93
10 83
11 78
12 86
13 77
14 67
15 48
16 39
17 12
18 5
19 8
20 4
21 5
22 4
23 9
24 4
25 2
26 0
27 0
last timestep 27
node 748 iteration 7
0 0
1 1
2 2
3 0
4 0
last timestep 4
node 748 iteration 8
0 0
1 2
2 0
3 0
last timestep 3
node 748 iteration 9
0 0
1 2
2 2
3 6
4 20
5 28
6 56
7 59
8 90
9 118
10 117
11 86
12 73
13 39
14 28
15 20
16 24
17 14
18 11
19 4
20 2
21 1
22 1
23 1
24 1
25 1
26 0
27 0
last timestep 27
