node 629 iteration 0
0 0
1 3
2 1
3 1
4 2
5 2
6 1
7 8
8 17
9 20
10 35
11 35
12 49
13 75
14 74
15 100
16 87
17 86
18 69
19 45
20 42
21 26
22 16
23 12
24 16
25 18
26 7
27 5
28 5
29 8
30 3
31 0
32 0
last timestep 32
node 629 iteration 1
0 0
1 5
2 7
3 14
4 25
5 34
6 41
7 67
8 61
9 69
10 87
11 77
12 72
13 64
14 32
15 26
16 19
17 18
18 8
19 5
20 0
21 1
22 0
last timestep 22
node 629 iteration 2
0 0
1 5
2 7
3 15
4 14
5 19
6 29
7 58
8 65
9 83
10 75
11 73
12 74
13 69
14 56
15 37
16 30
17 15
18 19
19 14
20 2
21 0
22 0
last timestep 22
node 629 iteration 3
0 0
1 5
2 1
3 2
4 2
5 5
6 5
7 4
8 7
9 10
10 10
11 15
12 30
13 43
14 72
15 82
16 88
17 84
18 68
19 70
20 48
21 37
22 29
23 22
24 19
25 8
26 12
27 3
28 2
29 0
30 3
31 0
last timestep 31
node 629 iteration 4
0 0
1 3
2 4
3 3
4 4
5 11
6 14
7 21
8 34
9 58
10 75
11 69
12 67
13 84
14 66
15 41
16 40
17 20
18 8
19 5
20 3
21 7
22 1
23 0
24 0
last timestep 24
node 629 iteration 5
0 0
1 6
2 14
3 16
4 39
5 30
6 39
7 64
8 64
9 104
10 103
11 83
12 62
13 57
14 38
15 16
16 12
17 4
18 7
19 2
20 1
21 0
22 0
last timestep 22
node 629 iteration 6
0 0
1 6
2 3
3 3
4 4
5 16
6 29
7 33
8 43
9 60
10 93
11 91
12 83
13 77
14 55
15 36
16 27
17 20
18 19
19 22
20 17
21 14
22 4
23 7
24 4
25 0
26 1
27 0
last timestep 27
node 629 iteration 7
0 0
1 6
2 4
3 9
4 13
5 7
6 10
7 25
8 25
9 34
10 51
11 64
12 83
13 76
14 75
15 73
16 52
17 35
18 26
19 17
20 17
21 10
22 13
23 5
24 1
25 2
26 2
27 4
28 5
29 3
30 0
31 0
last timestep 31
node 629 iteration 8
0 0
1 5
2 5
3 8
4 25
5 35
6 45
7 89
8 104
9 103
10 90
11 78
12 72
13 57
14 48
15 30
16 15
17 17
18 7
19 0
20 0
last timestep 20
node 629 iteration 9
0 0
1 5
2 20
3 32
4 67
5 63
6 96
7 93
8 100
9 96
10 93
11 75
12 54
13 38
14 14
15 10
16 4
17 3
18 0
19 0
last timestep 19
