node 499 iteration 0
0 0
1 3
2 4
3 8
4 11
5 21
6 33
7 37
8 50
9 62
10 67
11 63
12 62
13 70
14 72
15 64
16 52
17 40
18 37
19 22
20 12
21 2
22 3
23 1
24 2
25 2
26 0
27 0
last timestep 27
node 499 iteration 1
0 0
1 3
2 5
3 11
4 10
5 24
6 41
7 47
8 52
9 63
10 66
11 79
12 96
13 94
14 92
15 78
16 47
17 15
18 14
19 17
20 16
21 9
22 8
23 2
24 0
25 1
26 1
27 1
28 3
29 3
30 1
31 1
32 2
33 0
last timestep 33
node 499 iteration 2
0 0
1 5
2 7
3 8
4 14
5 32
6 29
7 51
8 62
9 57
10 68
11 69
12 77
13 81
14 54
15 28
16 18
17 18
18 9
19 5
20 4
21 2
22 1
23 1
24 1
25 1
26 0
27 2
28 0
last timestep 28
node 499 iteration 3
0 0
1 0
2 0
last timestep 2
node 499 iteration 4
0 0
1 5
2 5
3 17
4 31
5 35
6 46
7 58
8 60
9 79
10 73
11 61
12 53
13 49
14 43
15 26
16 17
17 9
18 6
19 2
20 9
21 8
22 6
23 8
24 10
25 9
26 2
27 3
28 1
29 1
30 1
31 0
32 0
last timestep 32
node 499 iteration 5
0 0
1 6
2 12
3 28
4 34
5 40
6 69
7 83
8 94
9 101
10 81
11 76
12 61
13 35
14 20
15 9
16 6
17 2
18 5
19 1
20 0
21 0
last timestep 21
node 499 iteration 6
0 0
1 4
2 2
3 2
4 3
5 4
6 9
7 13
8 15
9 18
10 14
11 11
12 5
13 9
14 25
15 34
16 59
17 62
18 55
19 65
20 58
21 42
22 46
23 33
24 29
25 18
26 12
27 10
28 3
29 3
30 3
31 3
32 0
33 0
last timestep 33
node 499 iteration 7
0 0
1 4
2 17
3 17
4 20
5 42
6 39
7 53
8 49
9 74
10 61
11 69
12 79
13 71
14 59
15 35
16 44
17 25
18 15
19 7
20 11
21 6
22 3
23 3
24 1
25 0
26 0
last timestep 26
node 499 iteration 8
0 0
1 1
2 1
3 0
4 0
last timestep 4
node 499 iteration 9
0 0
1 3
2 1
3 3
4 5
5 12
6 23
7 30
8 48
9 91
10 109
11 96
12 110
13 86
14 70
15 64
16 40
17 24
18 11
19 6
20 5
21 4
22 5
23 1
24 0
25 0
last timestep 25
