node 2244 iteration 0
0 0
1 2
2 1
3 2
4 4
5 6
6 13
7 17
8 12
9 28
10 36
11 58
12 70
13 86
14 108
15 98
16 79
17 71
18 58
19 49
20 28
21 24
22 13
23 10
24 4
25 0
26 0
last timestep 26
node 2244 iteration 1
0 0
1 1
2 0
3 0
last timestep 3
node 2244 iteration 2
0 0
1 2
2 9
3 15
4 14
5 22
6 35
7 44
8 72
9 67
10 71
11 84
12 102
13 56
14 46
15 46
16 37
17 17
18 9
19 6
20 1
21 0
22 0
last timestep 22
node 2244 iteration 3
0 0
1 0
2 0
last timestep 2
node 2244 iteration 4
0 0
1 0
2 0
last timestep 2
node 2244 iteration 5
0 0
1 1
2 0
3 2
4 7
5 8
6 16
7 16
8 20
9 40
10 56
11 66
12 76
13 75
14 90
15 77
16 59
17 48
18 43
19 33
20 19
21 13
22 6
23 4
24 0
last timestep 24
node 2244 iteration 6
0 0
1 0
2 0
last timestep 2
node 2244 iteration 7
0 0
1 1
2 4
3 5
4 6
5 19
6 21
7 43
8 80
9 88
10 77
11 81
12 67
13 71
14 42
15 40
16 30
17 22
18 16
19 12
20 8
21 2
22 2
23 4
24 7
25 2
26 2
27 1
28 1
29 5
30 1
31 1
32 3
33 1
34 0
35 0
last timestep 35
node 2244 iteration 8
0 0
1 0
2 0
last timestep 2
node 2244 iteration 9
0 0
1 2
2 7
3 5
4 7
5 24
6 21
7 58
8 76
9 74
10 70
11 81
12 67
13 53
14 40
15 26
16 29
17 23
18 18
19 19
20 14
21 11
22 3
23 2
24 1
25 1
26 1
27 0
28 0
last timestep 28
