node 437 iteration 0
0 0
1 2
2 5
3 3
4 8
5 20
6 26
7 36
8 60
9 86
10 111
11 131
12 104
13 77
14 48
15 36
16 19
17 17
18 5
19 5
20 3
21 0
22 0
last timestep 22
node 437 iteration 1
0 0
1 2
2 4
3 6
4 19
5 33
6 59
7 61
8 95
9 101
10 105
11 100
12 85
13 52
14 33
15 16
16 15
17 7
18 1
19 1
20 2
21 1
22 2
23 2
24 3
25 2
26 0
27 0
last timestep 27
node 437 iteration 2
0 0
1 0
2 0
last timestep 2
node 437 iteration 3
0 0
1 2
2 12
3 8
4 12
5 14
6 25
7 42
8 61
9 62
10 59
11 49
12 62
13 69
14 69
15 62
16 50
17 39
18 28
19 20
20 3
21 6
22 3
23 2
24 0
25 0
last timestep 25
node 437 iteration 4
0 0
1 1
2 1
3 0
4 0
last timestep 4
node 437 iteration 5
0 0
1 3
2 4
3 7
4 4
5 5
6 4
7 3
8 4
9 7
10 30
11 35
12 47
13 70
14 74
15 82
16 67
17 56
18 62
19 48
20 41
21 42
22 30
23 23
24 10
25 7
26 9
27 6
28 5
29 1
30 0
31 0
last timestep 31
node 437 iteration 6
0 0
1 2
2 0
3 0
last timestep 3
node 437 iteration 7
0 0
1 5
2 7
3 5
4 21
5 29
6 56
7 76
8 81
9 106
10 104
11 80
12 42
13 48
14 27
15 26
16 12
17 4
18 3
19 6
20 5
21 2
22 0
23 0
last timestep 23
node 437 iteration 8
0 0
1 0
2 0
last timestep 2
node 437 iteration 9
0 0
1 3
2 10
3 17
4 22
5 18
6 23
7 22
8 40
9 64
10 91
11 88
12 74
13 61
14 59
15 32
16 33
17 46
18 27
19 24
20 7
21 12
22 5
23 5
24 2
25 0
26 1
27 0
last timestep 27
