node 231 iteration 0
0 0
1 1
2 1
3 1
4 0
5 0
last timestep 5
node 231 iteration 1
0 0
1 0
2 0
last timestep 2
node 231 iteration 2
0 0
1 4
2 3
3 4
4 8
5 6
6 18
7 12
8 23
9 28
10 51
11 58
12 70
13 76
14 92
15 105
16 76
17 68
18 57
19 28
20 17
21 8
22 1
23 1
24 0
25 0
last timestep 25
node 231 iteration 3
0 0
1 2
2 4
3 3
4 16
5 16
6 13
7 24
8 29
9 45
10 85
11 105
12 119
13 82
14 88
15 59
16 48
17 35
18 33
19 8
20 6
21 5
22 3
23 0
24 0
last timestep 24
node 231 iteration 4
0 0
1 3
2 7
3 11
4 11
5 13
6 16
7 21
8 22
9 31
10 33
11 71
12 81
13 62
14 51
15 60
16 43
17 37
18 45
19 26
20 24
21 17
22 14
23 19
24 9
25 7
26 2
27 2
28 3
29 3
30 3
31 0
32 0
last timestep 32
node 231 iteration 5
0 0
1 2
2 11
3 10
4 10
5 16
6 31
7 35
8 59
9 57
10 66
11 83
12 77
13 62
14 62
15 40
16 34
17 24
18 20
19 9
20 13
21 22
22 6
23 3
24 0
25 0
last timestep 25
node 231 iteration 6
0 0
1 1
2 0
3 0
last timestep 3
node 231 iteration 7
0 0
1 4
2 3
3 2
4 3
5 5
6 7
7 25
8 25
9 37
10 55
11 72
12 94
13 100
14 99
15 85
16 84
17 61
18 34
19 14
20 6
21 3
22 4
23 1
24 1
25 0
26 0
last timestep 26
node 231 iteration 8
0 0
1 3
2 2
3 8
4 11
5 19
6 21
7 30
8 39
9 33
10 61
11 63
12 106
13 101
14 79
15 67
16 40
17 47
18 23
19 14
20 14
21 17
22 8
23 6
24 5
25 0
26 0
last timestep 26
node 231 iteration 9
0 0
1 2
2 1
3 1
4 1
5 0
6 0
last timestep 6
