node 1625 iteration 0
0 0
1 0
2 0
last timestep 2
node 1625 iteration 1
0 0
1 2
2 0
3 0
last timestep 3
node 1625 iteration 2
0 0
1 1
2 0
3 0
last timestep 3
node 1625 iteration 3
0 0
1 0
2 0
last timestep 2
node 1625 iteration 4
0 0
1 3
2 10
3 7
4 12
5 12
6 25
7 33
8 37
9 59
10 72
11 90
12 91
13 95
14 85
15 64
16 35
17 39
18 20
19 16
20 7
21 4
22 0
23 0
last timestep 23
node 1625 iteration 5
0 0
1 1
2 13
3 19
4 26
5 31
6 25
7 45
8 80
9 98
10 120
11 104
12 98
13 63
14 68
15 42
16 23
17 14
18 5
19 0
20 3
21 2
22 1
23 0
last timestep 23
node 1625 iteration 6
0 0
1 1
2 3
3 7
4 4
5 3
6 4
7 8
8 8
9 9
10 18
11 22
12 42
13 77
14 76
15 81
16 99
17 67
18 72
19 53
20 39
21 35
22 18
23 15
24 11
25 8
26 2
27 2
28 0
29 0
last timestep 29
node 1625 iteration 7
0 0
1 0
2 2
3 10
4 7
5 5
6 10
7 20
8 33
9 35
10 50
11 45
12 71
13 59
14 63
15 69
16 38
17 28
18 24
19 20
20 12
21 8
22 1
23 0
last timestep 23
node 1625 iteration 8
0 0
1 2
2 0
3 0
last timestep 3
node 1625 iteration 9
0 0
1 1
2 1
3 1
4 2
5 2
6 10
7 23
8 23
9 31
10 31
11 33
12 48
13 76
14 87
15 95
16 96
17 68
18 64
19 60
20 51
21 36
22 11
23 10
24 6
25 0
26 0
last timestep 26
