node 817 iteration 0
0 0
1 2
2 1
3 4
4 2
5 7
6 14
7 21
8 35
9 46
10 60
11 55
12 51
13 57
14 74
15 63
16 64
17 54
18 51
19 34
20 35
21 23
22 10
23 9
24 3
25 1
26 1
27 0
28 0
last timestep 28
node 817 iteration 1
0 0
1 0
2 0
last timestep 2
node 817 iteration 2
0 0
1 3
2 4
3 5
4 8
5 15
6 28
7 38
8 45
9 52
10 58
11 64
12 66
13 84
14 87
15 81
16 79
17 84
18 41
19 38
20 27
21 18
22 6
23 1
24 0
25 0
last timestep 25
node 817 iteration 3
0 0
1 1
2 2
3 12
4 17
5 28
6 59
7 74
8 77
9 92
10 104
11 89
12 77
13 41
14 25
15 22
16 17
17 15
18 4
19 2
20 0
21 0
last timestep 21
node 817 iteration 4
0 0
1 1
2 1
3 2
4 4
5 15
6 25
7 46
8 51
9 59
10 84
11 90
12 71
13 81
14 61
15 63
16 46
17 31
18 20
19 13
20 10
21 4
22 2
23 1
24 2
25 0
26 0
last timestep 26
node 817 iteration 5
0 0
1 1
2 0
3 0
last timestep 3
node 817 iteration 6
0 0
1 1
2 0
3 0
last timestep 3
node 817 iteration 7
0 0
1 1
2 5
3 16
4 46
5 64
6 80
7 93
8 81
9 73
10 72
11 59
12 42
13 33
14 33
15 15
16 8
17 6
18 4
19 1
20 0
21 0
last timestep 21
node 817 iteration 8
0 0
1 0
2 0
last timestep 2
node 817 iteration 9
0 0
1 1
2 2
3 7
4 14
5 16
6 24
7 35
8 57
9 83
10 90
11 82
12 73
13 51
14 45
15 50
16 50
17 28
18 16
19 12
20 9
21 9
22 7
23 4
24 0
25 0
last timestep 25
