node 1098 iteration 0
0 0
1 1
2 0
3 0
last timestep 3
node 1098 iteration 1
0 0
1 3
2 14
3 3
4 4
5 5
6 8
7 23
8 30
9 36
10 54
11 82
12 84
13 108
14 85
15 60
16 64
17 45
18 42
19 23
20 15
21 6
22 4
23 3
24 2
25 1
26 0
27 0
last timestep 27
node 1098 iteration 2
0 0
1 2
2 2
3 3
4 2
5 2
6 2
7 5
8 9
9 19
10 19
11 28
12 33
13 62
14 63
15 82
16 81
17 72
18 73
19 57
20 35
21 26
22 17
23 8
24 4
25 1
26 5
27 3
28 2
29 0
30 0
last timestep 30
node 1098 iteration 3
0 0
1 1
2 0
3 0
last timestep 3
node 1098 iteration 4
0 0
1 1
2 1
3 2
4 12
5 22
6 25
7 23
8 32
9 44
10 55
11 80
12 70
13 71
14 87
15 91
16 62
17 42
18 27
19 25
20 12
21 9
22 9
23 2
24 0
25 1
26 2
27 1
28 0
last timestep 28
node 1098 iteration 5
0 0
1 4
2 5
3 4
4 8
5 10
6 11
7 18
8 26
9 36
10 57
11 71
12 87
13 94
14 88
15 83
16 63
17 53
18 47
19 26
20 15
21 8
22 13
23 9
24 3
25 3
26 1
27 1
28 0
29 0
last timestep 29
node 1098 iteration 6
0 0
1 5
2 5
3 4
4 1
5 12
6 11
7 15
8 24
9 33
10 44
11 48
12 60
13 62
14 75
15 65
16 55
17 56
18 64
19 37
20 32
21 19
22 19
23 12
24 7
25 1
26 0
27 0
last timestep 27
node 1098 iteration 7
0 0
1 5
2 7
3 12
4 9
5 21
6 17
7 22
8 23
9 21
10 59
11 62
12 59
13 51
14 69
15 66
16 51
17 52
18 53
19 37
20 22
21 16
22 11
23 12
24 3
25 2
26 1
27 1
28 0
29 0
last timestep 29
node 1098 iteration 8
0 0
1 4
2 3
3 6
4 9
5 7
6 6
7 4
8 5
9 7
10 2
11 0
12 3
13 3
14 1
15 3
16 6
17 6
18 6
19 3
20 3
21 3
22 3
23 8
24 23
25 27
26 45
27 77
28 99
29 95
30 88
31 77
32 54
33 41
34 39
35 31
36 19
37 13
38 16
39 16
40 14
41 6
42 5
43 3
44 1
45 0
last timestep 45
node 1098 iteration 9
0 0
1 6
2 7
3 5
4 15
5 17
6 40
7 48
8 75
9 88
10 69
11 73
12 57
13 57
14 34
15 38
16 20
17 18
18 4
19 4
20 0
21 0
last timestep 21
