node 1804 iteration 0
0 0
1 7
2 4
3 3
4 7
5 6
6 17
7 37
8 70
9 72
10 81
11 75
12 79
13 71
14 68
15 62
16 41
17 24
18 15
19 9
20 7
21 2
22 1
23 2
24 4
25 0
26 0
last timestep 26
node 1804 iteration 1
0 0
1 1
2 2
3 2
4 1
5 8
6 8
7 15
8 16
9 29
10 43
11 75
12 70
13 102
14 74
15 88
16 74
17 87
18 53
19 26
20 18
21 9
22 5
23 1
24 0
25 0
last timestep 25
node 1804 iteration 2
0 0
1 2
2 2
3 3
4 3
5 2
6 2
7 1
8 1
9 3
10 3
11 2
12 4
13 8
14 16
15 21
16 17
17 19
18 23
19 62
20 73
21 87
22 87
23 82
24 64
25 72
26 53
27 45
28 26
29 16
30 8
31 5
32 2
33 0
34 0
last timestep 34
node 1804 iteration 3
0 0
1 1
2 0
3 0
last timestep 3
node 1804 iteration 4
0 0
1 0
2 0
last timestep 2
node 1804 iteration 5
0 0
1 1
2 0
3 0
last timestep 3
node 1804 iteration 6
0 0
1 3
2 2
3 7
4 10
5 2
6 5
7 0
8 0
last timestep 8
node 1804 iteration 7
0 0
1 2
2 3
3 0
4 0
last timestep 4
node 1804 iteration 8
0 0
1 1
2 0
3 0
last timestep 3
node 1804 iteration 9
0 0
1 3
2 2
3 7
4 7
5 10
6 12
7 19
8 20
9 9
10 10
11 17
12 29
13 36
14 49
15 53
16 57
17 74
18 67
19 95
20 60
21 71
22 57
23 28
24 23
25 9
26 11
27 8
28 5
29 3
30 2
31 1
32 0
33 0
last timestep 33
