node 981 iteration 0
0 0
1 2
2 0
3 3
4 4
5 20
6 26
7 36
8 51
9 54
10 53
11 85
12 101
13 96
14 81
15 55
16 36
17 29
18 21
19 11
20 10
21 7
22 8
23 5
24 3
25 0
last timestep 25
node 981 iteration 1
0 0
1 0
2 0
last timestep 2
node 981 iteration 2
0 0
1 1
2 0
3 1
4 0
last timestep 4
node 981 iteration 3
0 0
1 2
2 5
3 3
4 1
5 1
6 3
7 1
8 3
9 4
10 6
11 12
12 20
13 42
14 70
15 85
16 70
17 61
18 62
19 77
20 67
21 59
22 31
23 19
24 11
25 7
26 13
27 4
28 1
29 3
30 2
31 1
32 0
33 0
last timestep 33
node 981 iteration 4
0 0
1 2
2 2
3 14
4 15
5 19
6 23
7 26
8 43
9 73
10 92
11 89
12 79
13 81
14 71
15 51
16 31
17 19
18 8
19 10
20 6
21 2
22 3
23 0
24 0
last timestep 24
node 981 iteration 5
0 0
1 2
2 0
3 0
last timestep 3
node 981 iteration 6
0 0
1 0
2 0
last timestep 2
node 981 iteration 7
0 0
1 3
2 2
3 1
4 17
5 19
6 20
7 20
8 23
9 53
10 75
11 95
12 84
13 59
14 44
15 46
16 48
17 43
18 35
19 30
20 33
21 33
22 19
23 14
24 4
25 0
26 2
27 0
last timestep 27
node 981 iteration 8
0 0
1 3
2 4
3 21
4 15
5 24
6 54
7 80
8 86
9 94
10 95
11 81
12 50
13 38
14 29
15 20
16 11
17 20
18 8
19 10
20 2
21 2
22 4
23 1
24 1
25 0
26 0
last timestep 26
node 981 iteration 9
0 0
1 2
2 0
3 0
last timestep 3
