node 253 iteration 0
0 0
1 2
2 5
3 1
4 0
5 0
last timestep 5
node 253 iteration 1
0 0
1 3
2 3
3 3
4 4
5 6
6 8
7 11
8 23
9 27
10 37
11 64
12 63
13 58
14 51
15 52
16 45
17 35
18 43
19 34
20 33
21 20
22 14
23 6
24 11
25 12
26 11
27 8
28 6
29 3
30 6
31 13
32 9
33 7
34 8
35 7
36 8
37 8
38 3
39 2
40 1
41 0
42 0
last timestep 42
node 253 iteration 2
0 0
1 1
2 2
3 3
4 1
5 1
6 1
7 2
8 4
9 5
10 5
11 3
12 6
13 5
14 6
15 13
16 14
17 34
18 45
19 57
20 41
21 53
22 63
23 57
24 79
25 80
26 69
27 59
28 56
29 38
30 26
31 14
32 6
33 6
34 7
35 11
36 5
37 2
38 2
39 1
40 0
41 1
42 0
last timestep 42
node 253 iteration 3
0 0
1 6
2 7
3 15
4 17
5 15
6 39
7 51
8 76
9 87
10 70
11 87
12 88
13 73
14 52
15 32
16 14
17 4
18 5
19 1
20 2
21 0
22 0
last timestep 22
node 253 iteration 4
0 0
1 3
2 0
3 0
last timestep 3
node 253 iteration 5
0 0
1 4
2 10
3 10
4 25
5 36
6 45
7 66
8 74
9 101
10 97
11 62
12 70
13 50
14 27
15 24
16 19
17 15
18 8
19 11
20 7
21 9
22 3
23 4
24 2
25 0
26 1
27 0
last timestep 27
node 253 iteration 6
0 0
1 2
2 1
3 0
4 0
last timestep 4
node 253 iteration 7
0 0
1 4
2 3
3 2
4 6
5 8
6 4
7 7
8 14
9 25
10 31
11 61
12 68
13 69
14 60
15 48
16 44
17 40
18 32
19 32
20 25
21 26
22 24
23 24
24 10
25 6
26 7
27 5
28 3
29 3
30 4
31 2
32 0
33 0
last timestep 33
node 253 iteration 8
0 0
1 3
2 1
3 1
4 1
5 1
6 2
7 3
8 11
9 28
10 35
11 27
12 40
13 51
14 67
15 73
16 79
17 88
18 53
19 35
20 29
21 15
22 8
23 7
24 2
25 3
26 1
27 1
28 3
29 1
30 0
31 0
last timestep 31
node 253 iteration 9
0 0
1 6
2 12
3 15
4 21
5 26
6 51
7 52
8 56
9 54
10 63
11 48
12 46
13 64
14 46
15 43
16 43
17 31
18 27
19 34
20 22
21 10
22 6
23 3
24 6
25 0
26 0
last timestep 26
