node 364 iteration 0
0 0
1 4
2 9
3 12
4 34
5 49
6 63
7 93
8 86
9 77
10 77
11 85
12 55
13 39
14 29
15 23
16 28
17 22
18 15
19 5
20 0
21 0
last timestep 21
node 364 iteration 1
0 0
1 2
2 2
3 0
4 0
last timestep 4
node 364 iteration 2
0 0
1 0
2 0
last timestep 2
node 364 iteration 3
0 0
1 4
2 1
3 0
4 1
5 0
last timestep 5
node 364 iteration 4
0 0
1 2
2 4
3 0
4 3
5 3
6 11
7 19
8 16
9 28
10 44
11 57
12 57
13 88
14 111
15 110
16 102
17 84
18 55
19 42
20 34
21 16
22 15
23 10
24 9
25 7
26 9
27 5
28 2
29 1
30 0
last timestep 30
node 364 iteration 5
0 0
1 2
2 1
3 8
4 20
5 17
6 18
7 22
8 28
9 36
10 44
11 56
12 60
13 58
14 59
15 48
16 43
17 53
18 44
19 33
20 27
21 25
22 12
23 8
24 3
25 2
26 0
27 0
last timestep 27
node 364 iteration 6
0 0
1 2
2 6
3 5
4 10
5 12
6 20
7 27
8 29
9 41
10 60
11 68
12 81
13 67
14 50
15 44
16 45
17 39
18 30
19 27
20 10
21 14
22 14
23 11
24 9
25 4
26 2
27 1
28 1
29 0
30 0
last timestep 30
node 364 iteration 7
0 0
1 1
2 2
3 6
4 0
5 1
6 0
last timestep 6
node 364 iteration 8
0 0
1 3
2 7
3 13
4 20
5 32
6 62
7 73
8 89
9 87
10 95
11 98
12 64
13 48
14 37
15 21
16 11
17 6
18 5
19 5
20 4
21 3
22 1
23 1
24 0
25 0
last timestep 25
node 364 iteration 9
0 0
1 3
2 10
3 6
4 7
5 9
6 32
7 46
8 48
9 52
10 80
11 89
12 110
13 104
14 67
15 52
16 18
17 12
18 11
19 12
20 9
21 3
22 7
23 1
24 2
25 1
26 1
27 0
28 0
last timestep 28
