node 674 iteration 0
0 0
1 4
2 9
3 21
4 47
5 47
6 43
7 76
8 90
9 82
10 79
11 58
12 54
13 36
14 24
15 13
16 16
17 13
18 18
19 11
20 3
21 5
22 16
23 3
24 1
25 0
26 0
last timestep 26
node 674 iteration 1
0 0
1 1
2 1
3 7
4 4
5 11
6 15
7 15
8 17
9 24
10 34
11 50
12 50
13 58
14 78
15 82
16 81
17 64
18 54
19 40
20 32
21 25
22 28
23 17
24 16
25 5
26 3
27 0
28 0
last timestep 28
node 674 iteration 2
0 0
1 2
2 1
3 2
4 2
5 9
6 11
7 10
8 25
9 40
10 58
11 62
12 74
13 68
14 81
15 66
16 50
17 38
18 41
19 32
20 26
21 30
22 19
23 12
24 7
25 1
26 3
27 0
28 1
29 1
30 0
last timestep 30
node 674 iteration 3
0 0
1 2
2 4
3 4
4 2
5 3
6 5
7 1
8 5
9 6
10 7
11 16
12 31
13 47
14 64
15 66
16 72
17 74
18 93
19 70
20 45
21 42
22 36
23 17
24 18
25 15
26 9
27 10
28 5
29 3
30 1
31 0
32 0
last timestep 32
node 674 iteration 4
0 0
1 0
2 0
last timestep 2
node 674 iteration 5
0 0
1 4
2 8
3 8
4 14
5 16
6 19
7 25
8 29
9 28
10 34
11 55
12 67
13 66
14 78
15 50
16 57
17 52
18 46
19 37
20 31
21 23
22 19
23 12
24 11
25 9
26 5
27 3
28 4
29 3
30 0
31 0
last timestep 31
node 674 iteration 6
0 0
1 1
2 0
3 0
last timestep 3
node 674 iteration 7
0 0
1 3
2 10
3 5
4 4
5 11
6 13
7 24
8 32
9 30
10 69
11 51
12 49
13 69
14 52
15 72
16 80
17 55
18 45
19 22
20 19
21 13
22 6
23 0
24 0
last timestep 24
node 674 iteration 8
0 0
1 0
2 0
last timestep 2
node 674 iteration 9
0 0
1 4
2 6
3 9
4 21
5 29
6 42
7 60
8 91
9 114
10 138
11 110
12 91
13 71
14 43
15 28
16 18
17 12
18 13
19 5
20 4
21 3
22 4
23 1
24 0
25 0
last timestep 25
