node 1133 iteration 0
0 0
1 3
2 4
3 0
4 0
last timestep 4
node 1133 iteration 1
0 0
1 2
2 1
3 1
4 2
5 5
6 7
7 11
8 14
9 16
10 30
11 40
12 65
13 70
14 53
15 53
16 47
17 49
18 32
19 43
20 25
21 30
22 28
23 17
24 15
25 9
26 6
27 6
28 1
29 1
30 0
31 1
32 0
last timestep 32
node 1133 iteration 2
0 0
1 5
2 4
3 3
4 3
5 9
6 23
7 24
8 45
9 73
10 89
11 102
12 96
13 105
14 87
15 87
16 59
17 38
18 31
19 19
20 9
21 4
22 3
23 1
24 0
25 0
last timestep 25
node 1133 iteration 3
0 0
1 0
2 0
last timestep 2
node 1133 iteration 4
0 0
1 1
2 3
3 6
4 5
5 2
6 1
7 7
8 21
9 35
10 58
11 66
12 94
13 106
14 86
15 85
16 68
17 50
18 34
19 20
20 12
21 5
22 3
23 1
24 2
25 0
26 1
27 1
28 3
29 1
30 0
last timestep 30
node 1133 iteration 5
0 0
1 2
2 1
3 1
4 2
5 2
6 3
7 2
8 4
9 2
10 1
11 1
12 1
13 1
14 1
15 0
16 0
last timestep 16
node 1133 iteration 6
0 0
1 4
2 9
3 13
4 28
5 36
6 61
7 74
8 68
9 83
10 75
11 54
12 38
13 43
14 36
15 37
16 36
17 29
18 16
19 27
20 13
21 13
22 6
23 3
24 1
25 2
26 0
27 0
last timestep 27
node 1133 iteration 7
0 0
1 1
2 1
3 3
4 1
5 1
6 5
7 12
8 13
9 27
10 42
11 65
12 89
13 107
14 86
15 59
16 60
17 45
18 29
19 20
20 8
21 14
22 6
23 4
24 3
25 1
26 2
27 4
28 5
29 11
30 5
31 8
32 5
33 0
34 0
last timestep 34
node 1133 iteration 8
0 0
1 2
2 6
3 11
4 4
5 6
6 11
7 14
8 25
9 33
10 60
11 68
12 59
13 72
14 59
15 54
16 41
17 28
18 17
19 11
20 16
21 10
22 10
23 8
24 7
25 6
26 2
27 4
28 4
29 2
30 3
31 1
32 0
33 0
last timestep 33
node 1133 iteration 9
0 0
1 4
2 9
3 19
4 28
5 43
6 38
7 54
8 44
9 59
10 63
11 80
12 82
13 59
14 47
15 43
16 27
17 17
18 8
19 9
20 8
21 5
22 2
23 1
24 1
25 2
26 0
27 0
last timestep 27
