node 156 iteration 0
0 0
1 2
2 1
3 0
4 0
last timestep 4
node 156 iteration 1
0 0
1 5
2 6
3 5
4 2
5 3
6 4
7 10
8 18
9 37
10 54
11 59
12 94
13 90
14 108
15 108
16 71
17 41
18 33
19 22
20 12
21 9
22 3
23 3
24 1
25 0
26 0
last timestep 26
node 156 iteration 2
0 0
1 5
2 8
3 2
4 2
5 0
6 0
last timestep 6
node 156 iteration 3
0 0
1 7
2 12
3 20
4 22
5 38
6 50
7 66
8 105
9 137
10 114
11 89
12 61
13 57
14 31
15 26
16 16
17 6
18 5
19 1
20 1
21 0
22 0
last timestep 22
node 156 iteration 4
0 0
1 3
2 0
3 0
last timestep 3
node 156 iteration 5
0 0
1 6
2 13
3 21
4 26
5 42
6 73
7 89
8 78
9 80
10 85
11 78
12 77
13 52
14 45
15 26
16 15
17 10
18 10
19 7
20 8
21 3
22 0
23 0
last timestep 23
node 156 iteration 6
0 0
1 7
2 3
3 0
4 0
last timestep 4
node 156 iteration 7
0 0
1 8
2 9
3 8
4 4
5 5
6 9
7 13
8 15
9 31
10 38
11 67
12 69
13 67
14 72
15 69
16 46
17 40
18 32
19 25
20 29
21 14
22 11
23 5
24 2
25 1
26 0
27 0
last timestep 27
node 156 iteration 8
0 0
1 0
2 0
last timestep 2
node 156 iteration 9
0 0
1 5
2 7
3 9
4 6
5 13
6 19
7 46
8 68
9 76
10 84
11 95
12 91
13 95
14 68
15 50
16 38
17 23
18 12
19 9
20 5
21 8
22 8
23 5
24 3
25 1
26 0
27 0
last timestep 27
