node 1210 iteration 0
0 0
1 2
2 5
3 3
4 13
5 18
6 33
7 56
8 92
9 90
10 121
11 113
12 87
13 69
14 60
15 37
16 18
17 27
18 14
19 8
20 7
21 4
22 13
23 5
24 5
25 3
26 0
27 0
last timestep 27
node 1210 iteration 1
0 0
1 1
2 0
3 0
last timestep 3
node 1210 iteration 2
0 0
1 4
2 1
3 1
4 1
5 10
6 22
7 25
8 34
9 67
10 59
11 64
12 77
13 75
14 83
15 50
16 42
17 29
18 21
19 13
20 7
21 6
22 7
23 0
24 1
25 2
26 1
27 1
28 1
29 0
last timestep 29
node 1210 iteration 3
0 0
1 2
2 2
3 5
4 5
5 5
6 8
7 14
8 7
9 14
10 20
11 32
12 56
13 59
14 67
15 58
16 59
17 62
18 51
19 55
20 44
21 32
22 27
23 17
24 14
25 11
26 17
27 8
28 1
29 2
30 2
31 3
32 0
33 0
last timestep 33
node 1210 iteration 4
0 0
1 2
2 0
3 0
last timestep 3
node 1210 iteration 5
0 0
1 0
2 0
last timestep 2
node 1210 iteration 6
0 0
1 1
2 1
3 2
4 3
5 9
6 15
7 16
8 47
9 58
10 74
11 99
12 100
13 73
14 68
15 67
16 40
17 36
18 35
19 18
20 9
21 6
22 4
23 0
24 4
25 1
26 1
27 1
28 2
29 1
30 0
last timestep 30
node 1210 iteration 7
0 0
1 5
2 6
3 9
4 12
5 30
6 44
7 70
8 73
9 89
10 103
11 80
12 61
13 35
14 20
15 25
16 22
17 13
18 19
19 13
20 8
21 2
22 2
23 0
24 0
last timestep 24
node 1210 iteration 8
0 0
1 1
2 1
3 0
4 0
last timestep 4
node 1210 iteration 9
0 0
1 2
2 3
3 6
4 8
5 14
6 19
7 32
8 34
9 42
10 66
11 90
12 69
13 53
14 54
15 49
16 48
17 36
18 30
19 19
20 18
21 24
22 18
23 17
24 11
25 10
26 5
27 3
28 6
29 4
30 3
31 0
32 3
33 1
34 0
last timestep 34
