node 1765 iteration 0
0 0
1 1
2 3
3 9
4 8
5 9
6 8
7 11
8 16
9 30
10 35
11 46
12 59
13 48
14 64
15 87
16 84
17 67
18 45
19 41
20 32
21 33
22 33
23 25
24 9
25 9
26 3
27 2
28 0
29 1
30 0
last timestep 30
node 1765 iteration 1
0 0
1 5
2 17
3 28
4 32
5 45
6 49
7 93
8 94
9 89
10 75
11 73
12 41
13 39
14 31
15 28
16 22
17 21
18 9
19 9
20 1
21 2
22 1
23 1
24 1
25 0
26 0
last timestep 26
node 1765 iteration 2
0 0
1 7
2 6
3 10
4 13
5 14
6 21
7 33
8 49
9 75
10 64
11 72
12 98
13 94
14 78
15 77
16 46
17 22
18 23
19 22
20 12
21 4
22 2
23 5
24 6
25 3
26 1
27 1
28 1
29 0
30 0
last timestep 30
node 1765 iteration 3
0 0
1 7
2 13
3 25
4 25
5 37
6 67
7 97
8 119
9 104
10 102
11 72
12 54
13 27
14 20
15 16
16 9
17 15
18 6
19 4
20 5
21 1
22 1
23 2
24 5
25 5
26 3
27 3
28 2
29 1
30 2
31 0
32 0
last timestep 32
node 1765 iteration 4
0 0
1 7
2 10
3 12
4 9
5 10
6 9
7 16
8 20
9 24
10 35
11 63
12 57
13 63
14 45
15 51
16 66
17 55
18 64
19 29
20 20
21 22
22 8
23 6
24 4
25 1
26 0
27 0
last timestep 27
node 1765 iteration 5
0 0
1 4
2 18
3 21
4 35
5 59
6 66
7 85
8 92
9 86
10 81
11 66
12 47
13 35
14 24
15 16
16 7
17 6
18 2
19 3
20 5
21 1
22 0
23 0
last timestep 23
node 1765 iteration 6
0 0
1 5
2 8
3 7
4 2
5 3
6 4
7 13
8 24
9 33
10 29
11 48
12 53
13 93
14 88
15 105
16 84
17 65
18 57
19 42
20 40
21 35
22 22
23 8
24 8
25 4
26 3
27 0
28 0
last timestep 28
node 1765 iteration 7
0 0
1 4
2 4
3 5
4 22
5 39
6 54
7 59
8 87
9 65
10 75
11 65
12 43
13 34
14 29
15 19
16 11
17 16
18 13
19 10
20 6
21 10
22 9
23 13
24 5
25 8
26 6
27 7
28 0
29 0
last timestep 29
node 1765 iteration 8
0 0
1 2
2 12
3 9
4 17
5 34
6 52
7 85
8 102
9 99
10 89
11 78
12 64
13 53
14 30
15 27
16 14
17 9
18 9
19 5
20 5
21 0
22 0
last timestep 22
node 1765 iteration 9
0 0
1 3
2 0
3 0
last timestep 3
