node 490 iteration 0
0 0
1 8
2 9
3 14
4 17
5 24
6 25
7 35
8 40
9 50
10 57
11 49
12 50
13 40
14 49
15 35
16 46
17 35
18 38
19 38
20 23
21 15
22 20
23 20
24 12
25 10
26 9
27 6
28 3
29 3
30 1
31 0
32 0
last timestep 32
node 490 iteration 1
0 0
1 8
2 10
3 10
4 16
5 33
6 61
7 59
8 34
9 62
10 58
11 65
12 98
13 86
14 73
15 39
16 38
17 25
18 19
19 15
20 11
21 8
22 1
23 1
24 0
25 0
last timestep 25
node 490 iteration 2
0 0
1 3
2 16
3 14
4 37
5 68
6 95
7 110
8 101
9 103
10 85
11 65
12 41
13 28
14 8
15 3
16 3
17 1
18 0
19 0
last timestep 19
node 490 iteration 3
0 0
1 5
2 10
3 10
4 15
5 30
6 41
7 67
8 71
9 87
10 89
11 75
12 56
13 61
14 33
15 23
16 22
17 18
18 9
19 6
20 2
21 0
22 0
last timestep 22
node 490 iteration 4
0 0
1 9
2 9
3 14
4 22
5 23
6 25
7 30
8 44
9 55
10 64
11 58
12 65
13 55
14 47
15 35
16 24
17 15
18 10
19 14
20 9
21 9
22 4
23 3
24 0
25 0
last timestep 25
node 490 iteration 5
0 0
1 12
2 15
3 8
4 19
5 21
6 35
7 38
8 54
9 47
10 48
11 59
12 60
13 51
14 53
15 52
16 29
17 20
18 17
19 8
20 4
21 2
22 0
23 0
last timestep 23
node 490 iteration 6
0 0
1 19
2 13
3 22
4 25
5 21
6 23
7 38
8 39
9 50
10 51
11 53
12 54
13 49
14 35
15 28
16 28
17 27
18 34
19 31
20 28
21 19
22 17
23 5
24 5
25 7
26 3
27 5
28 3
29 3
30 1
31 0
32 0
last timestep 32
node 490 iteration 7
0 0
1 6
2 8
3 15
4 26
5 21
6 40
7 49
8 51
9 68
10 72
11 74
12 86
13 79
14 57
15 45
16 33
17 12
18 8
19 10
20 9
21 0
22 3
23 1
24 0
last timestep 24
node 490 iteration 8
0 0
1 11
2 7
3 10
4 13
5 30
6 52
7 73
8 92
9 102
10 122
11 99
12 97
13 70
14 41
15 23
16 9
17 2
18 2
19 1
20 0
21 0
last timestep 21
node 490 iteration 9
0 0
1 21
2 17
3 40
4 42
5 63
6 80
7 100
8 97
9 83
10 83
11 54
12 41
13 29
14 26
15 17
16 12
17 8
18 9
19 1
20 1
21 1
22 0
23 0
last timestep 23
