node 1008 iteration 0
0 0
1 7
2 13
3 24
4 38
5 69
6 86
7 85
8 82
9 96
10 77
11 61
12 32
13 26
14 17
15 9
16 2
17 0
18 1
19 0
last timestep 19
node 1008 iteration 1
0 0
1 3
2 4
3 7
4 7
5 12
6 14
7 28
8 45
9 61
10 64
11 66
12 75
13 61
14 50
15 56
16 58
17 46
18 41
19 37
20 20
21 12
22 5
23 8
24 7
25 2
26 0
27 0
last timestep 27
node 1008 iteration 2
0 0
1 2
2 0
3 0
last timestep 3
node 1008 iteration 3
0 0
1 6
2 5
3 12
4 19
5 30
6 57
7 75
8 87
9 89
10 86
11 81
12 63
13 39
14 36
15 29
16 21
17 26
18 22
19 12
20 9
21 5
22 5
23 2
24 2
25 2
26 1
27 0
28 0
last timestep 28
node 1008 iteration 4
0 0
1 3
2 3
3 5
4 2
5 2
6 6
7 5
8 7
9 7
10 10
11 1
12 0
13 0
last timestep 13
node 1008 iteration 5
0 0
1 4
2 4
3 11
4 7
5 10
6 7
7 3
8 3
9 7
10 4
11 7
12 13
13 15
14 21
15 21
16 35
17 64
18 73
19 81
20 72
21 70
22 74
23 61
24 61
25 35
26 30
27 16
28 11
29 2
30 4
31 1
32 1
33 0
34 0
last timestep 34
node 1008 iteration 6
0 0
1 4
2 6
3 14
4 18
5 24
6 56
7 82
8 132
9 130
10 122
11 85
12 67
13 47
14 18
15 20
16 7
17 5
18 3
19 0
20 0
last timestep 20
node 1008 iteration 7
0 0
1 2
2 3
3 9
4 11
5 20
6 21
7 34
8 41
9 58
10 57
11 65
12 79
13 82
14 84
15 65
16 54
17 46
18 25
19 20
20 3
21 3
22 1
23 3
24 0
25 1
26 0
last timestep 26
node 1008 iteration 8
0 0
1 5
2 2
3 3
4 6
5 6
6 9
7 4
8 5
9 7
10 12
11 11
12 19
13 29
14 24
15 39
16 48
17 72
18 80
19 87
20 89
21 88
22 62
23 43
24 23
25 16
26 18
27 7
28 8
29 9
30 3
31 5
32 2
33 1
34 1
35 2
36 0
37 0
last timestep 37
node 1008 iteration 9
0 0
1 1
2 1
3 5
4 2
5 4
6 7
7 22
8 11
9 30
10 41
11 42
12 57
13 78
14 71
15 90
16 78
17 62
18 45
19 29
20 16
21 17
22 12
23 3
24 4
25 2
26 4
27 3
28 2
29 2
30 1
31 0
32 0
last timestep 32
