node 1301 iteration 0
0 0
1 1
2 8
3 10
4 4
5 5
6 7
7 9
8 9
9 10
10 14
11 25
12 46
13 73
14 92
15 87
16 100
17 76
18 85
19 46
20 27
21 24
22 12
23 4
24 7
25 1
26 1
27 1
28 1
29 1
30 0
31 0
last timestep 31
node 1301 iteration 1
0 0
1 0
2 0
last timestep 2
node 1301 iteration 2
0 0
1 1
2 0
3 0
last timestep 3
node 1301 iteration 3
0 0
1 1
2 1
3 1
4 3
5 1
6 0
7 2
8 6
9 9
10 10
11 11
12 25
13 21
14 32
15 32
16 62
17 74
18 81
19 72
20 59
21 49
22 40
23 42
24 29
25 18
26 10
27 9
28 15
29 8
30 0
last timestep 30
node 1301 iteration 4
0 0
1 1
2 2
3 2
4 1
5 5
6 8
7 7
8 7
9 14
10 12
11 19
12 22
13 36
14 36
15 52
16 69
17 72
18 69
19 73
20 71
21 59
22 37
23 27
24 22
25 13
26 1
27 1
28 0
29 0
last timestep 29
node 1301 iteration 5
0 0
1 4
2 7
3 10
4 11
5 15
6 39
7 31
8 35
9 52
10 61
11 78
12 78
13 82
14 80
15 68
16 51
17 42
18 19
19 17
20 12
21 6
22 1
23 1
24 0
25 0
last timestep 25
node 1301 iteration 6
0 0
1 1
2 1
3 1
4 8
5 8
6 6
7 11
8 9
9 15
10 24
11 34
12 34
13 60
14 89
15 101
16 80
17 83
18 83
19 63
20 41
21 28
22 26
23 24
24 16
25 4
26 3
27 4
28 1
29 0
30 0
last timestep 30
node 1301 iteration 7
0 0
1 0
2 0
last timestep 2
node 1301 iteration 8
0 0
1 1
2 0
3 0
last timestep 3
node 1301 iteration 9
0 0
1 0
2 0
last timestep 2
