node 696 iteration 0
0 0
1 1
2 1
3 0
4 0
last timestep 4
node 696 iteration 1
0 0
1 3
2 8
3 5
4 9
5 10
6 24
7 31
8 46
9 61
10 67
11 68
12 85
13 64
14 68
15 56
16 37
17 24
18 16
19 8
20 11
21 11
22 7
23 6
24 3
25 1
26 1
27 0
28 0
last timestep 28
node 696 iteration 2
0 0
1 0
2 0
last timestep 2
node 696 iteration 3
0 0
1 2
2 1
3 3
4 10
5 4
6 10
7 10
8 9
9 10
10 14
11 12
12 9
13 21
14 25
15 29
16 39
17 56
18 73
19 70
20 80
21 59
22 55
23 37
24 30
25 16
26 11
27 11
28 7
29 2
30 0
31 0
last timestep 31
node 696 iteration 4
0 0
1 5
2 7
3 11
4 9
5 13
6 17
7 18
8 18
9 29
10 32
11 32
12 42
13 49
14 59
15 77
16 82
17 69
18 64
19 60
20 44
21 32
22 16
23 19
24 26
25 16
26 4
27 2
28 1
29 3
30 4
31 1
32 0
33 0
last timestep 33
node 696 iteration 5
0 0
1 0
2 0
last timestep 2
node 696 iteration 6
0 0
1 0
2 0
last timestep 2
node 696 iteration 7
0 0
1 2
2 3
3 3
4 8
5 18
6 28
7 35
8 54
9 86
10 77
11 78
12 78
13 75
14 69
15 48
16 35
17 38
18 19
19 11
20 9
21 5
22 3
23 1
24 4
25 2
26 2
27 1
28 2
29 3
30 0
31 0
last timestep 31
node 696 iteration 8
0 0
1 2
2 4
3 5
4 8
5 9
6 19
7 16
8 20
9 18
10 49
11 61
12 78
13 89
14 90
15 87
16 74
17 71
18 47
19 46
20 27
21 19
22 15
23 5
24 2
25 2
26 1
27 1
28 0
29 0
last timestep 29
node 696 iteration 9
0 0
1 3
2 0
3 0
last timestep 3
