node 1221 iteration 0
0 0
1 1
2 1
3 7
4 10
5 9
6 12
7 9
8 15
9 35
10 50
11 54
12 74
13 90
14 68
15 73
16 57
17 45
18 47
19 35
20 12
21 4
22 4
23 2
24 1
25 0
26 0
last timestep 26
node 1221 iteration 1
0 0
1 0
2 0
last timestep 2
node 1221 iteration 2
0 0
1 0
2 0
last timestep 2
node 1221 iteration 3
0 0
1 2
2 3
3 7
4 14
5 17
6 22
7 31
8 38
9 40
10 51
11 78
12 81
13 83
14 61
15 49
16 42
17 26
18 19
19 7
20 8
21 9
22 7
23 2
24 0
25 0
last timestep 25
node 1221 iteration 4
0 0
1 1
2 2
3 4
4 5
5 4
6 3
7 8
8 19
9 27
10 38
11 51
12 58
13 63
14 74
15 89
16 78
17 73
18 50
19 46
20 29
21 21
22 11
23 6
24 3
25 5
26 1
27 1
28 0
29 0
last timestep 29
node 1221 iteration 5
0 0
1 2
2 5
3 6
4 13
5 13
6 31
7 25
8 23
9 34
10 44
11 65
12 81
13 118
14 84
15 70
16 68
17 48
18 31
19 18
20 12
21 8
22 9
23 6
24 2
25 2
26 3
27 1
28 0
29 0
last timestep 29
node 1221 iteration 6
0 0
1 0
2 2
3 0
last timestep 3
node 1221 iteration 7
0 0
1 0
2 0
last timestep 2
node 1221 iteration 8
0 0
1 0
2 0
last timestep 2
node 1221 iteration 9
0 0
1 2
2 5
3 8
4 21
5 12
6 15
7 18
8 22
9 25
10 33
11 39
12 46
13 58
14 69
15 85
16 68
17 77
18 60
19 61
20 41
21 23
22 24
23 6
24 5
25 0
26 0
last timestep 26
