node 1033 iteration 0
0 0
1 2
2 1
3 2
4 4
5 0
6 0
last timestep 6
node 1033 iteration 1
0 0
1 1
2 4
3 4
4 11
5 17
6 36
7 53
8 68
9 79
10 119
11 115
12 101
13 95
14 57
15 26
16 13
17 6
18 5
19 4
20 4
21 2
22 6
23 2
24 0
25 0
last timestep 25
node 1033 iteration 2
0 0
1 1
2 4
3 5
4 8
5 19
6 49
7 47
8 63
9 72
10 71
11 61
12 82
13 71
14 52
15 38
16 25
17 25
18 10
19 9
20 5
21 4
22 3
23 3
24 0
25 0
last timestep 25
node 1033 iteration 3
0 0
1 1
2 1
3 6
4 5
5 9
6 6
7 15
8 28
9 46
10 79
11 83
12 81
13 70
14 83
15 68
16 63
17 41
18 29
19 15
20 11
21 7
22 7
23 6
24 11
25 8
26 3
27 1
28 1
29 0
30 0
last timestep 30
node 1033 iteration 4
0 0
1 3
2 2
3 0
4 0
last timestep 4
node 1033 iteration 5
0 0
1 2
2 2
3 6
4 8
5 15
6 10
7 24
8 42
9 73
10 93
11 105
12 88
13 75
14 71
15 66
16 52
17 35
18 16
19 12
20 19
21 9
22 6
23 7
24 7
25 4
26 1
27 4
28 3
29 1
30 0
31 0
last timestep 31
node 1033 iteration 6
0 0
1 1
2 1
3 4
4 4
5 3
6 4
7 8
8 13
9 29
10 30
11 44
12 63
13 77
14 96
15 76
16 60
17 40
18 36
19 27
20 14
21 19
22 15
23 11
24 2
25 3
26 2
27 2
28 4
29 1
30 0
31 0
last timestep 31
node 1033 iteration 7
0 0
1 1
2 0
3 0
last timestep 3
node 1033 iteration 8
0 0
1 3
2 5
3 20
4 29
5 41
6 53
7 100
8 98
9 90
10 66
11 60
12 45
13 34
14 24
15 22
16 17
17 9
18 9
19 6
20 3
21 0
22 1
23 0
last timestep 23
node 1033 iteration 9
0 0
1 2
2 3
3 8
4 11
5 17
6 13
7 15
8 21
9 36
10 46
11 58
12 48
13 54
14 77
15 68
16 55
17 39
18 34
19 33
20 26
21 21
22 16
23 7
24 4
25 1
26 0
27 0
last timestep 27
