node 772 iteration 0
0 0
1 1
2 2
3 0
4 0
last timestep 4
node 772 iteration 1
0 0
1 1
2 2
3 7
4 18
5 25
6 45
7 71
8 86
9 99
10 104
11 96
12 73
13 67
14 52
15 43
16 30
17 23
18 19
19 7
20 9
21 5
22 1
23 2
24 0
25 0
last timestep 25
node 772 iteration 2
0 0
1 4
2 8
3 7
4 9
5 8
6 8
7 27
8 40
9 57
10 89
11 118
12 114
13 98
14 66
15 63
16 41
17 28
18 13
19 6
20 7
21 2
22 4
23 0
24 0
last timestep 24
node 772 iteration 3
0 0
1 1
2 2
3 0
4 0
last timestep 4
node 772 iteration 4
0 0
1 3
2 9
3 7
4 5
5 5
6 11
7 11
8 12
9 15
10 24
11 40
12 50
13 63
14 59
15 49
16 50
17 52
18 52
19 48
20 47
21 53
22 36
23 30
24 26
25 15
26 17
27 11
28 10
29 9
30 6
31 6
32 1
33 3
34 1
35 0
36 0
last timestep 36
node 772 iteration 5
0 0
1 4
2 5
3 8
4 4
5 7
6 12
7 22
8 28
9 42
10 50
11 80
12 82
13 72
14 48
15 43
16 35
17 34
18 26
19 14
20 17
21 17
22 9
23 1
24 0
25 0
last timestep 25
node 772 iteration 6
0 0
1 1
2 1
3 0
4 0
last timestep 4
node 772 iteration 7
0 0
1 2
2 2
3 3
4 1
5 0
6 0
last timestep 6
node 772 iteration 8
0 0
1 1
2 1
3 4
4 6
5 6
6 18
7 29
8 48
9 72
10 91
11 102
12 96
13 77
14 92
15 69
16 41
17 31
18 21
19 11
20 8
21 13
22 5
23 3
24 5
25 2
26 0
27 0
last timestep 27
node 772 iteration 9
0 0
1 3
2 2
3 10
4 15
5 18
6 25
7 35
8 42
9 67
10 78
11 98
12 108
13 89
14 73
15 59
16 33
17 32
18 24
19 18
20 9
21 6
22 6
23 2
24 0
25 0
last timestep 25
