node 652 iteration 0
0 0
1 2
2 7
3 32
4 31
5 52
6 45
7 80
8 89
9 82
10 90
11 83
12 50
13 29
14 25
15 16
16 14
17 7
18 4
19 5
20 4
21 9
22 7
23 1
24 1
25 1
26 4
27 1
28 0
29 1
30 1
31 0
last timestep 31
node 652 iteration 1
0 0
1 1
2 4
3 5
4 5
5 13
6 8
7 10
8 20
9 34
10 49
11 52
12 48
13 71
14 94
15 92
16 79
17 66
18 60
19 47
20 38
21 32
22 16
23 11
24 10
25 9
26 2
27 2
28 2
29 2
30 1
31 0
32 0
last timestep 32
node 652 iteration 2
0 0
1 2
2 14
3 12
4 12
5 22
6 37
7 53
8 46
9 56
10 64
11 67
12 58
13 37
14 53
15 43
16 26
17 35
18 23
19 17
20 7
21 6
22 2
23 0
24 0
last timestep 24
node 652 iteration 3
0 0
1 3
2 5
3 5
4 6
5 5
6 3
7 3
8 7
9 22
10 33
11 45
12 49
13 57
14 71
15 85
16 102
17 61
18 43
19 19
20 19
21 13
22 10
23 5
24 4
25 9
26 4
27 5
28 0
29 2
30 4
31 2
32 1
33 0
last timestep 33
node 652 iteration 4
0 0
1 1
2 0
3 2
4 3
5 0
last timestep 5
node 652 iteration 5
0 0
1 0
2 0
last timestep 2
node 652 iteration 6
0 0
1 1
2 3
3 1
4 1
5 7
6 8
7 13
8 31
9 29
10 52
11 61
12 101
13 114
14 104
15 76
16 72
17 64
18 41
19 19
20 19
21 14
22 6
23 7
24 8
25 6
26 6
27 2
28 0
29 0
last timestep 29
node 652 iteration 7
0 0
1 0
2 0
last timestep 2
node 652 iteration 8
0 0
1 0
2 0
last timestep 2
node 652 iteration 9
0 0
1 0
2 0
last timestep 2
