node 1652 iteration 0
0 0
1 4
2 9
3 21
4 28
5 44
6 61
7 52
8 72
9 77
10 79
11 59
12 46
13 44
14 29
15 14
16 11
17 2
18 2
19 0
20 0
last timestep 20
node 1652 iteration 1
0 0
1 1
2 6
3 8
4 10
5 16
6 9
7 32
8 45
9 44
10 66
11 64
12 73
13 75
14 77
15 79
16 62
17 47
18 33
19 35
20 20
21 17
22 15
23 9
24 6
25 0
26 0
last timestep 26
node 1652 iteration 2
0 0
1 2
2 5
3 9
4 17
5 14
6 27
7 34
8 57
9 63
10 84
11 84
12 100
13 63
14 49
15 35
16 30
17 28
18 21
19 13
20 5
21 6
22 1
23 4
24 0
25 0
last timestep 25
node 1652 iteration 3
0 0
1 2
2 1
3 1
4 2
5 1
6 4
7 17
8 29
9 56
10 55
11 57
12 63
13 56
14 52
15 64
16 43
17 62
18 43
19 32
20 26
21 9
22 7
23 5
24 2
25 1
26 3
27 0
28 0
last timestep 28
node 1652 iteration 4
0 0
1 2
2 1
3 0
4 0
last timestep 4
node 1652 iteration 5
0 0
1 2
2 3
3 10
4 8
5 7
6 7
7 9
8 15
9 37
10 51
11 57
12 74
13 104
14 108
15 107
16 63
17 52
18 37
19 36
20 31
21 16
22 16
23 8
24 1
25 2
26 0
27 0
last timestep 27
node 1652 iteration 6
0 0
1 3
2 3
3 2
4 3
5 6
6 5
7 6
8 10
9 6
10 10
11 14
12 24
13 23
14 33
15 44
16 50
17 80
18 67
19 84
20 92
21 83
22 54
23 36
24 35
25 21
26 7
27 3
28 1
29 0
30 0
last timestep 30
node 1652 iteration 7
0 0
1 2
2 10
3 12
4 25
5 36
6 42
7 68
8 81
9 136
10 141
11 94
12 62
13 47
14 32
15 20
16 14
17 13
18 7
19 2
20 0
21 0
last timestep 21
node 1652 iteration 8
0 0
1 4
2 1
3 5
4 14
5 19
6 39
7 69
8 68
9 89
10 95
11 96
12 71
13 58
14 52
15 37
16 32
17 27
18 8
19 5
20 10
21 8
22 4
23 4
24 2
25 1
26 3
27 0
28 0
last timestep 28
node 1652 iteration 9
0 0
1 4
2 14
3 22
4 23
5 33
6 48
7 75
8 97
9 120
10 102
11 108
12 83
13 55
14 25
15 17
16 17
17 15
18 10
19 12
20 11
21 8
22 4
23 5
24 2
25 0
26 1
27 0
last timestep 27
