node 602 iteration 0
0 0
1 2
2 0
3 0
last timestep 3
node 602 iteration 1
0 0
1 3
2 3
3 5
4 2
5 5
6 7
7 4
8 4
9 5
10 5
11 6
12 12
13 15
14 21
15 29
16 49
17 63
18 73
19 75
20 74
21 59
22 46
23 40
24 37
25 27
26 20
27 3
28 2
29 0
30 1
31 0
last timestep 31
node 602 iteration 2
0 0
1 2
2 7
3 13
4 18
5 19
6 12
7 13
8 20
9 16
10 26
11 35
12 37
13 59
14 73
15 66
16 65
17 69
18 57
19 51
20 31
21 22
22 9
23 5
24 3
25 0
26 1
27 0
last timestep 27
node 602 iteration 3
0 0
1 5
2 2
3 5
4 20
5 24
6 39
7 34
8 43
9 62
10 62
11 70
12 73
13 72
14 79
15 84
16 85
17 54
18 47
19 20
20 11
21 4
22 1
23 1
24 0
25 0
last timestep 25
node 602 iteration 4
0 0
1 1
2 1
3 1
4 0
5 0
last timestep 5
node 602 iteration 5
0 0
1 1
2 2
3 7
4 14
5 9
6 19
7 29
8 33
9 48
10 76
11 56
12 73
13 62
14 57
15 51
16 58
17 33
18 36
19 22
20 21
21 14
22 13
23 8
24 3
25 1
26 0
27 0
last timestep 27
node 602 iteration 6
0 0
1 1
2 1
3 2
4 3
5 4
6 21
7 27
8 32
9 35
10 53
11 49
12 65
13 80
14 78
15 73
16 67
17 64
18 49
19 52
20 29
21 29
22 32
23 14
24 9
25 8
26 4
27 4
28 3
29 2
30 1
31 1
32 0
33 0
last timestep 33
node 602 iteration 7
0 0
1 3
2 3
3 6
4 7
5 3
6 3
7 1
8 0
9 0
last timestep 9
node 602 iteration 8
0 0
1 6
2 3
3 15
4 5
5 11
6 9
7 15
8 26
9 43
10 53
11 67
12 73
13 80
14 82
15 79
16 65
17 42
18 35
19 19
20 21
21 21
22 18
23 9
24 10
25 2
26 4
27 0
28 0
last timestep 28
node 602 iteration 9
0 0
1 4
2 3
3 4
4 14
5 15
6 16
7 30
8 28
9 37
10 38
11 57
12 45
13 48
14 47
15 43
16 47
17 30
18 37
19 43
20 31
21 23
22 12
23 13
24 8
25 8
26 5
27 5
28 7
29 8
30 8
31 4
32 1
33 4
34 3
35 2
36 3
37 0
38 0
last timestep 38
