node 1081 iteration 0
0 0
1 2
2 3
3 3
4 4
5 2
6 4
7 5
8 6
9 10
10 16
11 18
12 27
13 43
14 47
15 57
16 78
17 120
18 94
19 86
20 65
21 54
22 31
23 14
24 14
25 6
26 2
27 1
28 1
29 0
30 1
31 0
last timestep 31
node 1081 iteration 1
0 0
1 4
2 7
3 14
4 22
5 33
6 45
7 65
8 65
9 70
10 68
11 64
12 74
13 70
14 61
15 46
16 31
17 25
18 26
19 19
20 18
21 7
22 5
23 4
24 3
25 2
26 0
27 0
last timestep 27
node 1081 iteration 2
0 0
1 3
2 1
3 2
4 4
5 8
6 12
7 22
8 29
9 33
10 44
11 70
12 77
13 101
14 127
15 114
16 80
17 54
18 42
19 26
20 18
21 11
22 6
23 6
24 1
25 0
26 0
last timestep 26
node 1081 iteration 3
0 0
1 4
2 1
3 0
4 0
last timestep 4
node 1081 iteration 4
0 0
1 1
2 5
3 7
4 9
5 10
6 13
7 27
8 28
9 56
10 53
11 57
12 61
13 61
14 61
15 62
16 64
17 53
18 25
19 29
20 19
21 7
22 5
23 8
24 4
25 3
26 0
27 0
last timestep 27
node 1081 iteration 5
0 0
1 7
2 22
3 39
4 67
5 96
6 139
7 126
8 118
9 89
10 48
11 54
12 40
13 22
14 16
15 6
16 4
17 1
18 8
19 5
20 3
21 1
22 3
23 1
24 0
25 0
last timestep 25
node 1081 iteration 6
0 0
1 3
2 3
3 5
4 2
5 4
6 3
7 2
8 3
9 4
10 9
11 19
12 29
13 48
14 61
15 96
16 107
17 105
18 105
19 76
20 56
21 37
22 31
23 23
24 19
25 8
26 4
27 0
28 0
last timestep 28
node 1081 iteration 7
0 0
1 1
2 0
3 0
last timestep 3
node 1081 iteration 8
0 0
1 2
2 2
3 3
4 2
5 1
6 6
7 7
8 3
9 3
10 14
11 19
12 11
13 32
14 35
15 45
16 54
17 55
18 53
19 42
20 51
21 62
22 39
23 45
24 35
25 35
26 25
27 24
28 18
29 18
30 6
31 9
32 6
33 4
34 4
35 1
36 0
37 0
last timestep 37
node 1081 iteration 9
0 0
1 6
2 11
3 14
4 23
5 30
6 34
7 53
8 76
9 50
10 53
11 55
12 71
13 55
14 46
15 27
16 30
17 28
18 16
19 10
20 9
21 6
22 8
23 6
24 0
25 0
last timestep 25
