node 980 iteration 0
0 0
1 6
2 11
3 6
4 11
5 45
6 51
7 79
8 102
9 107
10 122
11 101
12 63
13 24
14 12
15 9
16 7
17 6
18 2
19 2
20 0
21 1
22 1
23 1
24 1
25 0
last timestep 25
node 980 iteration 1
0 0
1 0
2 0
last timestep 2
node 980 iteration 2
0 0
1 0
2 0
last timestep 2
node 980 iteration 3
0 0
1 3
2 3
3 1
4 1
5 4
6 12
7 15
8 32
9 51
10 66
11 82
12 100
13 75
14 88
15 64
16 51
17 52
18 46
19 32
20 21
21 16
22 9
23 6
24 5
25 9
26 7
27 3
28 1
29 0
30 0
last timestep 30
node 980 iteration 4
0 0
1 2
2 3
3 6
4 5
5 4
6 4
7 5
8 5
9 7
10 9
11 32
12 36
13 54
14 68
15 87
16 88
17 74
18 63
19 59
20 48
21 36
22 29
23 12
24 14
25 4
26 5
27 2
28 1
29 0
30 0
last timestep 30
node 980 iteration 5
0 0
1 2
2 5
3 2
4 0
5 0
last timestep 5
node 980 iteration 6
0 0
1 1
2 0
3 0
last timestep 3
node 980 iteration 7
0 0
1 0
2 0
last timestep 2
node 980 iteration 8
0 0
1 1
2 6
3 17
4 31
5 44
6 42
7 67
8 80
9 97
10 94
11 87
12 78
13 75
14 44
15 35
16 23
17 11
18 4
19 2
20 2
21 0
22 0
last timestep 22
node 980 iteration 9
0 0
1 3
2 4
3 5
4 8
5 12
6 10
7 31
8 35
9 43
10 60
11 70
12 93
13 95
14 106
15 87
16 89
17 41
18 32
19 24
20 12
21 5
22 2
23 0
24 0
last timestep 24
