node 3368 iteration 0
0 0
1 4
2 9
3 29
4 42
5 50
6 62
7 90
8 103
9 118
10 86
11 75
12 54
13 40
14 22
15 16
16 6
17 0
18 2
19 1
20 1
21 3
22 1
23 0
last timestep 23
node 3368 iteration 1
0 0
1 2
2 2
3 3
4 8
5 18
6 25
7 31
8 36
9 50
10 52
11 69
12 56
13 69
14 67
15 72
16 52
17 37
18 17
19 24
20 18
21 10
22 5
23 1
24 1
25 1
26 0
27 0
last timestep 27
node 3368 iteration 2
0 0
1 2
2 3
3 4
4 3
5 5
6 9
7 14
8 23
9 32
10 47
11 54
12 87
13 80
14 84
15 73
16 80
17 62
18 64
19 42
20 28
21 19
22 7
23 3
24 1
25 1
26 2
27 0
28 0
last timestep 28
node 3368 iteration 3
0 0
1 0
2 0
last timestep 2
node 3368 iteration 4
0 0
1 3
2 4
3 12
4 11
5 19
6 29
7 30
8 46
9 46
10 72
11 59
12 61
13 74
14 87
15 69
16 53
17 43
18 27
19 22
20 9
21 9
22 5
23 9
24 4
25 1
26 0
27 0
last timestep 27
node 3368 iteration 5
0 0
1 3
2 2
3 2
4 2
5 5
6 4
7 6
8 13
9 18
10 18
11 36
12 42
13 66
14 91
15 67
16 62
17 65
18 43
19 49
20 39
21 27
22 26
23 21
24 6
25 5
26 3
27 3
28 0
29 0
last timestep 29
node 3368 iteration 6
0 0
1 1
2 2
3 0
4 0
last timestep 4
node 3368 iteration 7
0 0
1 1
2 1
3 2
4 6
5 9
6 5
7 8
8 25
9 40
10 62
11 67
12 76
13 75
14 92
15 90
16 72
17 51
18 35
19 25
20 18
21 17
22 9
23 1
24 4
25 1
26 4
27 0
28 0
last timestep 28
node 3368 iteration 8
0 0
1 1
2 1
3 2
4 2
5 1
6 5
7 4
8 10
9 12
10 25
11 40
12 44
13 47
14 52
15 59
16 84
17 84
18 89
19 55
20 52
21 35
22 34
23 27
24 15
25 13
26 7
27 3
28 1
29 0
30 0
last timestep 30
node 3368 iteration 9
0 0
1 2
2 1
3 0
4 0
last timestep 4
