node 2022 iteration 0
0 0
1 2
2 2
3 2
4 7
5 14
6 24
7 28
8 39
9 47
10 51
11 46
12 76
13 79
14 82
15 89
16 56
17 33
18 21
19 13
20 11
21 1
22 0
23 0
last timestep 23
node 2022 iteration 1
0 0
1 1
2 3
3 4
4 15
5 18
6 20
7 33
8 48
9 65
10 80
11 93
12 105
13 107
14 84
15 75
16 46
17 32
18 10
19 9
20 4
21 1
22 0
23 0
last timestep 23
node 2022 iteration 2
0 0
1 3
2 6
3 6
4 11
5 16
6 22
7 23
8 46
9 59
10 67
11 71
12 72
13 114
14 75
15 74
16 76
17 58
18 38
19 24
20 10
21 6
22 2
23 2
24 0
25 0
last timestep 25
node 2022 iteration 3
0 0
1 2
2 1
3 0
4 0
last timestep 4
node 2022 iteration 4
0 0
1 0
2 0
last timestep 2
node 2022 iteration 5
0 0
1 2
2 5
3 15
4 38
5 40
6 84
7 82
8 98
9 85
10 96
11 81
12 50
13 42
14 21
15 22
16 11
17 9
18 3
19 2
20 2
21 0
22 0
last timestep 22
node 2022 iteration 6
0 0
1 1
2 0
3 0
last timestep 3
node 2022 iteration 7
0 0
1 2
2 4
3 13
4 22
5 28
6 38
7 71
8 94
9 95
10 107
11 107
12 72
13 45
14 36
15 32
16 22
17 17
18 8
19 4
20 3
21 6
22 2
23 2
24 1
25 0
26 0
last timestep 26
node 2022 iteration 8
0 0
1 0
2 2
3 5
4 17
5 12
6 23
7 14
8 25
9 30
10 43
11 55
12 86
13 97
14 106
15 93
16 91
17 69
18 45
19 39
20 24
21 15
22 6
23 4
24 0
last timestep 24
node 2022 iteration 9
0 0
1 0
2 0
last timestep 2
