node 125 iteration 0
0 0
1 5
2 6
3 17
4 17
5 34
6 49
7 64
8 103
9 123
10 110
11 92
12 71
13 42
14 35
15 21
16 17
17 17
18 7
19 4
20 1
21 1
22 0
23 0
last timestep 23
node 125 iteration 1
0 0
1 4
2 3
3 5
4 18
5 18
6 25
7 19
8 25
9 26
10 34
11 55
12 57
13 68
14 79
15 83
16 65
17 60
18 42
19 27
20 28
21 18
22 11
23 6
24 5
25 4
26 4
27 3
28 2
29 1
30 1
31 3
32 2
33 1
34 1
35 0
36 0
last timestep 36
node 125 iteration 2
0 0
1 3
2 4
3 6
4 11
5 13
6 24
7 40
8 65
9 95
10 126
11 127
12 126
13 84
14 63
15 45
16 23
17 12
18 5
19 2
20 1
21 0
22 0
last timestep 22
node 125 iteration 3
0 0
1 5
2 6
3 7
4 15
5 10
6 10
7 23
8 27
9 30
10 27
11 21
12 45
13 52
14 72
15 67
16 59
17 48
18 59
19 53
20 38
21 25
22 14
23 8
24 2
25 1
26 1
27 0
28 0
last timestep 28
node 125 iteration 4
0 0
1 4
2 8
3 10
4 21
5 39
6 59
7 64
8 79
9 95
10 99
11 109
12 73
13 49
14 30
15 26
16 26
17 14
18 5
19 0
20 2
21 1
22 0
last timestep 22
node 125 iteration 5
0 0
1 3
2 4
3 1
4 1
5 0
6 1
7 0
last timestep 7
node 125 iteration 6
0 0
1 5
2 13
3 10
4 15
5 28
6 41
7 59
8 68
9 88
10 96
11 65
12 58
13 56
14 54
15 42
16 34
17 17
18 18
19 21
20 9
21 7
22 7
23 6
24 4
25 3
26 2
27 2
28 3
29 2
30 1
31 0
32 0
last timestep 32
node 125 iteration 7
0 0
1 3
2 5
3 5
4 12
5 14
6 22
7 32
8 28
9 38
10 83
11 98
12 68
13 57
14 50
15 46
16 29
17 20
18 24
19 21
20 9
21 12
22 7
23 5
24 3
25 4
26 1
27 2
28 1
29 1
30 5
31 1
32 0
33 0
last timestep 33
node 125 iteration 8
0 0
1 3
2 2
3 3
4 0
5 0
last timestep 5
node 125 iteration 9
0 0
1 3
2 4
3 4
4 6
5 2
6 5
7 6
8 6
9 11
10 5
11 10
12 11
13 19
14 37
15 40
16 48
17 57
18 78
19 70
20 56
21 59
22 39
23 47
24 31
25 30
26 18
27 22
28 13
29 3
30 0
31 0
last timestep 31
