node 674 iteration 0
0 0
1 2
2 2
3 1
4 0
5 1
6 0
last timestep 6
node 674 iteration 1
0 0
1 1
2 1
3 0
4 0
last timestep 4
node 674 iteration 2
0 0
1 3
2 7
3 4
4 17
5 33
6 59
7 76
8 98
9 73
10 84
11 80
12 56
13 53
14 27
15 27
16 19
17 10
18 2
19 1
20 1
21 0
22 0
last timestep 22
node 674 iteration 3
0 0
1 1
2 0
3 0
last timestep 3
node 674 iteration 4
0 0
1 5
2 6
3 14
4 24
5 46
6 59
7 59
8 69
9 63
10 77
11 70
12 42
13 32
14 27
15 33
16 24
17 18
18 6
19 3
20 4
21 10
22 7
23 3
24 4
25 2
26 2
27 0
28 0
last timestep 28
node 674 iteration 5
0 0
1 2
2 3
3 10
4 11
5 23
6 35
7 50
8 69
9 88
10 110
11 92
12 68
13 66
14 54
15 53
16 44
17 12
18 3
19 0
20 0
last timestep 20
node 674 iteration 6
0 0
1 5
2 1
3 3
4 13
5 9
6 19
7 40
8 39
9 54
10 69
11 78
12 66
13 54
14 46
15 33
16 35
17 33
18 17
19 13
20 18
21 13
22 17
23 13
24 10
25 8
26 10
27 2
28 0
29 0
last timestep 29
node 674 iteration 7
0 0
1 1
2 1
3 0
4 0
last timestep 4
node 674 iteration 8
0 0
1 1
2 1
3 2
4 1
5 2
6 1
7 4
8 9
9 9
10 7
11 21
12 43
13 47
14 63
15 87
16 94
17 65
18 70
19 47
20 27
21 31
22 23
23 17
24 12
25 11
26 3
27 3
28 4
29 1
30 0
31 0
last timestep 31
node 674 iteration 9
0 0
1 3
2 3
3 5
4 3
5 3
6 5
7 2
8 3
9 5
10 6
11 2
12 5
13 4
14 8
15 14
16 19
17 23
18 27
19 43
20 56
21 76
22 95
23 100
24 87
25 50
26 40
27 19
28 10
29 5
30 4
31 5
32 2
33 1
34 0
35 0
last timestep 35
