node 1044 iteration 0
0 0
1 1
2 2
3 3
4 9
5 18
6 24
7 22
8 45
9 43
10 58
11 68
12 51
13 43
14 49
15 57
16 46
17 52
18 35
19 31
20 18
21 21
22 10
23 3
24 3
25 5
26 4
27 1
28 1
29 0
30 0
last timestep 30
node 1044 iteration 1
0 0
1 4
2 5
3 9
4 22
5 41
6 59
7 73
8 88
9 117
10 105
11 81
12 71
13 60
14 54
15 36
16 22
17 17
18 8
19 5
20 0
21 0
last timestep 21
node 1044 iteration 2
0 0
1 1
2 0
3 0
last timestep 3
node 1044 iteration 3
0 0
1 3
2 1
3 0
4 0
last timestep 4
node 1044 iteration 4
0 0
1 2
2 3
3 8
4 6
5 10
6 13
7 14
8 30
9 37
10 49
11 69
12 97
13 85
14 90
15 63
16 55
17 56
18 38
19 34
20 12
21 12
22 5
23 7
24 4
25 3
26 5
27 2
28 7
29 7
30 7
31 5
32 6
33 9
34 2
35 3
36 4
37 5
38 2
39 1
40 1
41 0
42 0
last timestep 42
node 1044 iteration 5
0 0
1 5
2 4
3 12
4 13
5 20
6 29
7 56
8 61
9 69
10 91
11 96
12 83
13 57
14 66
15 46
16 29
17 24
18 20
19 14
20 8
21 8
22 5
23 7
24 2
25 1
26 0
27 0
last timestep 27
node 1044 iteration 6
0 0
1 1
2 1
3 2
4 1
5 12
6 8
7 15
8 26
9 47
10 69
11 104
12 119
13 113
14 79
15 70
16 57
17 39
18 18
19 18
20 7
21 5
22 3
23 0
24 0
last timestep 24
node 1044 iteration 7
0 0
1 4
2 10
3 6
4 4
5 6
6 11
7 10
8 12
9 16
10 16
11 14
12 21
13 42
14 51
15 59
16 67
17 80
18 81
19 79
20 75
21 58
22 41
23 20
24 12
25 8
26 1
27 2
28 2
29 0
30 0
last timestep 30
node 1044 iteration 8
0 0
1 1
2 0
3 0
last timestep 3
node 1044 iteration 9
0 0
1 1
2 1
3 2
4 6
5 7
6 11
7 17
8 26
9 42
10 65
11 99
12 79
13 90
14 78
15 91
16 73
17 58
18 42
19 27
20 12
21 8
22 7
23 8
24 3
25 0
26 0
last timestep 26
