node 1316 iteration 0
0 0
1 0
2 0
last timestep 2
node 1316 iteration 1
0 0
1 1
2 1
3 0
4 0
last timestep 4
node 1316 iteration 2
0 0
1 0
2 0
last timestep 2
node 1316 iteration 3
0 0
1 1
2 2
3 1
4 0
5 0
last timestep 5
node 1316 iteration 4
0 0
1 2
2 4
3 7
4 10
5 10
6 9
7 7
8 6
9 19
10 30
11 53
12 69
13 72
14 85
15 95
16 96
17 79
18 50
19 35
20 30
21 26
22 8
23 11
24 5
25 5
26 1
27 1
28 0
29 0
last timestep 29
node 1316 iteration 5
0 0
1 3
2 3
3 8
4 7
5 9
6 9
7 11
8 8
9 9
10 11
11 19
12 14
13 28
14 39
15 42
16 57
17 90
18 84
19 86
20 77
21 77
22 81
23 54
24 26
25 18
26 11
27 8
28 4
29 1
30 3
31 8
32 2
33 1
34 0
35 0
last timestep 35
node 1316 iteration 6
0 0
1 3
2 9
3 7
4 11
5 22
6 52
7 53
8 71
9 83
10 80
11 64
12 96
13 71
14 60
15 34
16 37
17 20
18 10
19 15
20 5
21 6
22 4
23 0
24 0
last timestep 24
node 1316 iteration 7
0 0
1 2
2 1
3 0
4 0
last timestep 4
node 1316 iteration 8
0 0
1 1
2 1
3 2
4 3
5 2
6 2
7 1
8 9
9 9
10 6
11 6
12 7
13 12
14 19
15 16
16 27
17 41
18 41
19 54
20 51
21 68
22 64
23 60
24 53
25 42
26 28
27 20
28 22
29 12
30 6
31 9
32 6
33 8
34 8
35 3
36 1
37 1
38 0
39 0
last timestep 39
node 1316 iteration 9
0 0
1 2
2 2
3 6
4 5
5 5
6 6
7 10
8 13
9 12
10 16
11 32
12 41
13 53
14 73
15 72
16 75
17 79
18 92
19 87
20 43
21 31
22 20
23 17
24 13
25 7
26 5
27 7
28 2
29 1
30 0
31 0
last timestep 31
