node 1928 iteration 0
0 0
1 5
2 3
3 2
4 7
5 15
6 23
7 21
8 26
9 36
10 47
11 55
12 60
13 86
14 53
15 47
16 52
17 49
18 26
19 27
20 8
21 6
22 7
23 7
24 9
25 8
26 10
27 6
28 4
29 3
30 2
31 0
32 0
last timestep 32
node 1928 iteration 1
0 0
1 5
2 2
3 1
4 0
5 0
last timestep 5
node 1928 iteration 2
0 0
1 5
2 12
3 12
4 19
5 28
6 34
7 30
8 29
9 39
10 38
11 33
12 29
13 30
14 29
15 27
16 23
17 24
18 34
19 38
20 36
21 41
22 39
23 30
24 24
25 11
26 4
27 2
28 0
29 0
last timestep 29
node 1928 iteration 3
0 0
1 3
2 3
3 2
4 1
5 2
6 2
7 4
8 7
9 11
10 20
11 34
12 34
13 53
14 68
15 68
16 69
17 71
18 63
19 60
20 50
21 39
22 23
23 20
24 14
25 7
26 4
27 9
28 5
29 3
30 2
31 2
32 2
33 1
34 1
35 0
36 0
last timestep 36
node 1928 iteration 4
0 0
1 3
2 2
3 2
4 7
5 6
6 3
7 3
8 6
9 17
10 32
11 41
12 63
13 86
14 94
15 101
16 92
17 86
18 67
19 45
20 34
21 12
22 7
23 1
24 2
25 0
26 0
last timestep 26
node 1928 iteration 5
0 0
1 5
2 8
3 21
4 35
5 35
6 58
7 66
8 73
9 89
10 91
11 93
12 91
13 65
14 43
15 22
16 10
17 15
18 8
19 8
20 5
21 1
22 0
23 0
last timestep 23
node 1928 iteration 6
0 0
1 4
2 1
3 3
4 2
5 4
6 5
7 12
8 24
9 15
10 28
11 22
12 21
13 27
14 42
15 41
16 53
17 51
18 56
19 56
20 55
21 41
22 36
23 29
24 34
25 35
26 19
27 26
28 26
29 11
30 3
31 8
32 8
33 9
34 6
35 7
36 10
37 8
38 8
39 8
40 4
41 4
42 2
43 1
44 0
45 0
last timestep 45
node 1928 iteration 7
0 0
1 2
2 4
3 25
4 19
5 33
6 45
7 81
8 76
9 86
10 76
11 74
12 70
13 61
14 62
15 37
16 25
17 12
18 7
19 4
20 1
21 0
22 0
last timestep 22
node 1928 iteration 8
0 0
1 4
2 5
3 5
4 9
5 11
6 25
7 26
8 44
9 56
10 73
11 129
12 125
13 85
14 68
15 50
16 35
17 21
18 11
19 11
20 6
21 5
22 2
23 1
24 0
25 0
last timestep 25
node 1928 iteration 9
0 0
1 4
2 3
3 2
4 1
5 0
6 0
last timestep 6
