node 351 iteration 0
0 0
1 1
2 0
3 0
last timestep 3
node 351 iteration 1
0 0
1 2
2 0
3 0
last timestep 3
node 351 iteration 2
0 0
1 0
2 0
last timestep 2
node 351 iteration 3
0 0
1 3
2 8
3 13
4 20
5 20
6 21
7 37
8 58
9 63
10 82
11 92
12 79
13 58
14 47
15 21
16 29
17 29
18 13
19 13
20 6
21 3
22 1
23 0
24 0
last timestep 24
node 351 iteration 4
0 0
1 3
2 3
3 3
4 3
5 5
6 4
7 7
8 11
9 23
10 49
11 65
12 85
13 101
14 117
15 104
16 71
17 52
18 30
19 24
20 14
21 13
22 4
23 2
24 6
25 1
26 0
27 0
last timestep 27
node 351 iteration 5
0 0
1 0
2 0
last timestep 2
node 351 iteration 6
0 0
1 2
2 2
3 6
4 18
5 39
6 46
7 67
8 90
9 72
10 70
11 65
12 56
13 46
14 45
15 37
16 34
17 27
18 19
19 17
20 13
21 11
22 7
23 10
24 4
25 0
26 0
last timestep 26
node 351 iteration 7
0 0
1 4
2 4
3 8
4 9
5 7
6 18
7 17
8 12
9 15
10 30
11 36
12 63
13 63
14 79
15 79
16 72
17 60
18 39
19 38
20 23
21 14
22 19
23 17
24 12
25 4
26 2
27 0
28 0
last timestep 28
node 351 iteration 8
0 0
1 3
2 1
3 1
4 2
5 6
6 10
7 25
8 27
9 68
10 80
11 93
12 109
13 96
14 84
15 68
16 46
17 32
18 18
19 16
20 15
21 10
22 11
23 10
24 6
25 2
26 0
27 1
28 1
29 0
last timestep 29
node 351 iteration 9
0 0
1 1
2 2
3 6
4 5
5 9
6 26
7 21
8 44
9 44
10 38
11 55
12 52
13 59
14 58
15 62
16 49
17 51
18 48
19 39
20 23
21 16
22 18
23 20
24 21
25 16
26 16
27 12
28 3
29 0
30 0
last timestep 30
