node 691 iteration 0
0 0
1 0
2 0
last timestep 2
node 691 iteration 1
0 0
1 1
2 2
3 3
4 1
5 7
6 5
7 6
8 17
9 32
10 50
11 61
12 79
13 84
14 107
15 98
16 84
17 65
18 51
19 25
20 17
21 12
22 9
23 6
24 1
25 2
26 0
27 0
last timestep 27
node 691 iteration 2
0 0
1 2
2 8
3 7
4 5
5 10
6 10
7 10
8 20
9 37
10 56
11 83
12 69
13 67
14 94
15 100
16 86
17 46
18 47
19 38
20 22
21 17
22 17
23 7
24 11
25 9
26 1
27 1
28 1
29 2
30 0
31 0
last timestep 31
node 691 iteration 3
0 0
1 2
2 2
3 8
4 10
5 16
6 46
7 65
8 81
9 107
10 147
11 125
12 75
13 74
14 41
15 27
16 19
17 10
18 8
19 9
20 3
21 3
22 3
23 1
24 1
25 2
26 1
27 1
28 0
29 0
last timestep 29
node 691 iteration 4
0 0
1 0
2 0
last timestep 2
node 691 iteration 5
0 0
1 1
2 4
3 4
4 1
5 2
6 6
7 6
8 12
9 27
10 35
11 52
12 61
13 75
14 91
15 84
16 75
17 57
18 64
19 32
20 33
21 15
22 11
23 9
24 4
25 1
26 2
27 1
28 1
29 1
30 1
31 0
32 0
last timestep 32
node 691 iteration 6
0 0
1 1
2 0
3 0
last timestep 3
node 691 iteration 7
0 0
1 4
2 6
3 8
4 7
5 4
6 8
7 8
8 9
9 12
10 23
11 12
12 22
13 20
14 33
15 42
16 82
17 108
18 103
19 83
20 62
21 45
22 36
23 25
24 20
25 11
26 5
27 3
28 0
29 0
last timestep 29
node 691 iteration 8
0 0
1 2
2 1
3 4
4 3
5 4
6 10
7 27
8 33
9 47
10 67
11 85
12 96
13 94
14 87
15 71
16 55
17 37
18 35
19 18
20 19
21 9
22 6
23 7
24 10
25 9
26 10
27 13
28 6
29 2
30 2
31 2
32 1
33 0
34 0
last timestep 34
node 691 iteration 9
0 0
1 4
2 13
3 14
4 20
5 29
6 42
7 50
8 72
9 89
10 77
11 82
12 65
13 51
14 43
15 26
16 16
17 14
18 16
19 7
20 4
21 4
22 2
23 0
24 0
last timestep 24
