node 811 iteration 0
0 0
1 0
2 0
last timestep 2
node 811 iteration 1
0 0
1 1
2 2
3 0
4 2
5 7
6 2
7 3
8 5
9 9
10 7
11 15
12 18
13 25
14 30
15 38
16 67
17 68
18 70
19 85
20 84
21 73
22 51
23 38
24 27
25 19
26 19
27 11
28 10
29 7
30 4
31 3
32 2
33 1
34 0
last timestep 34
node 811 iteration 2
0 0
1 1
2 1
3 0
4 0
last timestep 4
node 811 iteration 3
0 0
1 1
2 0
3 0
last timestep 3
node 811 iteration 4
0 0
1 2
2 12
3 12
4 13
5 6
6 7
7 6
8 11
9 8
10 11
11 14
12 19
13 30
14 28
15 27
16 48
17 62
18 96
19 74
20 69
21 65
22 59
23 68
24 58
25 49
26 25
27 11
28 7
29 2
30 2
31 0
32 0
last timestep 32
node 811 iteration 5
0 0
1 2
2 2
3 2
4 3
5 6
6 4
7 13
8 18
9 21
10 29
11 43
12 64
13 59
14 70
15 68
16 70
17 84
18 69
19 52
20 37
21 24
22 13
23 8
24 5
25 6
26 5
27 4
28 5
29 3
30 0
31 0
last timestep 31
node 811 iteration 6
0 0
1 3
2 2
3 4
4 3
5 3
6 3
7 2
8 4
9 17
10 19
11 31
12 36
13 36
14 45
15 48
16 45
17 56
18 67
19 63
20 63
21 66
22 46
23 34
24 27
25 19
26 16
27 12
28 7
29 3
30 2
31 8
32 4
33 0
34 0
last timestep 34
node 811 iteration 7
0 0
1 1
2 0
3 0
last timestep 3
node 811 iteration 8
0 0
1 3
2 4
3 17
4 22
5 22
6 36
7 59
8 85
9 64
10 91
11 82
12 76
13 55
14 48
15 28
16 22
17 10
18 14
19 7
20 10
21 2
22 1
23 0
24 0
last timestep 24
node 811 iteration 9
0 0
1 0
2 0
last timestep 2
