node 317 iteration 0
0 0
1 2
2 1
3 5
4 4
5 3
6 3
7 5
8 16
9 14
10 6
11 21
12 34
13 58
14 58
15 74
16 81
17 64
18 55
19 54
20 51
21 49
22 48
23 51
24 27
25 23
26 10
27 8
28 7
29 7
30 3
31 0
32 0
last timestep 32
node 317 iteration 1
0 0
1 2
2 3
3 1
4 4
5 8
6 9
7 13
8 23
9 30
10 44
11 51
12 47
13 62
14 73
15 66
16 56
17 62
18 57
19 50
20 37
21 23
22 27
23 10
24 8
25 6
26 6
27 4
28 1
29 0
30 0
last timestep 30
node 317 iteration 2
0 0
1 2
2 0
3 0
last timestep 3
node 317 iteration 3
0 0
1 1
2 1
3 1
4 1
5 2
6 1
7 0
8 0
last timestep 8
node 317 iteration 4
0 0
1 1
2 2
3 0
4 0
last timestep 4
node 317 iteration 5
0 0
1 1
2 3
3 6
4 4
5 3
6 10
7 14
8 34
9 48
10 68
11 77
12 98
13 108
14 109
15 61
16 41
17 16
18 11
19 5
20 0
21 1
22 6
23 1
24 1
25 3
26 1
27 0
last timestep 27
node 317 iteration 6
0 0
1 1
2 3
3 8
4 15
5 17
6 23
7 20
8 30
9 46
10 58
11 70
12 72
13 84
14 73
15 70
16 71
17 63
18 38
19 27
20 16
21 11
22 8
23 3
24 2
25 3
26 4
27 6
28 5
29 1
30 0
31 0
last timestep 31
node 317 iteration 7
0 0
1 1
2 2
3 1
4 1
5 1
6 0
7 0
last timestep 7
node 317 iteration 8
0 0
1 1
2 0
3 0
last timestep 3
node 317 iteration 9
0 0
1 0
2 0
last timestep 2
