node 793 iteration 0
0 0
1 1
2 2
3 0
4 0
last timestep 4
node 793 iteration 1
0 0
1 6
2 6
3 10
4 15
5 20
6 42
7 55
8 69
9 89
10 83
11 83
12 59
13 68
14 58
15 46
16 34
17 43
18 28
19 11
20 8
21 3
22 2
23 1
24 0
25 0
last timestep 25
node 793 iteration 2
0 0
1 3
2 5
3 9
4 23
5 25
6 38
7 35
8 40
9 69
10 97
11 90
12 84
13 67
14 48
15 57
16 39
17 35
18 31
19 16
20 8
21 4
22 3
23 6
24 1
25 1
26 3
27 2
28 0
29 0
last timestep 29
node 793 iteration 3
0 0
1 1
2 1
3 0
4 0
last timestep 4
node 793 iteration 4
0 0
1 2
2 0
3 0
last timestep 3
node 793 iteration 5
0 0
1 3
2 4
3 8
4 14
5 24
6 30
7 55
8 60
9 72
10 78
11 80
12 70
13 93
14 67
15 37
16 40
17 30
18 35
19 23
20 10
21 13
22 9
23 7
24 7
25 0
26 1
27 1
28 0
last timestep 28
node 793 iteration 6
0 0
1 2
2 5
3 6
4 3
5 2
6 4
7 8
8 13
9 25
10 23
11 32
12 38
13 48
14 53
15 67
16 78
17 89
18 74
19 83
20 67
21 52
22 39
23 24
24 16
25 11
26 5
27 2
28 3
29 2
30 2
31 3
32 3
33 4
34 3
35 0
36 1
37 1
38 0
last timestep 38
node 793 iteration 7
0 0
1 2
2 3
3 0
4 1
5 0
last timestep 5
node 793 iteration 8
0 0
1 1
2 1
3 0
4 0
last timestep 4
node 793 iteration 9
0 0
1 2
2 1
3 4
4 3
5 4
6 7
7 11
8 16
9 30
10 43
11 64
12 82
13 102
14 119
15 109
16 87
17 60
18 30
19 23
20 13
21 7
22 8
23 2
24 0
25 0
last timestep 25
