node 1658 iteration 0
0 0
1 1
2 2
3 1
4 1
5 0
6 0
last timestep 6
node 1658 iteration 1
0 0
1 0
2 0
last timestep 2
node 1658 iteration 2
0 0
1 1
2 4
3 5
4 11
5 13
6 9
7 8
8 8
9 8
10 7
11 8
12 4
13 9
14 17
15 18
16 18
17 17
18 23
19 36
20 55
21 76
22 71
23 64
24 57
25 62
26 38
27 29
28 23
29 15
30 14
31 8
32 6
33 4
34 5
35 1
36 4
37 2
38 7
39 1
40 0
41 1
42 1
43 2
44 0
last timestep 44
node 1658 iteration 3
0 0
1 2
2 1
3 3
4 1
5 0
6 0
last timestep 6
node 1658 iteration 4
0 0
1 2
2 6
3 13
4 14
5 26
6 44
7 52
8 60
9 54
10 82
11 75
12 63
13 75
14 49
15 38
16 17
17 7
18 7
19 3
20 1
21 3
22 0
23 0
last timestep 23
node 1658 iteration 5
0 0
1 4
2 8
3 5
4 24
5 27
6 36
7 48
8 75
9 93
10 95
11 96
12 89
13 65
14 60
15 62
16 37
17 18
18 16
19 6
20 3
21 1
22 1
23 0
24 0
last timestep 24
node 1658 iteration 6
0 0
1 2
2 9
3 6
4 7
5 7
6 6
7 12
8 24
9 33
10 52
11 79
12 84
13 74
14 85
15 90
16 84
17 76
18 53
19 33
20 33
21 16
22 14
23 5
24 5
25 2
26 0
27 0
last timestep 27
node 1658 iteration 7
0 0
1 0
2 0
last timestep 2
node 1658 iteration 8
0 0
1 1
2 2
3 4
4 6
5 15
6 12
7 22
8 30
9 44
10 69
11 96
12 100
13 85
14 82
15 58
16 31
17 33
18 21
19 17
20 6
21 14
22 11
23 3
24 8
25 10
26 3
27 2
28 2
29 1
30 0
31 0
last timestep 31
node 1658 iteration 9
0 0
1 2
2 2
3 1
4 1
5 4
6 7
7 7
8 12
9 22
10 30
11 56
12 80
13 133
14 132
15 97
16 79
17 49
18 43
19 29
20 24
21 9
22 9
23 2
24 0
25 0
last timestep 25
