node 762 iteration 0
0 0
1 5
2 6
3 7
4 6
5 11
6 25
7 27
8 24
9 62
10 79
11 73
12 87
13 97
14 81
15 76
16 51
17 32
18 11
19 14
20 8
21 7
22 5
23 2
24 0
25 0
last timestep 25
node 762 iteration 1
0 0
1 6
2 11
3 28
4 36
5 48
6 60
7 73
8 101
9 98
10 113
11 75
12 62
13 44
14 44
15 33
16 18
17 9
18 9
19 5
20 5
21 2
22 1
23 0
24 0
last timestep 24
node 762 iteration 2
0 0
1 1
2 1
3 2
4 0
5 0
last timestep 5
node 762 iteration 3
0 0
1 8
2 14
3 28
4 43
5 80
6 86
7 82
8 87
9 95
10 59
11 58
12 58
13 49
14 31
15 20
16 7
17 1
18 2
19 0
20 1
21 2
22 3
23 4
24 6
25 9
26 6
27 3
28 2
29 2
30 2
31 3
32 3
33 0
last timestep 33
node 762 iteration 4
0 0
1 4
2 6
3 5
4 3
5 5
6 8
7 7
8 13
9 10
10 7
11 8
12 14
13 28
14 34
15 30
16 42
17 50
18 98
19 77
20 70
21 74
22 58
23 49
24 57
25 30
26 14
27 8
28 2
29 0
30 0
last timestep 30
node 762 iteration 5
0 0
1 5
2 9
3 7
4 13
5 14
6 24
7 27
8 55
9 76
10 101
11 102
12 100
13 91
14 66
15 53
16 45
17 27
18 15
19 4
20 1
21 1
22 0
23 0
last timestep 23
node 762 iteration 6
0 0
1 5
2 6
3 1
4 2
5 2
6 0
7 0
last timestep 7
node 762 iteration 7
0 0
1 2
2 1
3 0
4 0
last timestep 4
node 762 iteration 8
0 0
1 6
2 6
3 5
4 8
5 10
6 19
7 31
8 38
9 22
10 30
11 42
12 43
13 37
14 70
15 78
16 71
17 68
18 49
19 44
20 35
21 30
22 19
23 14
24 10
25 3
26 6
27 4
28 0
29 0
last timestep 29
node 762 iteration 9
0 0
1 1
2 4
3 3
4 10
5 9
6 23
7 21
8 58
9 67
10 75
11 83
12 98
13 93
14 81
15 64
16 42
17 34
18 28
19 14
20 7
21 5
22 0
23 0
last timestep 23
