node 407 iteration 0
0 0
1 3
2 1
3 2
4 5
5 4
6 5
7 10
8 19
9 38
10 31
11 36
12 52
13 49
14 47
15 35
16 39
17 30
18 26
19 36
20 49
21 32
22 38
23 22
24 13
25 12
26 16
27 12
28 5
29 8
30 7
31 1
32 2
33 2
34 1
35 0
36 0
last timestep 36
node 407 iteration 1
0 0
1 0
2 0
last timestep 2
node 407 iteration 2
0 0
1 4
2 5
3 6
4 6
5 8
6 15
7 17
8 27
9 36
10 56
11 79
12 110
13 101
14 81
15 90
16 55
17 42
18 31
19 30
20 18
21 14
22 6
23 3
24 4
25 3
26 5
27 4
28 0
29 0
last timestep 29
node 407 iteration 3
0 0
1 3
2 1
3 1
4 2
5 2
6 1
7 1
8 0
9 1
10 2
11 9
12 3
13 0
last timestep 13
node 407 iteration 4
0 0
1 2
2 1
3 1
4 3
5 5
6 6
7 11
8 10
9 10
10 12
11 20
12 29
13 41
14 52
15 53
16 56
17 64
18 90
19 76
20 70
21 61
22 50
23 30
24 23
25 17
26 4
27 5
28 7
29 2
30 2
31 2
32 0
33 0
last timestep 33
node 407 iteration 5
0 0
1 0
2 0
last timestep 2
node 407 iteration 6
0 0
1 3
2 4
3 3
4 9
5 11
6 15
7 30
8 27
9 33
10 30
11 63
12 67
13 109
14 101
15 83
16 74
17 56
18 34
19 23
20 19
21 7
22 10
23 7
24 5
25 4
26 2
27 3
28 2
29 0
30 0
last timestep 30
node 407 iteration 7
0 0
1 2
2 2
3 5
4 2
5 4
6 11
7 10
8 16
9 23
10 20
11 21
12 29
13 38
14 64
15 69
16 63
17 54
18 54
19 47
20 35
21 23
22 15
23 8
24 9
25 4
26 2
27 1
28 0
29 0
last timestep 29
node 407 iteration 8
0 0
1 3
2 8
3 6
4 3
5 4
6 3
7 7
8 8
9 9
10 6
11 7
12 12
13 11
14 22
15 30
16 54
17 53
18 83
19 87
20 91
21 86
22 75
23 43
24 35
25 16
26 9
27 6
28 4
29 4
30 0
31 0
last timestep 31
node 407 iteration 9
0 0
1 2
2 8
3 13
4 14
5 15
6 17
7 29
8 51
9 83
10 115
11 107
12 92
13 94
14 77
15 47
16 41
17 22
18 21
19 12
20 5
21 3
22 3
23 0
24 0
last timestep 24
