node 1041 iteration 0
0 0
1 0
2 1
3 2
4 3
5 5
6 17
7 16
8 29
9 38
10 61
11 75
12 95
13 111
14 84
15 63
16 51
17 33
18 22
19 16
20 16
21 8
22 8
23 3
24 1
25 0
last timestep 25
node 1041 iteration 1
0 0
1 2
2 2
3 6
4 6
5 5
6 6
7 8
8 15
9 17
10 30
11 52
12 81
13 86
14 90
15 68
16 78
17 88
18 87
19 52
20 39
21 30
22 18
23 9
24 3
25 0
26 2
27 2
28 1
29 1
30 0
last timestep 30
node 1041 iteration 2
0 0
1 2
2 5
3 7
4 20
5 40
6 68
7 101
8 122
9 139
10 143
11 89
12 54
13 42
14 31
15 6
16 8
17 5
18 3
19 0
20 0
last timestep 20
node 1041 iteration 3
0 0
1 1
2 1
3 8
4 3
5 3
6 6
7 10
8 12
9 16
10 25
11 29
12 58
13 83
14 108
15 100
16 96
17 66
18 53
19 67
20 42
21 25
22 17
23 13
24 8
25 6
26 7
27 1
28 0
29 0
last timestep 29
node 1041 iteration 4
0 0
1 1
2 1
3 0
4 0
last timestep 4
node 1041 iteration 5
0 0
1 2
2 1
3 6
4 6
5 13
6 24
7 21
8 35
9 63
10 81
11 112
12 104
13 87
14 85
15 79
16 55
17 20
18 19
19 5
20 3
21 3
22 0
23 0
last timestep 23
node 1041 iteration 6
0 0
1 1
2 0
3 0
last timestep 3
node 1041 iteration 7
0 0
1 3
2 7
3 5
4 12
5 13
6 13
7 13
8 17
9 24
10 31
11 47
12 52
13 55
14 88
15 74
16 80
17 68
18 69
19 54
20 38
21 17
22 17
23 21
24 14
25 11
26 7
27 4
28 4
29 1
30 1
31 0
32 0
last timestep 32
node 1041 iteration 8
0 0
1 2
2 7
3 9
4 24
5 31
6 28
7 40
8 51
9 55
10 64
11 45
12 54
13 47
14 46
15 30
16 24
17 22
18 15
19 8
20 7
21 5
22 7
23 5
24 2
25 0
26 0
last timestep 26
node 1041 iteration 9
0 0
1 2
2 2
3 1
4 3
5 4
6 9
7 16
8 11
9 17
10 15
11 18
12 26
13 44
14 37
15 68
16 59
17 58
18 59
19 55
20 50
21 44
22 44
23 29
24 22
25 15
26 10
27 15
28 10
29 8
30 3
31 3
32 2
33 0
34 0
last timestep 34
