node 297 iteration 0
0 0
1 0
2 0
last timestep 2
node 297 iteration 1
0 0
1 1
2 3
3 2
4 0
5 0
last timestep 5
node 297 iteration 2
0 0
1 1
2 1
3 0
4 2
5 8
6 5
7 4
8 7
9 5
10 6
11 7
12 8
13 12
14 20
15 35
16 42
17 41
18 55
19 60
20 71
21 57
22 62
23 49
24 41
25 34
26 20
27 20
28 15
29 10
30 14
31 6
32 10
33 6
34 5
35 5
36 1
37 0
last timestep 37
node 297 iteration 3
0 0
1 3
2 0
3 0
last timestep 3
node 297 iteration 4
0 0
1 2
2 2
3 3
4 3
5 6
6 5
7 6
8 27
9 20
10 46
11 70
12 70
13 73
14 54
15 54
16 54
17 57
18 72
19 64
20 58
21 30
22 20
23 18
24 15
25 10
26 5
27 4
28 4
29 0
30 0
last timestep 30
node 297 iteration 5
0 0
1 3
2 0
3 0
last timestep 3
node 297 iteration 6
0 0
1 3
2 7
3 13
4 26
5 53
6 79
7 106
8 133
9 131
10 120
11 88
12 60
13 32
14 27
15 9
16 4
17 2
18 1
19 0
20 0
last timestep 20
node 297 iteration 7
0 0
1 3
2 2
3 4
4 6
5 13
6 21
7 34
8 46
9 56
10 65
11 87
12 83
13 73
14 60
15 58
16 30
17 30
18 27
19 13
20 15
21 16
22 8
23 1
24 2
25 0
26 0
last timestep 26
node 297 iteration 8
0 0
1 4
2 6
3 4
4 2
5 2
6 2
7 1
8 0
9 0
last timestep 9
node 297 iteration 9
0 0
1 2
2 5
3 3
4 10
5 22
6 34
7 42
8 100
9 126
10 111
11 114
12 89
13 78
14 44
15 34
16 29
17 13
18 2
19 0
20 0
last timestep 20
