node 981 iteration 0
0 0
1 2
2 2
3 1
4 3
5 1
6 4
7 11
8 20
9 32
10 74
11 92
12 85
13 81
14 72
15 84
16 60
17 45
18 30
19 34
20 21
21 16
22 9
23 4
24 4
25 3
26 2
27 0
28 0
last timestep 28
node 981 iteration 1
0 0
1 1
2 2
3 8
4 26
5 22
6 44
7 67
8 83
9 76
10 78
11 73
12 80
13 58
14 64
15 55
16 40
17 21
18 15
19 10
20 5
21 2
22 1
23 4
24 2
25 1
26 0
27 0
last timestep 27
node 981 iteration 2
0 0
1 2
2 5
3 8
4 5
5 23
6 34
7 72
8 100
9 122
10 107
11 79
12 73
13 63
14 46
15 50
16 32
17 25
18 11
19 8
20 3
21 5
22 7
23 6
24 3
25 1
26 0
27 0
last timestep 27
node 981 iteration 3
0 0
1 1
2 0
3 0
last timestep 3
node 981 iteration 4
0 0
1 2
2 8
3 10
4 12
5 17
6 20
7 31
8 44
9 55
10 70
11 83
12 90
13 88
14 69
15 59
16 38
17 26
18 19
19 12
20 14
21 8
22 8
23 7
24 3
25 1
26 1
27 1
28 3
29 3
30 0
31 0
last timestep 31
node 981 iteration 5
0 0
1 1
2 2
3 2
4 1
5 1
6 1
7 5
8 5
9 7
10 12
11 19
12 28
13 21
14 29
15 31
16 47
17 41
18 32
19 29
20 24
21 21
22 28
23 39
24 42
25 37
26 36
27 44
28 31
29 24
30 12
31 5
32 5
33 3
34 6
35 8
36 8
37 4
38 4
39 2
40 4
41 6
42 3
43 1
44 0
45 0
last timestep 45
node 981 iteration 6
0 0
1 1
2 2
3 1
4 2
5 1
6 3
7 6
8 8
9 6
10 8
11 14
12 19
13 19
14 22
15 19
16 30
17 34
18 27
19 38
20 46
21 61
22 73
23 87
24 76
25 47
26 46
27 38
28 21
29 12
30 14
31 13
32 4
33 4
34 3
35 3
36 1
37 0
38 0
last timestep 38
node 981 iteration 7
0 0
1 1
2 2
3 5
4 4
5 4
6 11
7 8
8 10
9 14
10 15
11 31
12 52
13 93
14 91
15 101
16 80
17 87
18 59
19 55
20 40
21 16
22 11
23 6
24 2
25 0
26 0
last timestep 26
node 981 iteration 8
0 0
1 2
2 4
3 19
4 24
5 47
6 64
7 77
8 90
9 81
10 84
11 73
12 82
13 56
14 29
15 28
16 27
17 20
18 4
19 2
20 1
21 0
22 0
last timestep 22
node 981 iteration 9
0 0
1 0
2 0
last timestep 2
