node 748 iteration 0
0 0
1 5
2 1
3 6
4 10
5 23
6 26
7 29
8 24
9 21
10 28
11 52
12 74
13 95
14 97
15 71
16 70
17 59
18 39
19 29
20 26
21 15
22 10
23 7
24 7
25 2
26 0
27 0
last timestep 27
node 748 iteration 1
0 0
1 3
2 2
3 5
4 6
5 6
6 3
7 9
8 13
9 19
10 34
11 50
12 87
13 78
14 93
15 92
16 73
17 76
18 53
19 43
20 29
21 15
22 10
23 8
24 7
25 5
26 3
27 2
28 5
29 1
30 0
31 0
last timestep 31
node 748 iteration 2
0 0
1 5
2 6
3 10
4 11
5 28
6 36
7 54
8 94
9 118
10 120
11 120
12 95
13 76
14 66
15 31
16 17
17 7
18 6
19 2
20 1
21 0
22 0
last timestep 22
node 748 iteration 3
0 0
1 2
2 0
3 0
last timestep 3
node 748 iteration 4
0 0
1 4
2 3
3 1
4 0
5 0
last timestep 5
node 748 iteration 5
0 0
1 2
2 0
3 3
4 5
5 6
6 7
7 16
8 18
9 12
10 15
11 31
12 29
13 37
14 40
15 68
16 73
17 76
18 70
19 61
20 54
21 40
22 21
23 13
24 12
25 8
26 10
27 4
28 7
29 11
30 5
31 5
32 6
33 5
34 3
35 2
36 0
last timestep 36
node 748 iteration 6
0 0
1 8
2 14
3 19
4 20
5 26
6 32
7 57
8 64
9 87
10 90
11 101
12 79
13 51
14 44
15 28
16 26
17 19
18 13
19 6
20 6
21 5
22 9
23 4
24 1
25 0
26 0
last timestep 26
node 748 iteration 7
0 0
1 5
2 14
3 8
4 9
5 5
6 9
7 8
8 11
9 24
10 30
11 45
12 51
13 57
14 69
15 52
16 42
17 35
18 44
19 42
20 41
21 32
22 22
23 18
24 16
25 12
26 11
27 8
28 10
29 9
30 6
31 3
32 3
33 1
34 0
35 0
last timestep 35
node 748 iteration 8
0 0
1 5
2 13
3 15
4 29
5 31
6 46
7 89
8 117
9 96
10 73
11 74
12 56
13 38
14 31
15 18
16 13
17 9
18 6
19 3
20 4
21 1
22 0
23 0
last timestep 23
node 748 iteration 9
0 0
1 3
2 4
3 2
4 7
5 11
6 16
7 32
8 43
9 49
10 69
11 70
12 85
13 77
14 60
15 65
16 49
17 39
18 14
19 13
20 11
21 7
22 10
23 6
24 1
25 2
26 0
27 0
last timestep 27
