node 3079 iteration 0
0 0
1 2
2 4
3 11
4 9
5 11
6 19
7 16
8 35
9 24
10 58
11 76
12 93
13 95
14 91
15 69
16 41
17 49
18 31
19 26
20 17
21 7
22 0
23 2
24 0
last timestep 24
node 3079 iteration 1
0 0
1 2
2 4
3 9
4 13
5 3
6 5
7 9
8 17
9 20
10 33
11 43
12 67
13 81
14 120
15 131
16 103
17 74
18 43
19 33
20 32
21 23
22 9
23 2
24 4
25 1
26 0
27 0
last timestep 27
node 3079 iteration 2
0 0
1 1
2 0
3 0
last timestep 3
node 3079 iteration 3
0 0
1 1
2 4
3 12
4 15
5 25
6 29
7 28
8 32
9 59
10 55
11 65
12 71
13 82
14 71
15 74
16 82
17 56
18 41
19 26
20 28
21 14
22 8
23 3
24 0
25 0
last timestep 25
node 3079 iteration 4
0 0
1 1
2 1
3 1
4 1
5 3
6 5
7 5
8 3
9 3
10 11
11 23
12 39
13 50
14 69
15 88
16 87
17 70
18 82
19 57
20 52
21 38
22 20
23 20
24 13
25 10
26 3
27 1
28 0
29 0
last timestep 29
node 3079 iteration 5
0 0
1 1
2 1
3 0
4 0
last timestep 4
node 3079 iteration 6
0 0
1 0
2 0
last timestep 2
node 3079 iteration 7
0 0
1 3
2 2
3 5
4 7
5 12
6 15
7 15
8 38
9 40
10 58
11 72
12 80
13 106
14 94
15 67
16 52
17 44
18 32
19 23
20 17
21 12
22 8
23 6
24 2
25 0
26 0
last timestep 26
node 3079 iteration 8
0 0
1 0
2 0
last timestep 2
node 3079 iteration 9
0 0
1 2
2 2
3 1
4 0
5 0
last timestep 5
