node 1071 iteration 0
0 0
1 0
2 0
last timestep 2
node 1071 iteration 1
0 0
1 2
2 2
3 1
4 4
5 6
6 3
7 10
8 14
9 12
10 17
11 21
12 46
13 48
14 61
15 60
16 66
17 74
18 64
19 41
20 35
21 40
22 42
23 25
24 13
25 20
26 19
27 9
28 7
29 2
30 1
31 1
32 0
33 0
last timestep 33
node 1071 iteration 2
0 0
1 2
2 2
3 0
4 0
last timestep 4
node 1071 iteration 3
0 0
1 0
2 0
last timestep 2
node 1071 iteration 4
0 0
1 0
2 1
3 7
4 5
5 6
6 6
7 17
8 15
9 30
10 38
11 50
12 52
13 75
14 85
15 80
16 88
17 85
18 69
19 51
20 38
21 33
22 25
23 13
24 5
25 6
26 2
27 0
last timestep 27
node 1071 iteration 5
0 0
1 0
2 0
last timestep 2
node 1071 iteration 6
0 0
1 4
2 9
3 7
4 9
5 11
6 19
7 23
8 45
9 59
10 80
11 85
12 79
13 87
14 74
15 63
16 42
17 33
18 41
19 20
20 10
21 9
22 2
23 1
24 0
25 0
last timestep 25
node 1071 iteration 7
0 0
1 1
2 1
3 2
4 2
5 2
6 17
7 22
8 36
9 39
10 57
11 61
12 78
13 84
14 99
15 90
16 63
17 62
18 35
19 15
20 11
21 4
22 6
23 1
24 0
25 0
last timestep 25
node 1071 iteration 8
0 0
1 3
2 3
3 6
4 16
5 19
6 26
7 50
8 58
9 81
10 106
11 131
12 119
13 85
14 52
15 32
16 25
17 13
18 10
19 10
20 3
21 0
22 0
last timestep 22
node 1071 iteration 9
0 0
1 2
2 11
3 8
4 14
5 13
6 12
7 6
8 18
9 14
10 23
11 34
12 64
13 69
14 71
15 67
16 73
17 75
18 64
19 38
20 14
21 11
22 7
23 2
24 2
25 0
26 0
last timestep 26
