node 730 iteration 0
0 0
1 2
2 7
3 16
4 19
5 38
6 83
7 87
8 93
9 111
10 90
11 81
12 44
13 36
14 29
15 27
16 14
17 12
18 5
19 2
20 8
21 6
22 3
23 1
24 0
25 0
last timestep 25
node 730 iteration 1
0 0
1 0
2 0
last timestep 2
node 730 iteration 2
0 0
1 5
2 11
3 22
4 32
5 48
6 69
7 76
8 75
9 64
10 75
11 80
12 56
13 38
14 33
15 29
16 18
17 11
18 7
19 2
20 3
21 1
22 0
23 0
last timestep 23
node 730 iteration 3
0 0
1 0
2 3
3 3
4 4
5 10
6 13
7 16
8 24
9 35
10 48
11 86
12 109
13 104
14 98
15 63
16 55
17 34
18 29
19 22
20 25
21 14
22 17
23 11
24 11
25 6
26 7
27 3
28 3
29 0
last timestep 29
node 730 iteration 4
0 0
1 0
2 3
3 3
4 5
5 9
6 7
7 29
8 36
9 53
10 66
11 71
12 79
13 101
14 93
15 63
16 57
17 49
18 45
19 26
20 19
21 16
22 11
23 8
24 1
25 0
last timestep 25
node 730 iteration 5
0 0
1 1
2 3
3 6
4 9
5 6
6 13
7 28
8 35
9 59
10 52
11 73
12 68
13 66
14 40
15 34
16 29
17 29
18 23
19 18
20 13
21 22
22 13
23 10
24 15
25 10
26 5
27 6
28 3
29 3
30 4
31 1
32 0
33 0
last timestep 33
node 730 iteration 6
0 0
1 1
2 0
3 0
last timestep 3
node 730 iteration 7
0 0
1 1
2 3
3 1
4 2
5 1
6 2
7 0
8 0
last timestep 8
node 730 iteration 8
0 0
1 0
2 0
last timestep 2
node 730 iteration 9
0 0
1 1
2 2
3 3
4 8
5 15
6 24
7 27
8 50
9 48
10 51
11 42
12 50
13 53
14 61
15 70
16 71
17 58
18 35
19 26
20 12
21 5
22 7
23 8
24 7
25 3
26 4
27 3
28 3
29 0
30 3
31 3
32 3
33 6
34 0
last timestep 34
