node 543 iteration 0
0 0
1 2
2 4
3 2
4 5
5 7
6 16
7 31
8 22
9 43
10 57
11 55
12 68
13 62
14 62
15 51
16 42
17 33
18 33
19 27
20 38
21 22
22 18
23 12
24 8
25 3
26 0
27 1
28 0
last timestep 28
node 543 iteration 1
0 0
1 1
2 3
3 4
4 3
5 2
6 0
7 0
last timestep 7
node 543 iteration 2
0 0
1 1
2 3
3 1
4 6
5 6
6 10
7 24
8 26
9 70
10 68
11 90
12 73
13 77
14 62
15 50
16 42
17 31
18 25
19 11
20 16
21 7
22 9
23 5
24 5
25 4
26 3
27 1
28 4
29 4
30 3
31 3
32 4
33 1
34 0
35 0
last timestep 35
node 543 iteration 3
0 0
1 3
2 4
3 5
4 9
5 10
6 17
7 24
8 26
9 44
10 63
11 105
12 105
13 103
14 83
15 90
16 59
17 30
18 25
19 13
20 17
21 8
22 3
23 3
24 2
25 2
26 0
27 2
28 1
29 0
last timestep 29
node 543 iteration 4
0 0
1 5
2 3
3 4
4 3
5 14
6 17
7 39
8 70
9 72
10 73
11 79
12 61
13 73
14 85
15 57
16 53
17 34
18 13
19 16
20 14
21 13
22 10
23 7
24 3
25 0
26 0
last timestep 26
node 543 iteration 5
0 0
1 2
2 3
3 5
4 14
5 27
6 46
7 44
8 58
9 61
10 63
11 53
12 47
13 50
14 48
15 36
16 43
17 32
18 28
19 19
20 17
21 11
22 8
23 5
24 10
25 10
26 9
27 13
28 8
29 3
30 2
31 0
32 0
last timestep 32
node 543 iteration 6
0 0
1 1
2 0
3 0
last timestep 3
node 543 iteration 7
0 0
1 1
2 0
3 0
last timestep 3
node 543 iteration 8
0 0
1 1
2 1
3 0
4 0
last timestep 4
node 543 iteration 9
0 0
1 1
2 1
3 0
4 0
last timestep 4
