node 1765 iteration 0
0 0
1 2
2 1
3 9
4 12
5 12
6 6
7 14
8 27
9 40
10 51
11 65
12 76
13 74
14 67
15 82
16 90
17 82
18 62
19 29
20 28
21 20
22 14
23 7
24 8
25 2
26 1
27 0
28 0
last timestep 28
node 1765 iteration 1
0 0
1 2
2 7
3 4
4 6
5 6
6 9
7 15
8 14
9 19
10 36
11 34
12 59
13 70
14 108
15 98
16 83
17 70
18 65
19 48
20 27
21 24
22 16
23 5
24 2
25 0
26 0
last timestep 26
node 1765 iteration 2
0 0
1 7
2 7
3 15
4 10
5 29
6 27
7 36
8 38
9 56
10 68
11 77
12 106
13 100
14 69
15 54
16 43
17 23
18 18
19 11
20 5
21 3
22 6
23 5
24 2
25 5
26 1
27 1
28 0
29 1
30 0
last timestep 30
node 1765 iteration 3
0 0
1 3
2 13
3 10
4 10
5 17
6 30
7 46
8 54
9 55
10 60
11 85
12 120
13 80
14 57
15 30
16 26
17 20
18 11
19 16
20 10
21 4
22 5
23 1
24 0
25 0
last timestep 25
node 1765 iteration 4
0 0
1 5
2 3
3 3
4 0
5 1
6 0
last timestep 6
node 1765 iteration 5
0 0
1 5
2 15
3 20
4 28
5 53
6 90
7 130
8 114
9 129
10 93
11 60
12 55
13 31
14 17
15 4
16 1
17 3
18 1
19 0
20 0
last timestep 20
node 1765 iteration 6
0 0
1 3
2 2
3 6
4 4
5 2
6 4
7 16
8 15
9 31
10 49
11 66
12 82
13 141
14 117
15 92
16 68
17 40
18 17
19 18
20 11
21 4
22 4
23 0
24 0
last timestep 24
node 1765 iteration 7
0 0
1 4
2 15
3 15
4 33
5 39
6 54
7 69
8 89
9 98
10 141
11 125
12 95
13 62
14 40
15 25
16 9
17 3
18 0
19 0
last timestep 19
node 1765 iteration 8
0 0
1 2
2 8
3 6
4 15
5 13
6 25
7 35
8 37
9 36
10 55
11 60
12 70
13 80
14 63
15 57
16 49
17 44
18 26
19 10
20 4
21 2
22 2
23 3
24 1
25 1
26 2
27 1
28 0
29 0
last timestep 29
node 1765 iteration 9
0 0
1 3
2 3
3 4
4 6
5 14
6 38
7 35
8 48
9 64
10 64
11 76
12 86
13 86
14 79
15 60
16 38
17 38
18 31
19 22
20 32
21 28
22 27
23 15
24 7
25 4
26 3
27 0
28 0
last timestep 28
