node 320 iteration 0
0 0
1 2
2 2
3 2
4 1
5 1
6 0
7 0
last timestep 7
node 320 iteration 1
0 0
1 1
2 0
3 0
last timestep 3
node 320 iteration 2
0 0
1 0
2 0
last timestep 2
node 320 iteration 3
0 0
1 2
2 1
3 1
4 2
5 0
6 1
7 6
8 5
9 11
10 12
11 13
12 22
13 43
14 54
15 62
16 89
17 76
18 71
19 71
20 71
21 65
22 54
23 27
24 28
25 12
26 12
27 15
28 4
29 3
30 0
last timestep 30
node 320 iteration 4
0 0
1 1
2 1
3 0
4 0
last timestep 4
node 320 iteration 5
0 0
1 2
2 4
3 3
4 11
5 9
6 6
7 8
8 21
9 41
10 56
11 51
12 70
13 88
14 83
15 82
16 81
17 76
18 47
19 23
20 14
21 11
22 2
23 4
24 4
25 1
26 2
27 2
28 2
29 2
30 3
31 0
32 0
last timestep 32
node 320 iteration 6
0 0
1 1
2 2
3 7
4 9
5 12
6 19
7 27
8 41
9 45
10 44
11 48
12 64
13 79
14 66
15 78
16 65
17 52
18 30
19 33
20 22
21 17
22 13
23 9
24 11
25 8
26 4
27 0
28 0
last timestep 28
node 320 iteration 7
0 0
1 1
2 1
3 3
4 4
5 4
6 4
7 3
8 3
9 2
10 8
11 3
12 7
13 12
14 6
15 11
16 15
17 22
18 32
19 37
20 54
21 84
22 75
23 80
24 80
25 74
26 44
27 42
28 44
29 33
30 23
31 13
32 10
33 4
34 0
35 0
last timestep 35
node 320 iteration 8
0 0
1 0
2 0
last timestep 2
node 320 iteration 9
0 0
1 0
2 0
last timestep 2
