node 1572 iteration 0
0 0
1 3
2 4
3 8
4 17
5 28
6 66
7 62
8 98
9 95
10 103
11 98
12 85
13 51
14 32
15 25
16 13
17 5
18 3
19 0
20 0
last timestep 20
node 1572 iteration 1
0 0
1 1
2 3
3 3
4 8
5 25
6 40
7 44
8 62
9 71
10 82
11 97
12 74
13 72
14 58
15 65
16 38
17 37
18 23
19 16
20 12
21 3
22 1
23 1
24 0
25 0
last timestep 25
node 1572 iteration 2
0 0
1 4
2 9
3 6
4 13
5 12
6 30
7 33
8 47
9 68
10 87
11 82
12 100
13 80
14 70
15 49
16 30
17 22
18 17
19 19
20 2
21 2
22 0
23 0
last timestep 23
node 1572 iteration 3
0 0
1 3
2 3
3 3
4 3
5 6
6 7
7 4
8 11
9 28
10 28
11 64
12 99
13 89
14 119
15 89
16 70
17 52
18 46
19 34
20 18
21 16
22 11
23 2
24 1
25 0
26 0
last timestep 26
node 1572 iteration 4
0 0
1 2
2 4
3 3
4 8
5 10
6 10
7 5
8 7
9 4
10 8
11 18
12 23
13 40
14 47
15 75
16 95
17 104
18 90
19 67
20 70
21 46
22 36
23 23
24 14
25 8
26 2
27 2
28 1
29 4
30 1
31 0
32 0
last timestep 32
node 1572 iteration 5
0 0
1 3
2 4
3 15
4 14
5 17
6 26
7 42
8 62
9 89
10 100
11 71
12 74
13 61
14 34
15 23
16 14
17 8
18 10
19 7
20 4
21 1
22 0
23 0
last timestep 23
node 1572 iteration 6
0 0
1 1
2 4
3 6
4 9
5 26
6 37
7 60
8 69
9 72
10 68
11 69
12 76
13 46
14 37
15 29
16 24
17 28
18 20
19 21
20 17
21 21
22 9
23 8
24 8
25 5
26 1
27 1
28 3
29 0
30 0
last timestep 30
node 1572 iteration 7
0 0
1 3
2 3
3 2
4 4
5 2
6 2
7 7
8 10
9 9
10 11
11 14
12 21
13 24
14 33
15 71
16 85
17 73
18 86
19 89
20 78
21 65
22 50
23 31
24 30
25 19
26 10
27 9
28 2
29 3
30 3
31 0
32 1
33 1
34 0
last timestep 34
node 1572 iteration 8
0 0
1 3
2 11
3 19
4 33
5 44
6 46
7 54
8 79
9 96
10 116
11 84
12 74
13 47
14 42
15 27
16 13
17 10
18 7
19 4
20 3
21 0
22 0
last timestep 22
node 1572 iteration 9
0 0
1 0
2 0
last timestep 2
