node 1281 iteration 0
0 0
1 3
2 16
3 19
4 24
5 48
6 63
7 55
8 70
9 89
10 78
11 49
12 37
13 42
14 37
15 44
16 24
17 14
18 13
19 8
20 3
21 3
22 1
23 0
24 0
last timestep 24
node 1281 iteration 1
0 0
1 4
2 11
3 19
4 20
5 26
6 36
7 43
8 54
9 80
10 100
11 83
12 104
13 65
14 66
15 41
16 32
17 30
18 25
19 14
20 10
21 7
22 6
23 8
24 2
25 0
26 2
27 3
28 3
29 0
last timestep 29
node 1281 iteration 2
0 0
1 1
2 3
3 6
4 8
5 12
6 19
7 24
8 41
9 54
10 60
11 67
12 65
13 59
14 72
15 42
16 37
17 36
18 35
19 24
20 17
21 14
22 6
23 4
24 3
25 4
26 1
27 0
28 0
last timestep 28
node 1281 iteration 3
0 0
1 3
2 9
3 3
4 4
5 13
6 21
7 27
8 42
9 48
10 54
11 67
12 91
13 94
14 98
15 72
16 44
17 29
18 17
19 8
20 4
21 5
22 3
23 4
24 3
25 0
26 0
last timestep 26
node 1281 iteration 4
0 0
1 3
2 8
3 7
4 7
5 18
6 37
7 51
8 83
9 93
10 114
11 113
12 110
13 85
14 74
15 40
16 32
17 28
18 13
19 6
20 4
21 2
22 1
23 1
24 1
25 0
26 0
last timestep 26
node 1281 iteration 5
0 0
1 0
2 0
last timestep 2
node 1281 iteration 6
0 0
1 4
2 3
3 2
4 3
5 11
6 18
7 27
8 45
9 63
10 94
11 90
12 118
13 95
14 92
15 72
16 53
17 46
18 26
19 11
20 1
21 1
22 0
23 0
last timestep 23
node 1281 iteration 7
0 0
1 2
2 10
3 5
4 9
5 11
6 19
7 25
8 49
9 52
10 64
11 78
12 80
13 69
14 93
15 67
16 48
17 32
18 27
19 19
20 14
21 13
22 9
23 10
24 4
25 7
26 6
27 4
28 2
29 2
30 1
31 0
32 0
last timestep 32
node 1281 iteration 8
0 0
1 2
2 3
3 1
4 0
5 0
last timestep 5
node 1281 iteration 9
0 0
1 2
2 5
3 9
4 4
5 9
6 8
7 7
8 15
9 13
10 16
11 22
12 37
13 35
14 41
15 54
16 62
17 52
18 62
19 63
20 55
21 47
22 45
23 38
24 22
25 24
26 15
27 8
28 7
29 5
30 0
31 1
32 0
last timestep 32
