node 1569 iteration 0
0 0
1 2
2 2
3 1
4 1
5 7
6 7
7 10
8 19
9 30
10 45
11 62
12 100
13 127
14 128
15 106
16 60
17 49
18 25
19 17
20 14
21 6
22 4
23 0
24 0
last timestep 24
node 1569 iteration 1
0 0
1 2
2 5
3 11
4 13
5 15
6 29
7 46
8 77
9 76
10 86
11 126
12 100
13 81
14 47
15 39
16 26
17 27
18 20
19 16
20 5
21 6
22 7
23 2
24 1
25 0
26 0
last timestep 26
node 1569 iteration 2
0 0
1 2
2 0
3 0
last timestep 3
node 1569 iteration 3
0 0
1 3
2 4
3 7
4 8
5 27
6 37
7 61
8 69
9 81
10 108
11 83
12 87
13 73
14 63
15 43
16 25
17 16
18 7
19 3
20 5
21 4
22 2
23 1
24 2
25 1
26 0
27 1
28 1
29 0
last timestep 29
node 1569 iteration 4
0 0
1 1
2 0
3 2
4 7
5 7
6 17
7 17
8 11
9 26
10 42
11 52
12 72
13 74
14 86
15 87
16 81
17 56
18 53
19 25
20 22
21 10
22 7
23 3
24 4
25 4
26 4
27 1
28 0
last timestep 28
node 1569 iteration 5
0 0
1 0
2 0
last timestep 2
node 1569 iteration 6
0 0
1 4
2 7
3 9
4 6
5 7
6 21
7 35
8 57
9 76
10 81
11 112
12 117
13 95
14 71
15 67
16 38
17 22
18 13
19 5
20 1
21 0
22 0
last timestep 22
node 1569 iteration 7
0 0
1 0
2 0
last timestep 2
node 1569 iteration 8
0 0
1 1
2 4
3 1
4 0
5 0
last timestep 5
node 1569 iteration 9
0 0
1 0
2 0
last timestep 2
