node 562 iteration 0
0 0
1 0
2 0
last timestep 2
node 562 iteration 1
0 0
1 1
2 1
3 0
4 0
last timestep 4
node 562 iteration 2
0 0
1 3
2 1
3 2
4 1
5 0
6 0
last timestep 6
node 562 iteration 3
0 0
1 3
2 2
3 1
4 2
5 2
6 6
7 11
8 10
9 9
10 10
11 22
12 27
13 36
14 63
15 73
16 85
17 110
18 98
19 82
20 58
21 37
22 34
23 29
24 15
25 9
26 3
27 1
28 2
29 0
30 0
last timestep 30
node 562 iteration 4
0 0
1 1
2 3
3 9
4 11
5 16
6 17
7 25
8 50
9 45
10 52
11 92
12 99
13 93
14 82
15 60
16 59
17 46
18 31
19 19
20 9
21 4
22 0
23 0
last timestep 23
node 562 iteration 5
0 0
1 4
2 11
3 12
4 16
5 28
6 39
7 62
8 76
9 67
10 68
11 39
12 46
13 50
14 50
15 56
16 48
17 24
18 15
19 12
20 6
21 4
22 2
23 1
24 0
25 0
last timestep 25
node 562 iteration 6
0 0
1 4
2 7
3 10
4 16
5 15
6 37
7 36
8 60
9 63
10 69
11 54
12 56
13 39
14 32
15 24
16 18
17 22
18 27
19 24
20 14
21 12
22 4
23 1
24 1
25 0
26 0
last timestep 26
node 562 iteration 7
0 0
1 2
2 5
3 23
4 25
5 30
6 44
7 48
8 63
9 52
10 53
11 83
12 85
13 69
14 54
15 47
16 38
17 29
18 19
19 6
20 9
21 10
22 6
23 2
24 0
25 0
last timestep 25
node 562 iteration 8
0 0
1 5
2 8
3 6
4 9
5 9
6 10
7 15
8 20
9 28
10 45
11 57
12 66
13 79
14 69
15 72
16 47
17 34
18 27
19 15
20 14
21 6
22 9
23 2
24 2
25 1
26 0
27 0
last timestep 27
node 562 iteration 9
0 0
1 2
2 8
3 9
4 11
5 13
6 7
7 10
8 9
9 13
10 36
11 67
12 79
13 85
14 102
15 104
16 75
17 53
18 38
19 19
20 18
21 15
22 13
23 9
24 3
25 3
26 1
27 0
28 0
last timestep 28
