node 1052 iteration 0
0 0
1 0
2 0
last timestep 2
node 1052 iteration 1
0 0
1 2
2 7
3 16
4 27
5 31
6 54
7 66
8 79
9 71
10 66
11 66
12 49
13 51
14 58
15 54
16 43
17 33
18 25
19 19
20 8
21 5
22 1
23 0
24 0
last timestep 24
node 1052 iteration 2
0 0
1 3
2 3
3 7
4 22
5 36
6 44
7 55
8 78
9 97
10 82
11 100
12 95
13 87
14 81
15 53
16 32
17 20
18 17
19 7
20 4
21 2
22 0
23 0
last timestep 23
node 1052 iteration 3
0 0
1 1
2 1
3 4
4 9
5 15
6 22
7 25
8 56
9 97
10 97
11 109
12 101
13 81
14 64
15 42
16 36
17 18
18 15
19 9
20 1
21 0
22 0
last timestep 22
node 1052 iteration 4
0 0
1 0
2 1
3 3
4 4
5 0
last timestep 5
node 1052 iteration 5
0 0
1 1
2 11
3 8
4 18
5 30
6 36
7 58
8 70
9 68
10 80
11 73
12 62
13 72
14 64
15 35
16 41
17 26
18 21
19 16
20 13
21 7
22 4
23 4
24 2
25 2
26 1
27 1
28 0
29 0
last timestep 29
node 1052 iteration 6
0 0
1 2
2 9
3 8
4 6
5 4
6 4
7 12
8 21
9 40
10 38
11 61
12 72
13 83
14 83
15 85
16 66
17 60
18 52
19 39
20 19
21 9
22 5
23 7
24 3
25 3
26 3
27 4
28 2
29 1
30 0
31 0
last timestep 31
node 1052 iteration 7
0 0
1 0
2 0
last timestep 2
node 1052 iteration 8
0 0
1 0
2 0
last timestep 2
node 1052 iteration 9
0 0
1 0
2 0
last timestep 2
