node 1133 iteration 0
0 0
1 5
2 6
3 11
4 6
5 13
6 23
7 20
8 18
9 17
10 27
11 31
12 37
13 34
14 54
15 58
16 60
17 47
18 35
19 32
20 26
21 21
22 23
23 20
24 13
25 11
26 5
27 2
28 0
29 1
30 2
31 0
last timestep 31
node 1133 iteration 1
0 0
1 3
2 3
3 4
4 8
5 8
6 12
7 15
8 20
9 33
10 39
11 53
12 44
13 45
14 58
15 54
16 51
17 60
18 63
19 44
20 29
21 21
22 9
23 11
24 8
25 7
26 3
27 5
28 3
29 5
30 0
31 0
last timestep 31
node 1133 iteration 2
0 0
1 3
2 7
3 8
4 13
5 18
6 17
7 34
8 52
9 48
10 53
11 78
12 82
13 91
14 83
15 58
16 52
17 35
18 23
19 20
20 17
21 14
22 7
23 2
24 1
25 0
26 1
27 0
last timestep 27
node 1133 iteration 3
0 0
1 6
2 2
3 7
4 12
5 18
6 6
7 22
8 25
9 38
10 52
11 89
12 103
13 83
14 96
15 73
16 46
17 45
18 25
19 16
20 13
21 5
22 5
23 2
24 2
25 1
26 2
27 0
28 0
last timestep 28
node 1133 iteration 4
0 0
1 4
2 1
3 0
4 0
last timestep 4
node 1133 iteration 5
0 0
1 4
2 8
3 6
4 8
5 14
6 32
7 27
8 39
9 54
10 58
11 70
12 81
13 93
14 94
15 90
16 74
17 44
18 18
19 23
20 13
21 5
22 1
23 0
24 0
last timestep 24
node 1133 iteration 6
0 0
1 3
2 5
3 9
4 22
5 16
6 24
7 33
8 49
9 59
10 68
11 74
12 100
13 103
14 110
15 74
16 44
17 27
18 27
19 11
20 5
21 3
22 5
23 3
24 2
25 4
26 9
27 2
28 0
29 0
last timestep 29
node 1133 iteration 7
0 0
1 2
2 12
3 14
4 26
5 28
6 38
7 57
8 68
9 81
10 65
11 85
12 66
13 73
14 64
15 33
16 26
17 14
18 15
19 6
20 1
21 0
22 0
last timestep 22
node 1133 iteration 8
0 0
1 4
2 6
3 3
4 6
5 7
6 27
7 30
8 45
9 69
10 86
11 94
12 97
13 62
14 51
15 42
16 33
17 28
18 27
19 12
20 8
21 8
22 5
23 2
24 3
25 3
26 0
27 0
last timestep 27
node 1133 iteration 9
0 0
1 2
2 0
3 0
last timestep 3
