node 1139 iteration 0
0 0
1 2
2 1
3 1
4 0
5 0
last timestep 5
node 1139 iteration 1
0 0
1 2
2 8
3 1
4 4
5 6
6 8
7 16
8 27
9 26
10 36
11 65
12 59
13 60
14 61
15 43
16 56
17 55
18 50
19 44
20 36
21 15
22 5
23 7
24 8
25 4
26 1
27 0
28 0
last timestep 28
node 1139 iteration 2
0 0
1 1
2 5
3 6
4 4
5 7
6 3
7 9
8 13
9 12
10 15
11 31
12 46
13 63
14 79
15 83
16 113
17 98
18 82
19 47
20 33
21 32
22 27
23 16
24 10
25 6
26 4
27 1
28 0
29 3
30 1
31 0
last timestep 31
node 1139 iteration 3
0 0
1 2
2 4
3 7
4 6
5 8
6 17
7 13
8 12
9 9
10 20
11 28
12 42
13 43
14 58
15 63
16 55
17 72
18 62
19 54
20 38
21 29
22 26
23 16
24 14
25 12
26 13
27 6
28 3
29 1
30 4
31 3
32 1
33 0
34 0
last timestep 34
node 1139 iteration 4
0 0
1 2
2 3
3 4
4 1
5 2
6 1
7 4
8 3
9 5
10 10
11 14
12 12
13 22
14 26
15 36
16 46
17 38
18 55
19 55
20 70
21 87
22 79
23 44
24 47
25 30
26 20
27 14
28 10
29 9
30 7
31 5
32 2
33 1
34 3
35 4
36 0
37 0
last timestep 37
node 1139 iteration 5
0 0
1 3
2 1
3 0
4 0
last timestep 4
node 1139 iteration 6
0 0
1 3
2 7
3 13
4 28
5 23
6 53
7 79
8 54
9 44
10 69
11 56
12 49
13 43
14 36
15 33
16 30
17 37
18 19
19 18
20 15
21 11
22 4
23 3
24 1
25 0
26 0
last timestep 26
node 1139 iteration 7
0 0
1 1
2 4
3 4
4 5
5 5
6 3
7 6
8 8
9 7
10 8
11 20
12 20
13 26
14 40
15 61
16 70
17 98
18 87
19 111
20 65
21 52
22 43
23 24
24 19
25 9
26 7
27 6
28 3
29 0
30 0
last timestep 30
node 1139 iteration 8
0 0
1 4
2 1
3 7
4 13
5 29
6 46
7 66
8 75
9 103
10 111
11 87
12 66
13 58
14 54
15 39
16 26
17 22
18 11
19 10
20 3
21 2
22 3
23 3
24 2
25 0
26 0
last timestep 26
node 1139 iteration 9
0 0
1 3
2 2
3 5
4 6
5 9
6 6
7 8
8 16
9 23
10 37
11 39
12 49
13 73
14 95
15 77
16 66
17 64
18 39
19 30
20 14
21 11
22 13
23 8
24 7
25 3
26 6
27 5
28 11
29 6
30 5
31 8
32 1
33 0
34 0
last timestep 34
