node 27 iteration 0
0 0
1 2
2 4
3 3
4 6
5 9
6 16
7 25
8 33
9 48
10 65
11 68
12 60
13 58
14 71
15 44
16 44
17 50
18 32
19 20
20 11
21 6
22 2
23 5
24 0
25 3
26 4
27 9
28 4
29 8
30 2
31 6
32 5
33 5
34 4
35 2
36 8
37 5
38 3
39 3
40 1
41 1
42 2
43 3
44 4
45 0
last timestep 45
node 27 iteration 1
0 0
1 1
2 4
3 7
4 7
5 11
6 33
7 31
8 56
9 67
10 90
11 85
12 73
13 70
14 67
15 63
16 40
17 37
18 31
19 20
20 19
21 13
22 4
23 4
24 3
25 2
26 4
27 5
28 1
29 3
30 2
31 0
32 0
last timestep 32
node 27 iteration 2
0 0
1 1
2 1
3 9
4 9
5 21
6 29
7 49
8 75
9 93
10 114
11 108
12 69
13 75
14 54
15 48
16 44
17 33
18 25
19 24
20 20
21 10
22 8
23 5
24 2
25 0
26 0
last timestep 26
node 27 iteration 3
0 0
1 3
2 1
3 3
4 8
5 11
6 10
7 18
8 23
9 40
10 40
11 43
12 48
13 81
14 90
15 79
16 59
17 59
18 51
19 43
20 23
21 19
22 5
23 2
24 1
25 0
26 0
last timestep 26
node 27 iteration 4
0 0
1 6
2 6
3 13
4 22
5 31
6 41
7 51
8 34
9 54
10 46
11 37
12 37
13 33
14 24
15 27
16 32
17 23
18 15
19 10
20 14
21 10
22 4
23 5
24 1
25 4
26 1
27 2
28 5
29 14
30 10
31 7
32 8
33 8
34 11
35 11
36 3
37 4
38 1
39 0
40 0
last timestep 40
node 27 iteration 5
0 0
1 0
2 0
last timestep 2
node 27 iteration 6
0 0
1 1
2 2
3 2
4 1
5 0
6 0
last timestep 6
node 27 iteration 7
0 0
1 0
2 0
last timestep 2
node 27 iteration 8
0 0
1 1
2 1
3 0
4 0
last timestep 4
node 27 iteration 9
0 0
1 1
2 0
3 0
last timestep 3
