node 672 iteration 0
0 0
1 2
2 2
3 4
4 1
5 8
6 9
7 16
8 27
9 57
10 76
11 96
12 67
13 85
14 68
15 61
16 59
17 44
18 41
19 31
20 20
21 17
22 7
23 10
24 11
25 3
26 1
27 0
28 1
29 0
last timestep 29
node 672 iteration 1
0 0
1 3
2 5
3 12
4 14
5 13
6 26
7 36
8 68
9 84
10 90
11 96
12 96
13 87
14 71
15 44
16 25
17 22
18 13
19 8
20 3
21 4
22 7
23 5
24 0
25 0
last timestep 25
node 672 iteration 2
0 0
1 1
2 0
3 0
last timestep 3
node 672 iteration 3
0 0
1 1
2 1
3 2
4 1
5 2
6 3
7 6
8 22
9 55
10 76
11 85
12 110
13 105
14 78
15 98
16 69
17 57
18 39
19 34
20 22
21 16
22 7
23 4
24 5
25 1
26 0
27 0
last timestep 27
node 672 iteration 4
0 0
1 2
2 3
3 3
4 12
5 7
6 24
7 36
8 48
9 54
10 72
11 73
12 77
13 70
14 52
15 68
16 42
17 26
18 20
19 13
20 10
21 7
22 4
23 3
24 5
25 10
26 6
27 3
28 5
29 7
30 3
31 4
32 6
33 2
34 2
35 0
36 0
last timestep 36
node 672 iteration 5
0 0
1 1
2 2
3 2
4 11
5 15
6 26
7 38
8 40
9 35
10 56
11 66
12 60
13 54
14 64
15 44
16 38
17 30
18 24
19 22
20 8
21 6
22 2
23 1
24 1
25 1
26 0
27 0
last timestep 27
node 672 iteration 6
0 0
1 0
2 0
last timestep 2
node 672 iteration 7
0 0
1 1
2 5
3 2
4 6
5 14
6 22
7 21
8 16
9 20
10 35
11 41
12 53
13 53
14 73
15 91
16 85
17 85
18 49
19 30
20 14
21 20
22 18
23 14
24 8
25 5
26 4
27 3
28 0
29 0
last timestep 29
node 672 iteration 8
0 0
1 1
2 0
3 0
last timestep 3
node 672 iteration 9
0 0
1 1
2 2
3 3
4 10
5 12
6 22
7 26
8 31
9 39
10 39
11 66
12 77
13 79
14 74
15 75
16 56
17 53
18 32
19 20
20 11
21 7
22 4
23 1
24 2
25 1
26 2
27 0
28 0
last timestep 28
