node 1475 iteration 0
0 0
1 3
2 4
3 8
4 18
5 28
6 56
7 50
8 89
9 120
10 105
11 101
12 84
13 73
14 52
15 26
16 24
17 19
18 10
19 7
20 2
21 3
22 2
23 0
24 0
last timestep 24
node 1475 iteration 1
0 0
1 1
2 0
3 0
last timestep 3
node 1475 iteration 2
0 0
1 1
2 0
3 0
last timestep 3
node 1475 iteration 3
0 0
1 1
2 0
3 0
last timestep 3
node 1475 iteration 4
0 0
1 0
2 0
last timestep 2
node 1475 iteration 5
0 0
1 4
2 9
3 9
4 13
5 17
6 30
7 47
8 49
9 54
10 89
11 97
12 90
13 105
14 67
15 56
16 35
17 25
18 14
19 15
20 12
21 8
22 4
23 2
24 0
25 0
last timestep 25
node 1475 iteration 6
0 0
1 2
2 4
3 7
4 15
5 18
6 34
7 33
8 52
9 46
10 56
11 69
12 82
13 84
14 58
15 41
16 34
17 28
18 22
19 14
20 17
21 16
22 14
23 8
24 3
25 1
26 0
27 0
last timestep 27
node 1475 iteration 7
0 0
1 1
2 3
3 5
4 4
5 9
6 9
7 6
8 11
9 32
10 47
11 76
12 80
13 105
14 99
15 94
16 91
17 55
18 25
19 15
20 2
21 1
22 0
23 0
last timestep 23
node 1475 iteration 8
0 0
1 1
2 1
3 3
4 3
5 3
6 6
7 5
8 16
9 40
10 52
11 79
12 85
13 116
14 101
15 77
16 75
17 57
18 37
19 22
20 20
21 9
22 5
23 5
24 5
25 1
26 0
27 0
last timestep 27
node 1475 iteration 9
0 0
1 2
2 0
3 0
last timestep 3
