node 1714 iteration 0
0 0
1 3
2 6
3 10
4 9
5 15
6 19
7 37
8 45
9 89
10 89
11 86
12 91
13 80
14 71
15 49
16 34
17 32
18 25
19 8
20 6
21 7
22 7
23 6
24 4
25 4
26 0
27 1
28 0
last timestep 28
node 1714 iteration 1
0 0
1 1
2 2
3 6
4 7
5 12
6 9
7 8
8 8
9 19
10 17
11 34
12 67
13 57
14 77
15 99
16 85
17 79
18 80
19 60
20 39
21 25
22 16
23 13
24 4
25 1
26 0
27 0
last timestep 27
node 1714 iteration 2
0 0
1 3
2 1
3 2
4 11
5 10
6 21
7 28
8 41
9 49
10 83
11 87
12 95
13 97
14 89
15 62
16 39
17 27
18 19
19 14
20 9
21 8
22 5
23 2
24 0
25 0
last timestep 25
node 1714 iteration 3
0 0
1 3
2 8
3 15
4 15
5 26
6 34
7 50
8 71
9 94
10 93
11 86
12 85
13 65
14 53
15 34
16 30
17 8
18 5
19 1
20 1
21 1
22 0
23 0
last timestep 23
node 1714 iteration 4
0 0
1 3
2 4
3 6
4 13
5 9
6 13
7 21
8 29
9 32
10 35
11 25
12 36
13 62
14 56
15 65
16 73
17 58
18 52
19 40
20 45
21 35
22 24
23 12
24 10
25 1
26 3
27 1
28 0
29 0
last timestep 29
node 1714 iteration 5
0 0
1 3
2 1
3 4
4 5
5 9
6 11
7 17
8 30
9 32
10 46
11 67
12 84
13 82
14 73
15 56
16 56
17 38
18 35
19 31
20 10
21 6
22 1
23 3
24 0
25 0
last timestep 25
node 1714 iteration 6
0 0
1 0
2 0
last timestep 2
node 1714 iteration 7
0 0
1 1
2 7
3 9
4 11
5 17
6 32
7 42
8 56
9 52
10 68
11 71
12 68
13 76
14 52
15 46
16 23
17 19
18 13
19 32
20 21
21 17
22 7
23 5
24 6
25 9
26 12
27 7
28 4
29 4
30 1
31 0
32 0
last timestep 32
node 1714 iteration 8
0 0
1 2
2 6
3 11
4 7
5 14
6 30
7 30
8 32
9 55
10 75
11 73
12 72
13 74
14 57
15 42
16 34
17 27
18 23
19 10
20 7
21 8
22 5
23 2
24 0
25 1
26 0
last timestep 26
node 1714 iteration 9
0 0
1 1
2 1
3 3
4 6
5 11
6 24
7 24
8 47
9 63
10 77
11 86
12 89
13 75
14 76
15 91
16 57
17 42
18 37
19 25
20 19
21 7
22 7
23 5
24 1
25 0
26 0
last timestep 26
