node 1074 iteration 0
0 0
1 5
2 6
3 6
4 11
5 6
6 11
7 16
8 39
9 32
10 39
11 54
12 51
13 79
14 84
15 76
16 61
17 62
18 42
19 23
20 20
21 23
22 15
23 12
24 8
25 8
26 3
27 2
28 3
29 1
30 0
31 2
32 0
last timestep 32
node 1074 iteration 1
0 0
1 1
2 4
3 4
4 6
5 12
6 13
7 5
8 13
9 26
10 23
11 27
12 41
13 67
14 73
15 83
16 90
17 70
18 75
19 52
20 38
21 26
22 19
23 17
24 7
25 5
26 3
27 0
28 1
29 2
30 1
31 0
last timestep 31
node 1074 iteration 2
0 0
1 4
2 7
3 8
4 11
5 18
6 30
7 67
8 88
9 104
10 106
11 119
12 95
13 85
14 55
15 39
16 19
17 25
18 14
19 0
20 0
last timestep 20
node 1074 iteration 3
0 0
1 8
2 10
3 7
4 13
5 18
6 25
7 31
8 47
9 45
10 55
11 60
12 59
13 57
14 64
15 50
16 45
17 33
18 39
19 17
20 10
21 7
22 1
23 4
24 2
25 1
26 1
27 1
28 1
29 1
30 0
31 0
last timestep 31
node 1074 iteration 4
0 0
1 3
2 1
3 2
4 4
5 1
6 0
7 0
last timestep 7
node 1074 iteration 5
0 0
1 1
2 8
3 9
4 11
5 19
6 19
7 26
8 44
9 45
10 87
11 93
12 104
13 86
14 83
15 51
16 33
17 27
18 19
19 12
20 7
21 7
22 5
23 3
24 4
25 10
26 2
27 0
28 0
last timestep 28
node 1074 iteration 6
0 0
1 6
2 10
3 9
4 11
5 20
6 33
7 67
8 82
9 94
10 111
11 86
12 83
13 74
14 58
15 44
16 39
17 26
18 22
19 13
20 9
21 4
22 4
23 4
24 3
25 1
26 0
27 0
last timestep 27
node 1074 iteration 7
0 0
1 5
2 6
3 8
4 9
5 13
6 24
7 33
8 72
9 97
10 75
11 74
12 74
13 79
14 69
15 56
16 40
17 24
18 15
19 16
20 3
21 1
22 0
23 0
last timestep 23
node 1074 iteration 8
0 0
1 7
2 1
3 4
4 7
5 5
6 6
7 9
8 14
9 18
10 16
11 34
12 36
13 56
14 48
15 50
16 44
17 53
18 52
19 51
20 47
21 31
22 25
23 19
24 20
25 7
26 7
27 7
28 5
29 6
30 5
31 4
32 1
33 0
34 0
last timestep 34
node 1074 iteration 9
0 0
1 3
2 7
3 33
4 47
5 47
6 68
7 73
8 72
9 73
10 75
11 61
12 52
13 43
14 39
15 29
16 29
17 23
18 12
19 8
20 5
21 3
22 1
23 0
24 1
25 2
26 0
last timestep 26
