node 613 iteration 0
0 0
1 5
2 4
3 2
4 6
5 7
6 6
7 11
8 23
9 25
10 27
11 32
12 37
13 60
14 57
15 92
16 61
17 74
18 58
19 48
20 30
21 26
22 18
23 15
24 15
25 14
26 14
27 6
28 3
29 1
30 0
31 0
last timestep 31
node 613 iteration 1
0 0
1 2
2 0
3 0
last timestep 3
node 613 iteration 2
0 0
1 0
2 3
3 2
4 0
last timestep 4
node 613 iteration 3
0 0
1 4
2 5
3 6
4 6
5 13
6 14
7 15
8 17
9 20
10 14
11 27
12 32
13 40
14 34
15 36
16 53
17 41
18 48
19 52
20 49
21 49
22 35
23 30
24 21
25 24
26 13
27 8
28 14
29 10
30 7
31 2
32 3
33 3
34 1
35 0
36 0
last timestep 36
node 613 iteration 4
0 0
1 5
2 1
3 0
4 0
last timestep 4
node 613 iteration 5
0 0
1 3
2 7
3 19
4 29
5 31
6 42
7 54
8 62
9 56
10 73
11 57
12 44
13 43
14 39
15 47
16 45
17 33
18 28
19 16
20 13
21 8
22 5
23 6
24 3
25 1
26 2
27 4
28 2
29 2
30 0
31 0
last timestep 31
node 613 iteration 6
0 0
1 5
2 5
3 4
4 16
5 31
6 46
7 85
8 95
9 102
10 86
11 86
12 61
13 55
14 35
15 27
16 16
17 11
18 8
19 5
20 5
21 2
22 0
23 0
last timestep 23
node 613 iteration 7
0 0
1 6
2 6
3 17
4 13
5 29
6 39
7 71
8 83
9 98
10 104
11 112
12 94
13 66
14 60
15 28
16 19
17 8
18 4
19 3
20 1
21 1
22 0
23 0
last timestep 23
node 613 iteration 8
0 0
1 1
2 0
3 0
last timestep 3
node 613 iteration 9
0 0
1 3
2 3
3 6
4 9
5 21
6 29
7 55
8 72
9 94
10 107
11 104
12 101
13 68
14 69
15 40
16 23
17 16
18 12
19 3
20 3
21 2
22 0
23 0
last timestep 23
