node 181 iteration 0
0 0
1 0
2 0
last timestep 2
node 181 iteration 1
0 0
1 1
2 2
3 1
4 1
5 2
6 7
7 7
8 17
9 17
10 14
11 17
12 16
13 26
14 41
15 39
16 48
17 68
18 73
19 72
20 60
21 42
22 35
23 22
24 23
25 20
26 7
27 10
28 8
29 9
30 3
31 1
32 0
33 0
last timestep 33
node 181 iteration 2
0 0
1 1
2 0
3 0
last timestep 3
node 181 iteration 3
0 0
1 6
2 12
3 13
4 25
5 33
6 48
7 72
8 105
9 123
10 105
11 108
12 62
13 55
14 24
15 10
16 4
17 3
18 2
19 1
20 0
21 0
last timestep 21
node 181 iteration 4
0 0
1 2
2 2
3 0
4 1
5 0
last timestep 5
node 181 iteration 5
0 0
1 0
2 1
3 1
4 5
5 10
6 26
7 40
8 70
9 106
10 119
11 101
12 74
13 93
14 56
15 64
16 36
17 17
18 12
19 10
20 5
21 4
22 2
23 2
24 1
25 0
last timestep 25
node 181 iteration 6
0 0
1 2
2 5
3 6
4 28
5 28
6 44
7 65
8 84
9 80
10 100
11 127
12 84
13 67
14 44
15 38
16 17
17 9
18 3
19 0
20 2
21 2
22 0
last timestep 22
node 181 iteration 7
0 0
1 2
2 2
3 4
4 2
5 5
6 2
7 8
8 12
9 23
10 24
11 32
12 72
13 68
14 81
15 78
16 75
17 78
18 68
19 58
20 42
21 28
22 29
23 16
24 9
25 7
26 4
27 1
28 0
29 0
last timestep 29
node 181 iteration 8
0 0
1 2
2 3
3 8
4 16
5 24
6 45
7 67
8 78
9 72
10 87
11 74
12 51
13 53
14 57
15 38
16 28
17 15
18 4
19 3
20 2
21 3
22 2
23 1
24 4
25 5
26 3
27 1
28 2
29 0
30 0
last timestep 30
node 181 iteration 9
0 0
1 1
2 4
3 3
4 11
5 10
6 13
7 26
8 26
9 39
10 57
11 85
12 90
13 92
14 108
15 92
16 68
17 42
18 42
19 31
20 32
21 19
22 13
23 5
24 3
25 1
26 0
27 0
last timestep 27
