node 1725 iteration 0
0 0
1 0
2 0
last timestep 2
node 1725 iteration 1
0 0
1 2
2 4
3 16
4 30
5 58
6 110
7 118
8 107
9 106
10 92
11 60
12 42
13 33
14 16
15 6
16 2
17 1
18 3
19 4
20 2
21 3
22 1
23 0
24 0
last timestep 24
node 1725 iteration 2
0 0
1 3
2 5
3 4
4 1
5 3
6 10
7 8
8 19
9 37
10 49
11 62
12 65
13 101
14 105
15 87
16 87
17 71
18 48
19 24
20 17
21 10
22 6
23 7
24 4
25 4
26 0
27 1
28 0
last timestep 28
node 1725 iteration 3
0 0
1 3
2 3
3 8
4 8
5 3
6 3
7 8
8 13
9 7
10 14
11 26
12 37
13 37
14 41
15 72
16 66
17 75
18 96
19 78
20 73
21 52
22 27
23 14
24 9
25 9
26 6
27 2
28 2
29 2
30 1
31 0
32 0
last timestep 32
node 1725 iteration 4
0 0
1 3
2 4
3 7
4 20
5 29
6 46
7 57
8 89
9 102
10 106
11 80
12 81
13 59
14 51
15 35
16 32
17 22
18 11
19 7
20 5
21 2
22 1
23 0
24 0
last timestep 24
node 1725 iteration 5
0 0
1 2
2 2
3 1
4 2
5 8
6 10
7 14
8 24
9 23
10 42
11 55
12 77
13 85
14 98
15 102
16 74
17 66
18 55
19 39
20 37
21 17
22 15
23 10
24 5
25 2
26 2
27 1
28 1
29 0
30 0
last timestep 30
node 1725 iteration 6
0 0
1 3
2 4
3 4
4 6
5 6
6 15
7 20
8 28
9 48
10 58
11 68
12 74
13 89
14 91
15 73
16 63
17 54
18 47
19 29
20 17
21 12
22 12
23 6
24 2
25 0
26 0
last timestep 26
node 1725 iteration 7
0 0
1 1
2 3
3 6
4 9
5 12
6 21
7 15
8 26
9 46
10 66
11 79
12 90
13 89
14 77
15 67
16 56
17 23
18 15
19 14
20 6
21 9
22 10
23 3
24 2
25 0
26 0
last timestep 26
node 1725 iteration 8
0 0
1 3
2 4
3 8
4 20
5 25
6 53
7 70
8 90
9 72
10 72
11 64
12 66
13 77
14 71
15 45
16 21
17 15
18 11
19 6
20 4
21 1
22 0
23 0
last timestep 23
node 1725 iteration 9
0 0
1 1
2 1
3 0
4 0
last timestep 4
