node 356 iteration 0
0 0
1 2
2 1
3 3
4 6
5 7
6 12
7 16
8 22
9 26
10 52
11 59
12 58
13 80
14 73
15 67
16 70
17 62
18 45
19 32
20 23
21 18
22 18
23 14
24 16
25 4
26 4
27 1
28 2
29 0
30 0
last timestep 30
node 356 iteration 1
0 0
1 5
2 7
3 16
4 38
5 40
6 63
7 72
8 92
9 108
10 92
11 93
12 82
13 53
14 61
15 34
16 19
17 15
18 12
19 7
20 7
21 3
22 1
23 1
24 1
25 1
26 0
27 0
last timestep 27
node 356 iteration 2
0 0
1 4
2 3
3 4
4 7
5 2
6 8
7 7
8 31
9 46
10 70
11 83
12 92
13 121
14 91
15 68
16 49
17 30
18 26
19 13
20 7
21 8
22 10
23 4
24 3
25 1
26 0
27 0
last timestep 27
node 356 iteration 3
0 0
1 2
2 3
3 3
4 4
5 3
6 0
7 0
last timestep 7
node 356 iteration 4
0 0
1 4
2 13
3 24
4 40
5 44
6 62
7 82
8 75
9 70
10 92
11 88
12 65
13 45
14 24
15 18
16 11
17 14
18 9
19 1
20 1
21 0
22 1
23 1
24 0
last timestep 24
node 356 iteration 5
0 0
1 4
2 3
3 11
4 5
5 3
6 13
7 25
8 32
9 52
10 64
11 96
12 86
13 91
14 111
15 68
16 55
17 34
18 22
19 18
20 14
21 12
22 7
23 4
24 3
25 5
26 1
27 1
28 0
29 0
last timestep 29
node 356 iteration 6
0 0
1 6
2 15
3 12
4 12
5 28
6 24
7 59
8 71
9 74
10 128
11 110
12 92
13 75
14 53
15 25
16 25
17 10
18 6
19 2
20 0
21 0
last timestep 21
node 356 iteration 7
0 0
1 2
2 3
3 6
4 11
5 14
6 23
7 30
8 53
9 62
10 92
11 106
12 100
13 93
14 88
15 55
16 42
17 27
18 21
19 7
20 8
21 8
22 0
23 0
last timestep 23
node 356 iteration 8
0 0
1 6
2 17
3 23
4 36
5 58
6 80
7 94
8 94
9 105
10 81
11 84
12 53
13 23
14 21
15 12
16 5
17 5
18 3
19 0
20 0
last timestep 20
node 356 iteration 9
0 0
1 8
2 21
3 31
4 42
5 54
6 62
7 91
8 94
9 103
10 105
11 66
12 53
13 45
14 43
15 29
16 16
17 9
18 8
19 1
20 0
21 0
last timestep 21
