node 2218 iteration 0
0 0
1 1
2 3
3 6
4 9
5 9
6 15
7 19
8 22
9 35
10 39
11 53
12 51
13 58
14 61
15 57
16 50
17 39
18 34
19 21
20 21
21 20
22 12
23 18
24 13
25 6
26 3
27 3
28 3
29 3
30 2
31 0
32 0
last timestep 32
node 2218 iteration 1
0 0
1 2
2 1
3 0
4 1
5 1
6 2
7 6
8 9
9 17
10 24
11 34
12 44
13 55
14 74
15 60
16 65
17 61
18 33
19 23
20 16
21 15
22 12
23 16
24 14
25 17
26 10
27 11
28 1
29 0
last timestep 29
node 2218 iteration 2
0 0
1 4
2 6
3 11
4 15
5 23
6 31
7 43
8 54
9 59
10 69
11 67
12 64
13 69
14 51
15 47
16 40
17 45
18 34
19 27
20 14
21 8
22 5
23 4
24 10
25 6
26 5
27 3
28 2
29 2
30 1
31 2
32 2
33 1
34 2
35 1
36 0
37 0
last timestep 37
node 2218 iteration 3
0 0
1 2
2 2
3 3
4 3
5 6
6 18
7 20
8 26
9 27
10 34
11 55
12 77
13 109
14 112
15 102
16 98
17 84
18 76
19 53
20 17
21 5
22 6
23 4
24 2
25 1
26 3
27 1
28 1
29 0
30 0
last timestep 30
node 2218 iteration 4
0 0
1 1
2 4
3 3
4 7
5 5
6 17
7 24
8 37
9 50
10 65
11 76
12 87
13 82
14 78
15 60
16 47
17 35
18 18
19 13
20 8
21 3
22 3
23 1
24 1
25 1
26 0
27 0
last timestep 27
node 2218 iteration 5
0 0
1 7
2 10
3 16
4 22
5 42
6 61
7 85
8 84
9 83
10 89
11 63
12 67
13 57
14 40
15 20
16 16
17 9
18 8
19 3
20 2
21 2
22 0
23 0
last timestep 23
node 2218 iteration 6
0 0
1 3
2 5
3 15
4 11
5 22
6 39
7 41
8 88
9 97
10 129
11 122
12 89
13 75
14 59
15 48
16 25
17 17
18 8
19 10
20 3
21 1
22 1
23 1
24 0
25 0
last timestep 25
node 2218 iteration 7
0 0
1 1
2 1
3 1
4 16
5 20
6 27
7 19
8 32
9 57
10 63
11 60
12 95
13 87
14 79
15 55
16 49
17 36
18 32
19 27
20 17
21 7
22 4
23 6
24 1
25 2
26 0
27 2
28 0
last timestep 28
node 2218 iteration 8
0 0
1 4
2 5
3 4
4 11
5 12
6 17
7 24
8 35
9 43
10 56
11 70
12 103
13 81
14 84
15 68
16 53
17 39
18 25
19 21
20 14
21 9
22 3
23 2
24 2
25 0
26 0
last timestep 26
node 2218 iteration 9
0 0
1 4
2 5
3 16
4 13
5 22
6 46
7 55
8 59
9 64
10 69
11 69
12 92
13 80
14 63
15 53
16 33
17 12
18 19
19 7
20 5
21 2
22 0
23 0
last timestep 23
