node 2198 iteration 0
0 0
1 2
2 4
3 15
4 31
5 62
6 74
7 122
8 136
9 126
10 81
11 68
12 50
13 32
14 21
15 18
16 13
17 7
18 3
19 1
20 4
21 8
22 3
23 4
24 3
25 1
26 2
27 2
28 0
29 0
last timestep 29
node 2198 iteration 1
0 0
1 1
2 0
3 0
last timestep 3
node 2198 iteration 2
0 0
1 0
2 0
last timestep 2
node 2198 iteration 3
0 0
1 0
2 0
last timestep 2
node 2198 iteration 4
0 0
1 2
2 4
3 9
4 22
5 28
6 45
7 68
8 88
9 128
10 127
11 93
12 64
13 48
14 34
15 18
16 10
17 4
18 5
19 3
20 1
21 0
22 0
last timestep 22
node 2198 iteration 5
0 0
1 3
2 1
3 3
4 5
5 4
6 7
7 16
8 22
9 31
10 51
11 74
12 78
13 115
14 128
15 130
16 98
17 81
18 44
19 29
20 20
21 9
22 7
23 4
24 0
25 0
last timestep 25
node 2198 iteration 6
0 0
1 0
2 0
last timestep 2
node 2198 iteration 7
0 0
1 2
2 5
3 1
4 0
5 0
last timestep 5
node 2198 iteration 8
0 0
1 3
2 8
3 9
4 18
5 22
6 32
7 44
8 69
9 72
10 100
11 97
12 77
13 68
14 50
15 36
16 35
17 27
18 17
19 13
20 10
21 7
22 3
23 1
24 2
25 0
26 0
last timestep 26
node 2198 iteration 9
0 0
1 1
2 2
3 8
4 6
5 12
6 22
7 23
8 35
9 81
10 92
11 113
12 96
13 88
14 53
15 28
16 24
17 13
18 13
19 8
20 5
21 3
22 3
23 0
24 0
last timestep 24
