node 118 iteration 0
0 0
1 1
2 0
3 0
last timestep 3
node 118 iteration 1
0 0
1 1
2 1
3 0
4 0
last timestep 4
node 118 iteration 2
0 0
1 3
2 7
3 15
4 9
5 21
6 18
7 27
8 43
9 55
10 48
11 62
12 77
13 69
14 64
15 58
16 46
17 31
18 31
19 19
20 15
21 11
22 10
23 9
24 4
25 7
26 15
27 7
28 2
29 5
30 1
31 2
32 5
33 0
34 0
last timestep 34
node 118 iteration 3
0 0
1 2
2 0
3 0
last timestep 3
node 118 iteration 4
0 0
1 1
2 3
3 4
4 13
5 28
6 43
7 70
8 79
9 108
10 113
11 97
12 72
13 47
14 49
15 35
16 33
17 26
18 23
19 14
20 8
21 0
22 0
last timestep 22
node 118 iteration 5
0 0
1 4
2 4
3 4
4 3
5 5
6 11
7 15
8 19
9 29
10 44
11 36
12 54
13 72
14 75
15 82
16 86
17 85
18 55
19 41
20 24
21 17
22 6
23 7
24 2
25 2
26 2
27 1
28 1
29 4
30 0
31 0
last timestep 31
node 118 iteration 6
0 0
1 3
2 0
3 0
last timestep 3
node 118 iteration 7
0 0
1 0
2 2
3 8
4 6
5 4
6 9
7 8
8 13
9 15
10 45
11 52
12 69
13 100
14 102
15 88
16 98
17 68
18 62
19 45
20 28
21 23
22 9
23 5
24 2
25 0
last timestep 25
node 118 iteration 8
0 0
1 2
2 1
3 9
4 8
5 10
6 20
7 18
8 38
9 47
10 75
11 81
12 86
13 99
14 61
15 61
16 37
17 25
18 23
19 27
20 14
21 11
22 3
23 1
24 3
25 2
26 0
27 0
last timestep 27
node 118 iteration 9
0 0
1 0
2 0
last timestep 2
