node 1777 iteration 0
0 0
1 2
2 1
3 1
4 0
5 0
last timestep 5
node 1777 iteration 1
0 0
1 2
2 6
3 12
4 23
5 37
6 67
7 94
8 99
9 102
10 77
11 94
12 71
13 48
14 28
15 20
16 11
17 11
18 11
19 9
20 8
21 6
22 6
23 1
24 0
25 1
26 1
27 0
last timestep 27
node 1777 iteration 2
0 0
1 1
2 0
3 0
last timestep 3
node 1777 iteration 3
0 0
1 1
2 5
3 7
4 9
5 21
6 37
7 47
8 78
9 78
10 88
11 76
12 105
13 68
14 62
15 32
16 17
17 20
18 13
19 7
20 4
21 6
22 2
23 1
24 0
25 0
last timestep 25
node 1777 iteration 4
0 0
1 1
2 4
3 3
4 9
5 22
6 44
7 83
8 99
9 122
10 104
11 71
12 77
13 65
14 66
15 57
16 46
17 30
18 16
19 7
20 1
21 0
22 0
last timestep 22
node 1777 iteration 5
0 0
1 2
2 0
3 0
last timestep 3
node 1777 iteration 6
0 0
1 1
2 0
3 0
last timestep 3
node 1777 iteration 7
0 0
1 4
2 3
3 4
4 2
5 3
6 5
7 9
8 11
9 17
10 35
11 43
12 51
13 59
14 91
15 98
16 99
17 100
18 69
19 42
20 32
21 21
22 12
23 4
24 4
25 4
26 3
27 0
28 0
last timestep 28
node 1777 iteration 8
0 0
1 3
2 9
3 18
4 24
5 31
6 23
7 40
8 33
9 37
10 26
11 20
12 36
13 26
14 24
15 46
16 44
17 44
18 49
19 44
20 25
21 16
22 18
23 14
24 6
25 1
26 1
27 1
28 5
29 0
30 3
31 1
32 3
33 2
34 2
35 0
last timestep 35
node 1777 iteration 9
0 0
1 0
2 0
last timestep 2
