node 2722 iteration 0
0 0
1 3
2 5
3 0
4 4
5 7
6 8
7 7
8 9
9 9
10 10
11 24
12 44
13 40
14 59
15 46
16 55
17 62
18 76
19 55
20 46
21 45
22 34
23 21
24 13
25 14
26 3
27 1
28 1
29 0
last timestep 29
node 2722 iteration 1
0 0
1 1
2 1
3 1
4 5
5 4
6 5
7 1
8 2
9 8
10 8
11 7
12 1
13 5
14 13
15 15
16 18
17 34
18 44
19 49
20 36
21 51
22 42
23 42
24 49
25 33
26 26
27 9
28 12
29 8
30 7
31 8
32 5
33 1
34 0
35 0
last timestep 35
node 2722 iteration 2
0 0
1 0
2 0
last timestep 2
node 2722 iteration 3
0 0
1 2
2 6
3 5
4 8
5 7
6 7
7 11
8 16
9 18
10 39
11 39
12 48
13 53
14 52
15 68
16 64
17 73
18 55
19 51
20 29
21 26
22 18
23 18
24 16
25 14
26 11
27 5
28 1
29 0
30 0
last timestep 30
node 2722 iteration 4
0 0
1 2
2 0
3 0
last timestep 3
node 2722 iteration 5
0 0
1 0
2 0
last timestep 2
node 2722 iteration 6
0 0
1 0
2 0
last timestep 2
node 2722 iteration 7
0 0
1 2
2 6
3 16
4 29
5 31
6 26
7 36
8 50
9 85
10 65
11 64
12 68
13 70
14 73
15 65
16 49
17 42
18 35
19 29
20 9
21 6
22 2
23 3
24 0
25 1
26 0
last timestep 26
node 2722 iteration 8
0 0
1 3
2 8
3 4
4 5
5 3
6 6
7 7
8 4
9 6
10 22
11 35
12 20
13 38
14 37
15 55
16 56
17 88
18 80
19 60
20 43
21 40
22 25
23 21
24 20
25 15
26 10
27 3
28 2
29 1
30 0
31 0
last timestep 31
node 2722 iteration 9
0 0
1 0
2 0
last timestep 2
