node 619 iteration 0
0 0
1 5
2 5
3 3
4 5
5 7
6 19
7 26
8 34
9 38
10 44
11 71
12 93
13 86
14 86
15 73
16 55
17 23
18 28
19 22
20 24
21 20
22 6
23 0
24 1
25 0
last timestep 25
node 619 iteration 1
0 0
1 3
2 2
3 0
4 0
last timestep 4
node 619 iteration 2
0 0
1 2
2 1
3 2
4 3
5 3
6 6
7 7
8 16
9 13
10 26
11 24
12 34
13 59
14 45
15 61
16 66
17 80
18 68
19 44
20 43
21 37
22 18
23 15
24 11
25 13
26 7
27 3
28 4
29 6
30 5
31 7
32 4
33 5
34 2
35 1
36 0
37 0
last timestep 37
node 619 iteration 3
0 0
1 3
2 3
3 2
4 7
5 7
6 8
7 22
8 30
9 45
10 64
11 70
12 74
13 78
14 73
15 76
16 60
17 48
18 31
19 22
20 19
21 10
22 8
23 6
24 8
25 5
26 2
27 7
28 3
29 0
30 0
last timestep 30
node 619 iteration 4
0 0
1 8
2 12
3 22
4 34
5 52
6 76
7 91
8 90
9 106
10 93
11 75
12 63
13 42
14 32
15 36
16 16
17 10
18 8
19 6
20 1
21 3
22 1
23 0
24 0
last timestep 24
node 619 iteration 5
0 0
1 2
2 0
3 0
last timestep 3
node 619 iteration 6
0 0
1 1
2 0
3 5
4 10
5 4
6 10
7 22
8 45
9 47
10 70
11 83
12 124
13 117
14 85
15 73
16 43
17 31
18 24
19 16
20 11
21 7
22 5
23 11
24 5
25 1
26 2
27 2
28 1
29 1
30 0
last timestep 30
node 619 iteration 7
0 0
1 5
2 7
3 10
4 16
5 20
6 26
7 27
8 20
9 46
10 52
11 84
12 99
13 96
14 73
15 66
16 57
17 46
18 34
19 21
20 16
21 12
22 5
23 12
24 3
25 2
26 0
27 0
last timestep 27
node 619 iteration 8
0 0
1 1
2 3
3 4
4 6
5 3
6 5
7 3
8 3
9 4
10 0
11 0
last timestep 11
node 619 iteration 9
0 0
1 2
2 1
3 0
4 0
last timestep 4
