node 1795 iteration 0
0 0
1 3
2 2
3 6
4 13
5 12
6 39
7 64
8 89
9 115
10 113
11 115
12 77
13 56
14 38
15 24
16 14
17 12
18 4
19 6
20 11
21 10
22 5
23 3
24 2
25 0
26 0
last timestep 26
node 1795 iteration 1
0 0
1 2
2 4
3 11
4 15
5 16
6 21
7 32
8 55
9 52
10 41
11 49
12 70
13 72
14 79
15 67
16 76
17 62
18 40
19 30
20 22
21 18
22 9
23 2
24 1
25 0
26 0
last timestep 26
node 1795 iteration 2
0 0
1 0
2 0
last timestep 2
node 1795 iteration 3
0 0
1 4
2 8
3 12
4 18
5 21
6 23
7 43
8 51
9 82
10 66
11 82
12 76
13 65
14 52
15 32
16 21
17 16
18 12
19 7
20 3
21 3
22 2
23 2
24 4
25 0
26 0
last timestep 26
node 1795 iteration 4
0 0
1 1
2 0
3 0
last timestep 3
node 1795 iteration 5
0 0
1 3
2 3
3 6
4 15
5 9
6 14
7 31
8 34
9 73
10 115
11 83
12 93
13 78
14 68
15 47
16 44
17 30
18 20
19 17
20 8
21 5
22 10
23 4
24 4
25 3
26 1
27 1
28 0
29 0
last timestep 29
node 1795 iteration 6
0 0
1 2
2 7
3 6
4 12
5 13
6 11
7 12
8 9
9 16
10 26
11 45
12 65
13 67
14 76
15 94
16 96
17 67
18 49
19 56
20 47
21 34
22 22
23 18
24 8
25 4
26 1
27 4
28 3
29 0
30 0
last timestep 30
node 1795 iteration 7
0 0
1 2
2 1
3 2
4 2
5 1
6 2
7 9
8 22
9 20
10 30
11 43
12 67
13 54
14 67
15 70
16 62
17 74
18 68
19 41
20 31
21 31
22 24
23 15
24 20
25 17
26 10
27 3
28 1
29 1
30 2
31 0
32 0
last timestep 32
node 1795 iteration 8
0 0
1 1
2 8
3 8
4 7
5 18
6 27
7 43
8 43
9 48
10 70
11 77
12 68
13 52
14 68
15 65
16 48
17 27
18 10
19 11
20 12
21 7
22 7
23 8
24 2
25 2
26 1
27 1
28 0
29 0
last timestep 29
node 1795 iteration 9
0 0
1 1
2 1
3 6
4 21
5 37
6 38
7 57
8 71
9 63
10 95
11 77
12 75
13 66
14 47
15 52
16 51
17 29
18 22
19 20
20 3
21 4
22 2
23 3
24 4
25 1
26 1
27 0
28 0
last timestep 28
