node 590 iteration 0
0 0
1 5
2 3
3 13
4 22
5 48
6 51
7 95
8 89
9 109
10 95
11 62
12 59
13 42
14 27
15 25
16 17
17 11
18 10
19 6
20 7
21 0
22 0
last timestep 22
node 590 iteration 1
0 0
1 5
2 5
3 1
4 6
5 7
6 6
7 6
8 7
9 6
10 11
11 25
12 18
13 34
14 44
15 86
16 94
17 98
18 89
19 83
20 72
21 66
22 40
23 30
24 12
25 13
26 6
27 6
28 4
29 1
30 0
31 1
32 1
33 0
last timestep 33
node 590 iteration 2
0 0
1 4
2 2
3 1
4 9
5 18
6 30
7 31
8 59
9 91
10 100
11 122
12 116
13 96
14 70
15 61
16 35
17 16
18 6
19 3
20 1
21 2
22 0
23 0
last timestep 23
node 590 iteration 3
0 0
1 3
2 1
3 2
4 0
5 0
last timestep 5
node 590 iteration 4
0 0
1 3
2 3
3 9
4 18
5 16
6 18
7 29
8 29
9 44
10 42
11 48
12 60
13 66
14 62
15 54
16 62
17 49
18 36
19 18
20 19
21 7
22 14
23 4
24 3
25 2
26 0
27 1
28 0
last timestep 28
node 590 iteration 5
0 0
1 3
2 7
3 10
4 18
5 33
6 43
7 50
8 68
9 77
10 78
11 94
12 95
13 56
14 38
15 30
16 17
17 11
18 8
19 13
20 5
21 3
22 8
23 6
24 6
25 2
26 3
27 0
28 0
last timestep 28
node 590 iteration 6
0 0
1 4
2 3
3 1
4 1
5 3
6 5
7 6
8 12
9 20
10 37
11 43
12 58
13 59
14 81
15 92
16 76
17 79
18 77
19 60
20 43
21 30
22 19
23 15
24 9
25 3
26 2
27 0
28 0
last timestep 28
node 590 iteration 7
0 0
1 5
2 1
3 3
4 4
5 1
6 3
7 2
8 4
9 7
10 14
11 20
12 18
13 30
14 44
15 88
16 84
17 81
18 63
19 58
20 45
21 42
22 39
23 24
24 27
25 13
26 6
27 2
28 2
29 2
30 0
31 0
last timestep 31
node 590 iteration 8
0 0
1 2
2 0
3 0
last timestep 3
node 590 iteration 9
0 0
1 4
2 5
3 13
4 14
5 20
6 35
7 58
8 85
9 83
10 79
11 78
12 67
13 79
14 69
15 43
16 37
17 27
18 19
19 22
20 15
21 19
22 10
23 5
24 5
25 0
26 0
last timestep 26
