node 1319 iteration 0
0 0
1 0
2 0
last timestep 2
node 1319 iteration 1
0 0
1 2
2 9
3 20
4 22
5 36
6 67
7 100
8 96
9 104
10 99
11 84
12 56
13 31
14 48
15 18
16 10
17 2
18 1
19 2
20 2
21 2
22 0
23 0
last timestep 23
node 1319 iteration 2
0 0
1 1
2 0
3 0
last timestep 3
node 1319 iteration 3
0 0
1 2
2 5
3 5
4 6
5 4
6 7
7 13
8 20
9 36
10 46
11 50
12 49
13 61
14 80
15 82
16 59
17 50
18 54
19 54
20 41
21 33
22 17
23 6
24 5
25 5
26 2
27 1
28 0
29 0
last timestep 29
node 1319 iteration 4
0 0
1 0
2 0
last timestep 2
node 1319 iteration 5
0 0
1 5
2 2
3 6
4 11
5 26
6 37
7 52
8 65
9 70
10 94
11 90
12 107
13 95
14 63
15 32
16 21
17 15
18 9
19 6
20 1
21 4
22 2
23 4
24 3
25 0
26 0
last timestep 26
node 1319 iteration 6
0 0
1 2
2 4
3 11
4 12
5 30
6 32
7 51
8 64
9 75
10 90
11 86
12 86
13 86
14 69
15 63
16 52
17 35
18 24
19 7
20 5
21 4
22 2
23 1
24 0
25 0
last timestep 25
node 1319 iteration 7
0 0
1 1
2 1
3 2
4 5
5 0
6 0
last timestep 6
node 1319 iteration 8
0 0
1 2
2 3
3 2
4 4
5 8
6 6
7 3
8 10
9 13
10 9
11 8
12 3
13 2
14 4
15 6
16 4
17 13
18 36
19 48
20 79
21 81
22 85
23 102
24 77
25 77
26 50
27 45
28 24
29 20
30 9
31 7
32 4
33 1
34 0
35 0
last timestep 35
node 1319 iteration 9
0 0
1 1
2 1
3 1
4 0
5 0
last timestep 5
