node 1788 iteration 0
0 0
1 2
2 6
3 7
4 15
5 16
6 16
7 34
8 35
9 37
10 46
11 61
12 88
13 96
14 100
15 65
16 49
17 33
18 22
19 26
20 8
21 16
22 13
23 5
24 5
25 0
26 1
27 0
last timestep 27
node 1788 iteration 1
0 0
1 1
2 2
3 4
4 11
5 9
6 20
7 27
8 44
9 59
10 84
11 123
12 140
13 127
14 96
15 69
16 35
17 21
18 8
19 5
20 1
21 2
22 2
23 1
24 0
25 0
last timestep 25
node 1788 iteration 2
0 0
1 4
2 11
3 12
4 26
5 21
6 23
7 53
8 75
9 94
10 79
11 88
12 83
13 41
14 41
15 15
16 17
17 11
18 7
19 4
20 3
21 4
22 3
23 3
24 3
25 0
26 0
last timestep 26
node 1788 iteration 3
0 0
1 1
2 5
3 5
4 4
5 14
6 19
7 30
8 41
9 67
10 109
11 122
12 86
13 77
14 54
15 49
16 32
17 20
18 19
19 14
20 6
21 5
22 4
23 1
24 0
25 0
last timestep 25
node 1788 iteration 4
0 0
1 2
2 2
3 5
4 4
5 1
6 2
7 2
8 1
9 3
10 8
11 12
12 12
13 15
14 13
15 11
16 20
17 17
18 36
19 35
20 50
21 65
22 59
23 78
24 66
25 64
26 49
27 37
28 29
29 29
30 10
31 7
32 2
33 2
34 0
35 1
36 0
last timestep 36
node 1788 iteration 5
0 0
1 3
2 2
3 5
4 3
5 2
6 8
7 15
8 19
9 25
10 35
11 40
12 44
13 72
14 68
15 86
16 85
17 74
18 63
19 43
20 34
21 20
22 6
23 5
24 4
25 0
26 0
last timestep 26
node 1788 iteration 6
0 0
1 2
2 10
3 13
4 19
5 21
6 24
7 44
8 57
9 57
10 56
11 46
12 60
13 52
14 49
15 44
16 29
17 33
18 25
19 10
20 11
21 9
22 6
23 3
24 1
25 0
26 0
last timestep 26
node 1788 iteration 7
0 0
1 1
2 0
3 1
4 2
5 5
6 2
7 1
8 12
9 12
10 36
11 35
12 43
13 60
14 74
15 104
16 91
17 80
18 66
19 53
20 47
21 23
22 19
23 16
24 8
25 4
26 1
27 2
28 0
last timestep 28
node 1788 iteration 8
0 0
1 4
2 0
3 1
4 7
5 5
6 11
7 19
8 20
9 38
10 66
11 71
12 78
13 95
14 84
15 90
16 58
17 57
18 45
19 15
20 3
21 1
22 2
23 3
24 0
last timestep 24
node 1788 iteration 9
0 0
1 2
2 1
3 1
4 2
5 2
6 0
7 1
8 0
last timestep 8
