node 878 iteration 0
0 0
1 0
2 0
last timestep 2
node 878 iteration 1
0 0
1 2
2 1
3 1
4 1
5 0
6 0
last timestep 6
node 878 iteration 2
0 0
1 0
2 3
3 2
4 7
5 8
6 5
7 9
8 25
9 41
10 50
11 68
12 79
13 83
14 89
15 83
16 73
17 65
18 50
19 40
20 28
21 21
22 16
23 10
24 7
25 5
26 5
27 1
28 0
last timestep 28
node 878 iteration 3
0 0
1 2
2 2
3 1
4 3
5 9
6 17
7 12
8 17
9 15
10 27
11 26
12 38
13 44
14 53
15 59
16 69
17 74
18 77
19 81
20 71
21 73
22 43
23 23
24 16
25 16
26 13
27 3
28 6
29 2
30 0
31 0
last timestep 31
node 878 iteration 4
0 0
1 1
2 1
3 1
4 1
5 0
6 0
last timestep 6
node 878 iteration 5
0 0
1 2
2 5
3 14
4 27
5 29
6 45
7 82
8 112
9 114
10 106
11 97
12 83
13 57
14 35
15 22
16 15
17 15
18 9
19 9
20 6
21 1
22 1
23 0
24 0
last timestep 24
node 878 iteration 6
0 0
1 1
2 0
3 0
last timestep 3
node 878 iteration 7
0 0
1 2
2 1
3 0
4 0
last timestep 4
node 878 iteration 8
0 0
1 2
2 7
3 2
4 3
5 9
6 9
7 8
8 8
9 16
10 21
11 34
12 44
13 56
14 45
15 84
16 84
17 95
18 84
19 59
20 33
21 30
22 17
23 20
24 12
25 1
26 1
27 3
28 0
29 1
30 0
last timestep 30
node 878 iteration 9
0 0
1 2
2 6
3 17
4 28
5 35
6 82
7 104
8 113
9 113
10 83
11 71
12 60
13 26
14 23
15 15
16 7
17 2
18 0
19 0
last timestep 19
