node 1077 iteration 0
0 0
1 2
2 4
3 6
4 18
5 17
6 29
7 50
8 63
9 99
10 103
11 122
12 121
13 71
14 67
15 41
16 29
17 30
18 21
19 14
20 2
21 1
22 1
23 0
24 0
last timestep 24
node 1077 iteration 1
0 0
1 6
2 8
3 11
4 17
5 34
6 37
7 67
8 78
9 103
10 90
11 97
12 92
13 86
14 51
15 46
16 40
17 33
18 13
19 9
20 9
21 6
22 5
23 4
24 7
25 2
26 1
27 1
28 1
29 2
30 0
31 0
last timestep 31
node 1077 iteration 2
0 0
1 4
2 6
3 7
4 8
5 14
6 28
7 38
8 49
9 70
10 88
11 99
12 80
13 68
14 52
15 40
16 32
17 23
18 16
19 17
20 10
21 13
22 9
23 6
24 5
25 6
26 6
27 3
28 0
29 0
last timestep 29
node 1077 iteration 3
0 0
1 3
2 2
3 7
4 6
5 13
6 19
7 28
8 39
9 49
10 63
11 82
12 99
13 81
14 70
15 46
16 42
17 22
18 23
19 17
20 14
21 6
22 3
23 1
24 0
25 0
last timestep 25
node 1077 iteration 4
0 0
1 5
2 3
3 4
4 5
5 17
6 24
7 33
8 59
9 77
10 85
11 104
12 107
13 93
14 59
15 52
16 41
17 22
18 28
19 20
20 20
21 17
22 17
23 13
24 10
25 7
26 6
27 1
28 1
29 0
30 0
last timestep 30
node 1077 iteration 5
0 0
1 3
2 6
3 5
4 10
5 13
6 9
7 25
8 26
9 43
10 71
11 95
12 90
13 87
14 76
15 63
16 40
17 39
18 27
19 18
20 12
21 5
22 5
23 6
24 2
25 2
26 1
27 1
28 1
29 0
30 0
last timestep 30
node 1077 iteration 6
0 0
1 6
2 3
3 4
4 18
5 27
6 43
7 47
8 50
9 78
10 107
11 112
12 99
13 82
14 64
15 36
16 23
17 26
18 13
19 11
20 9
21 3
22 5
23 4
24 6
25 2
26 2
27 2
28 1
29 0
30 0
last timestep 30
node 1077 iteration 7
0 0
1 2
2 0
3 0
last timestep 3
node 1077 iteration 8
0 0
1 4
2 3
3 1
4 2
5 3
6 1
7 1
8 1
9 2
10 5
11 6
12 10
13 3
14 4
15 7
16 16
17 22
18 39
19 43
20 65
21 92
22 81
23 80
24 74
25 44
26 47
27 38
28 25
29 16
30 15
31 13
32 18
33 12
34 7
35 1
36 3
37 1
38 0
39 0
last timestep 39
node 1077 iteration 9
0 0
1 1
2 0
3 0
last timestep 3
