node 504 iteration 0
0 0
1 0
2 0
last timestep 2
node 504 iteration 1
0 0
1 2
2 2
3 1
4 1
5 1
6 2
7 1
8 0
9 0
last timestep 9
node 504 iteration 2
0 0
1 0
2 2
3 2
4 3
5 1
6 1
7 2
8 2
9 6
10 4
11 3
12 5
13 12
14 13
15 15
16 39
17 41
18 64
19 77
20 84
21 76
22 81
23 71
24 77
25 51
26 37
27 27
28 21
29 15
30 14
31 12
32 8
33 6
34 4
35 1
36 0
last timestep 36
node 504 iteration 3
0 0
1 0
2 0
last timestep 2
node 504 iteration 4
0 0
1 3
2 1
3 3
4 8
5 17
6 16
7 21
8 26
9 32
10 49
11 54
12 56
13 64
14 74
15 79
16 70
17 76
18 83
19 46
20 24
21 19
22 10
23 5
24 5
25 3
26 5
27 4
28 4
29 3
30 1
31 0
32 0
last timestep 32
node 504 iteration 5
0 0
1 1
2 0
3 0
last timestep 3
node 504 iteration 6
0 0
1 0
2 0
last timestep 2
node 504 iteration 7
0 0
1 1
2 3
3 5
4 20
5 39
6 50
7 75
8 92
9 90
10 84
11 89
12 68
13 72
14 56
15 42
16 27
17 12
18 9
19 7
20 2
21 2
22 1
23 0
24 0
last timestep 24
node 504 iteration 8
0 0
1 1
2 1
3 0
4 3
5 0
last timestep 5
node 504 iteration 9
0 0
1 1
2 2
3 3
4 5
5 8
6 18
7 15
8 22
9 24
10 52
11 64
12 78
13 104
14 94
15 104
16 67
17 50
18 33
19 36
20 35
21 15
22 12
23 10
24 8
25 5
26 3
27 5
28 3
29 0
30 0
last timestep 30
