node 1321 iteration 0
0 0
1 5
2 8
3 20
4 20
5 24
6 33
7 48
8 83
9 89
10 105
11 114
12 82
13 73
14 46
15 33
16 21
17 13
18 5
19 6
20 7
21 11
22 6
23 4
24 3
25 0
26 0
last timestep 26
node 1321 iteration 1
0 0
1 2
2 6
3 3
4 7
5 11
6 13
7 20
8 33
9 32
10 45
11 58
12 62
13 67
14 72
15 65
16 60
17 33
18 29
19 29
20 16
21 15
22 10
23 4
24 0
25 0
last timestep 25
node 1321 iteration 2
0 0
1 1
2 0
3 0
last timestep 3
node 1321 iteration 3
0 0
1 1
2 1
3 0
4 0
last timestep 4
node 1321 iteration 4
0 0
1 2
2 4
3 3
4 1
5 1
6 0
7 0
last timestep 7
node 1321 iteration 5
0 0
1 1
2 5
3 6
4 2
5 3
6 4
7 4
8 9
9 14
10 22
11 36
12 59
13 74
14 94
15 103
16 94
17 89
18 79
19 56
20 35
21 14
22 9
23 9
24 6
25 5
26 4
27 0
28 0
last timestep 28
node 1321 iteration 6
0 0
1 2
2 6
3 15
4 32
5 39
6 45
7 39
8 65
9 77
10 55
11 59
12 72
13 48
14 43
15 37
16 23
17 26
18 14
19 6
20 8
21 4
22 2
23 1
24 2
25 0
26 0
last timestep 26
node 1321 iteration 7
0 0
1 3
2 14
3 9
4 23
5 25
6 33
7 61
8 76
9 102
10 86
11 59
12 68
13 38
14 44
15 35
16 16
17 13
18 17
19 9
20 16
21 13
22 3
23 2
24 2
25 2
26 1
27 0
28 0
last timestep 28
node 1321 iteration 8
0 0
1 2
2 6
3 8
4 15
5 18
6 19
7 52
8 56
9 59
10 78
11 77
12 85
13 77
14 62
15 49
16 28
17 13
18 22
19 23
20 18
21 14
22 11
23 7
24 2
25 3
26 3
27 2
28 0
29 0
last timestep 29
node 1321 iteration 9
0 0
1 1
2 2
3 1
4 3
5 9
6 12
7 14
8 31
9 34
10 55
11 56
12 77
13 82
14 75
15 70
16 59
17 52
18 45
19 25
20 23
21 24
22 10
23 5
24 5
25 2
26 1
27 0
28 0
last timestep 28
