node 230 iteration 0
0 0
1 5
2 17
3 35
4 40
5 47
6 57
7 101
8 94
9 95
10 107
11 75
12 65
13 61
14 40
15 35
16 23
17 10
18 6
19 4
20 0
21 0
last timestep 21
node 230 iteration 1
0 0
1 2
2 6
3 4
4 11
5 13
6 30
7 26
8 33
9 51
10 56
11 83
12 100
13 110
14 89
15 71
16 63
17 27
18 25
19 16
20 13
21 10
22 4
23 2
24 2
25 3
26 4
27 4
28 0
29 1
30 0
last timestep 30
node 230 iteration 2
0 0
1 1
2 10
3 11
4 16
5 28
6 37
7 50
8 70
9 71
10 96
11 102
12 76
13 69
14 53
15 30
16 19
17 18
18 6
19 6
20 1
21 3
22 5
23 2
24 1
25 0
26 0
last timestep 26
node 230 iteration 3
0 0
1 3
2 5
3 8
4 11
5 17
6 16
7 29
8 44
9 64
10 74
11 71
12 72
13 73
14 77
15 60
16 58
17 39
18 36
19 20
20 9
21 12
22 10
23 3
24 1
25 0
26 0
last timestep 26
node 230 iteration 4
0 0
1 1
2 0
3 0
last timestep 3
node 230 iteration 5
0 0
1 2
2 2
3 2
4 4
5 5
6 9
7 11
8 13
9 24
10 45
11 75
12 97
13 129
14 115
15 115
16 96
17 62
18 38
19 26
20 11
21 10
22 3
23 4
24 0
25 0
last timestep 25
node 230 iteration 6
0 0
1 5
2 6
3 6
4 7
5 17
6 21
7 28
8 36
9 46
10 78
11 78
12 107
13 87
14 66
15 48
16 37
17 22
18 8
19 6
20 7
21 7
22 5
23 3
24 0
25 0
last timestep 25
node 230 iteration 7
0 0
1 1
2 1
3 4
4 5
5 5
6 11
7 7
8 5
9 5
10 15
11 8
12 14
13 18
14 28
15 28
16 49
17 60
18 71
19 94
20 93
21 64
22 49
23 34
24 27
25 13
26 7
27 4
28 1
29 2
30 1
31 1
32 0
33 0
last timestep 33
node 230 iteration 8
0 0
1 0
2 0
last timestep 2
node 230 iteration 9
0 0
1 1
2 0
3 1
4 0
last timestep 4
