node 2285 iteration 0
0 0
1 1
2 1
3 1
4 0
5 0
last timestep 5
node 2285 iteration 1
0 0
1 1
2 0
3 0
last timestep 3
node 2285 iteration 2
0 0
1 1
2 0
3 0
last timestep 3
node 2285 iteration 3
0 0
1 0
2 1
3 0
last timestep 3
node 2285 iteration 4
0 0
1 1
2 3
3 5
4 6
5 13
6 18
7 16
8 19
9 31
10 29
11 31
12 44
13 43
14 45
15 47
16 55
17 46
18 36
19 32
20 18
21 16
22 20
23 18
24 19
25 11
26 8
27 3
28 2
29 2
30 2
31 1
32 2
33 1
34 0
35 0
last timestep 35
node 2285 iteration 5
0 0
1 0
2 2
3 2
4 5
5 3
6 5
7 13
8 11
9 26
10 34
11 39
12 74
13 73
14 77
15 69
16 75
17 52
18 40
19 24
20 13
21 10
22 8
23 16
24 11
25 11
26 10
27 5
28 3
29 8
30 2
31 1
32 0
last timestep 32
node 2285 iteration 6
0 0
1 1
2 4
3 7
4 4
5 3
6 10
7 17
8 19
9 21
10 12
11 15
12 15
13 20
14 15
15 12
16 28
17 35
18 29
19 51
20 59
21 65
22 62
23 54
24 41
25 26
26 34
27 20
28 12
29 9
30 4
31 4
32 0
33 0
last timestep 33
node 2285 iteration 7
0 0
1 0
2 1
3 2
4 6
5 5
6 5
7 16
8 25
9 30
10 55
11 97
12 99
13 106
14 107
15 81
16 47
17 31
18 40
19 27
20 25
21 19
22 8
23 8
24 6
25 4
26 1
27 0
last timestep 27
node 2285 iteration 8
0 0
1 3
2 3
3 3
4 3
5 2
6 3
7 3
8 3
9 6
10 5
11 16
12 19
13 32
14 60
15 60
16 78
17 83
18 60
19 66
20 70
21 63
22 38
23 33
24 26
25 22
26 14
27 1
28 2
29 1
30 0
31 0
last timestep 31
node 2285 iteration 9
0 0
1 1
2 0
3 0
last timestep 3
