node 1342 iteration 0
0 0
1 1
2 3
3 3
4 2
5 1
6 0
7 0
last timestep 7
node 1342 iteration 1
0 0
1 2
2 5
3 8
4 15
5 12
6 17
7 32
8 56
9 64
10 76
11 115
12 103
13 143
14 100
15 69
16 50
17 42
18 17
19 11
20 4
21 7
22 4
23 3
24 1
25 0
26 0
last timestep 26
node 1342 iteration 2
0 0
1 5
2 5
3 8
4 21
5 23
6 24
7 39
8 51
9 69
10 81
11 75
12 76
13 76
14 50
15 37
16 21
17 20
18 10
19 9
20 7
21 6
22 6
23 0
24 0
last timestep 24
node 1342 iteration 3
0 0
1 1
2 1
3 0
4 0
last timestep 4
node 1342 iteration 4
0 0
1 2
2 3
3 6
4 9
5 13
6 25
7 38
8 45
9 70
10 76
11 89
12 85
13 83
14 75
15 67
16 50
17 32
18 23
19 10
20 13
21 17
22 13
23 20
24 29
25 11
26 3
27 4
28 1
29 0
30 0
last timestep 30
node 1342 iteration 5
0 0
1 3
2 3
3 3
4 0
5 0
last timestep 5
node 1342 iteration 6
0 0
1 1
2 0
3 0
last timestep 3
node 1342 iteration 7
0 0
1 0
2 1
3 1
4 0
last timestep 4
node 1342 iteration 8
0 0
1 2
2 7
3 6
4 7
5 10
6 21
7 24
8 18
9 37
10 55
11 81
12 85
13 76
14 71
15 57
16 39
17 31
18 28
19 23
20 15
21 12
22 8
23 7
24 2
25 1
26 0
27 0
last timestep 27
node 1342 iteration 9
0 0
1 1
2 3
3 9
4 24
5 23
6 43
7 65
8 102
9 100
10 89
11 88
12 69
13 67
14 46
15 32
16 16
17 17
18 10
19 5
20 6
21 5
22 9
23 7
24 3
25 1
26 1
27 0
28 0
last timestep 28
