node 945 iteration 0
0 0
1 3
2 16
3 28
4 45
5 59
6 46
7 71
8 81
9 92
10 71
11 53
12 57
13 64
14 52
15 38
16 23
17 9
18 10
19 6
20 1
21 0
22 0
last timestep 22
node 945 iteration 1
0 0
1 2
2 5
3 4
4 12
5 17
6 26
7 44
8 69
9 86
10 106
11 94
12 92
13 89
14 61
15 53
16 25
17 24
18 13
19 10
20 7
21 3
22 1
23 0
24 0
last timestep 24
node 945 iteration 2
0 0
1 3
2 6
3 12
4 10
5 21
6 42
7 58
8 65
9 88
10 120
11 106
12 96
13 48
14 23
15 22
16 18
17 22
18 15
19 9
20 11
21 4
22 6
23 1
24 0
25 0
last timestep 25
node 945 iteration 3
0 0
1 2
2 5
3 21
4 32
5 41
6 56
7 72
8 94
9 103
10 99
11 81
12 60
13 34
14 31
15 19
16 16
17 14
18 14
19 7
20 7
21 7
22 8
23 12
24 4
25 4
26 0
27 0
last timestep 27
node 945 iteration 4
0 0
1 4
2 7
3 10
4 16
5 11
6 18
7 25
8 30
9 48
10 47
11 56
12 95
13 87
14 96
15 102
16 83
17 58
18 46
19 28
20 22
21 11
22 10
23 2
24 1
25 1
26 2
27 2
28 3
29 3
30 3
31 3
32 5
33 4
34 3
35 1
36 2
37 1
38 1
39 0
40 0
last timestep 40
node 945 iteration 5
0 0
1 2
2 2
3 2
4 1
5 1
6 0
7 0
last timestep 7
node 945 iteration 6
0 0
1 4
2 16
3 30
4 49
5 63
6 109
7 116
8 128
9 93
10 64
11 38
12 27
13 15
14 8
15 9
16 2
17 1
18 0
19 0
last timestep 19
node 945 iteration 7
0 0
1 4
2 11
3 12
4 11
5 8
6 20
7 24
8 30
9 43
10 63
11 78
12 82
13 79
14 75
15 67
16 48
17 46
18 25
19 17
20 12
21 7
22 6
23 9
24 3
25 2
26 2
27 1
28 2
29 1
30 0
31 0
last timestep 31
node 945 iteration 8
0 0
1 2
2 3
3 5
4 4
5 9
6 9
7 12
8 21
9 37
10 40
11 43
12 57
13 56
14 66
15 69
16 58
17 31
18 25
19 21
20 27
21 23
22 14
23 11
24 8
25 8
26 8
27 9
28 2
29 6
30 2
31 0
32 3
33 2
34 2
35 5
36 1
37 1
38 3
39 0
last timestep 39
node 945 iteration 9
0 0
1 1
2 2
3 0
4 0
last timestep 4
