node 573 iteration 0
0 0
1 0
2 0
last timestep 2
node 573 iteration 1
0 0
1 2
2 4
3 5
4 5
5 15
6 13
7 19
8 37
9 65
10 92
11 124
12 105
13 109
14 86
15 60
16 44
17 30
18 17
19 8
20 7
21 4
22 2
23 3
24 0
25 0
last timestep 25
node 573 iteration 2
0 0
1 5
2 10
3 12
4 32
5 44
6 71
7 65
8 93
9 94
10 96
11 78
12 71
13 57
14 28
15 23
16 27
17 12
18 3
19 2
20 2
21 0
22 0
last timestep 22
node 573 iteration 3
0 0
1 3
2 4
3 3
4 8
5 9
6 36
7 46
8 55
9 82
10 78
11 98
12 112
13 87
14 58
15 49
16 39
17 34
18 14
19 17
20 11
21 17
22 8
23 4
24 2
25 1
26 0
27 0
last timestep 27
node 573 iteration 4
0 0
1 2
2 0
3 0
last timestep 3
node 573 iteration 5
0 0
1 3
2 7
3 22
4 29
5 47
6 72
7 73
8 108
9 102
10 97
11 84
12 63
13 38
14 19
15 6
16 4
17 2
18 3
19 3
20 1
21 0
22 0
last timestep 22
node 573 iteration 6
0 0
1 2
2 12
3 13
4 37
5 46
6 62
7 83
8 84
9 98
10 96
11 85
12 70
13 55
14 37
15 32
16 12
17 3
18 2
19 0
20 0
last timestep 20
node 573 iteration 7
0 0
1 2
2 12
3 15
4 18
5 38
6 60
7 90
8 98
9 112
10 72
11 67
12 39
13 35
14 28
15 17
16 18
17 12
18 4
19 3
20 0
21 0
last timestep 21
node 573 iteration 8
0 0
1 1
2 0
3 0
last timestep 3
node 573 iteration 9
0 0
1 4
2 13
3 21
4 39
5 45
6 66
7 85
8 102
9 113
10 91
11 65
12 75
13 40
14 25
15 18
16 16
17 12
18 8
19 6
20 6
21 5
22 1
23 1
24 1
25 0
26 0
last timestep 26
