node 615 iteration 0
0 0
1 2
2 13
3 15
4 21
5 28
6 32
7 31
8 43
9 55
10 39
11 58
12 72
13 75
14 60
15 43
16 34
17 19
18 34
19 20
20 8
21 2
22 0
23 2
24 1
25 2
26 0
last timestep 26
node 615 iteration 1
0 0
1 2
2 3
3 17
4 18
5 21
6 33
7 56
8 75
9 83
10 90
11 77
12 82
13 71
14 53
15 48
16 26
17 24
18 13
19 20
20 16
21 8
22 5
23 1
24 1
25 4
26 4
27 1
28 1
29 1
30 0
31 0
last timestep 31
node 615 iteration 2
0 0
1 5
2 5
3 7
4 8
5 17
6 22
7 27
8 28
9 60
10 59
11 60
12 65
13 62
14 53
15 61
16 59
17 67
18 48
19 21
20 10
21 7
22 5
23 3
24 0
25 3
26 1
27 0
last timestep 27
node 615 iteration 3
0 0
1 2
2 4
3 6
4 7
5 2
6 3
7 2
8 3
9 9
10 8
11 9
12 8
13 11
14 16
15 26
16 45
17 58
18 71
19 77
20 77
21 74
22 51
23 43
24 26
25 25
26 20
27 12
28 7
29 10
30 4
31 4
32 1
33 3
34 5
35 3
36 4
37 15
38 7
39 3
40 4
41 4
42 3
43 1
44 1
45 0
46 0
last timestep 46
node 615 iteration 4
0 0
1 3
2 0
3 3
4 6
5 13
6 15
7 32
8 36
9 40
10 34
11 56
12 50
13 60
14 51
15 44
16 42
17 44
18 32
19 26
20 26
21 13
22 5
23 2
24 2
25 2
26 3
27 5
28 6
29 6
30 4
31 2
32 4
33 0
last timestep 33
node 615 iteration 5
0 0
1 2
2 2
3 1
4 1
5 8
6 6
7 22
8 26
9 35
10 57
11 71
12 77
13 78
14 86
15 65
16 59
17 46
18 34
19 19
20 19
21 15
22 7
23 4
24 10
25 6
26 5
27 2
28 0
29 0
last timestep 29
node 615 iteration 6
0 0
1 2
2 1
3 1
4 0
5 0
last timestep 5
node 615 iteration 7
0 0
1 0
2 0
last timestep 2
node 615 iteration 8
0 0
1 2
2 3
3 5
4 8
5 23
6 31
7 38
8 41
9 53
10 57
11 65
12 86
13 66
14 57
15 53
16 48
17 47
18 36
19 17
20 14
21 18
22 11
23 9
24 9
25 8
26 3
27 2
28 0
29 1
30 0
last timestep 30
node 615 iteration 9
0 0
1 1
2 0
3 0
last timestep 3
