node 237 iteration 0
0 0
1 1
2 2
3 1
4 4
5 2
6 3
7 4
8 7
9 23
10 21
11 35
12 51
13 75
14 75
15 105
16 88
17 102
18 85
19 64
20 34
21 32
22 24
23 17
24 13
25 7
26 8
27 2
28 2
29 2
30 3
31 6
32 5
33 1
34 1
35 0
36 0
last timestep 36
node 237 iteration 1
0 0
1 2
2 1
3 2
4 3
5 5
6 4
7 4
8 5
9 8
10 18
11 31
12 36
13 59
14 80
15 100
16 86
17 80
18 82
19 42
20 32
21 17
22 12
23 5
24 1
25 1
26 1
27 0
28 0
last timestep 28
node 237 iteration 2
0 0
1 1
2 3
3 5
4 10
5 9
6 10
7 22
8 28
9 52
10 51
11 81
12 80
13 103
14 95
15 72
16 56
17 50
18 32
19 31
20 16
21 20
22 11
23 8
24 4
25 6
26 1
27 0
28 0
last timestep 28
node 237 iteration 3
0 0
1 1
2 1
3 0
4 0
last timestep 4
node 237 iteration 4
0 0
1 1
2 0
3 2
4 11
5 11
6 24
7 38
8 38
9 55
10 68
11 90
12 83
13 85
14 71
15 50
16 37
17 35
18 14
19 3
20 0
last timestep 20
node 237 iteration 5
0 0
1 1
2 0
3 0
last timestep 3
node 237 iteration 6
0 0
1 0
2 0
last timestep 2
node 237 iteration 7
0 0
1 2
2 3
3 1
4 1
5 1
6 3
7 2
8 0
9 0
last timestep 9
node 237 iteration 8
0 0
1 3
2 3
3 1
4 6
5 13
6 5
7 9
8 8
9 9
10 16
11 17
12 14
13 16
14 30
15 43
16 61
17 70
18 67
19 90
20 83
21 70
22 55
23 35
24 22
25 21
26 18
27 15
28 9
29 9
30 4
31 4
32 0
33 0
last timestep 33
node 237 iteration 9
0 0
1 1
2 1
3 2
4 2
5 2
6 5
7 11
8 9
9 8
10 5
11 8
12 11
13 25
14 45
15 54
16 67
17 81
18 61
19 71
20 72
21 55
22 38
23 24
24 26
25 18
26 11
27 6
28 5
29 6
30 5
31 2
32 1
33 0
34 0
last timestep 34
