node 1019 iteration 0
0 0
1 6
2 8
3 17
4 20
5 32
6 29
7 45
8 62
9 76
10 92
11 90
12 88
13 85
14 68
15 52
16 37
17 23
18 20
19 5
20 3
21 1
22 1
23 0
24 1
25 0
last timestep 25
node 1019 iteration 1
0 0
1 9
2 7
3 9
4 14
5 14
6 16
7 15
8 19
9 20
10 27
11 27
12 30
13 39
14 60
15 73
16 83
17 83
18 80
19 60
20 57
21 42
22 24
23 10
24 6
25 5
26 4
27 4
28 2
29 2
30 3
31 4
32 3
33 3
34 2
35 0
36 0
last timestep 36
node 1019 iteration 2
0 0
1 11
2 22
3 39
4 51
5 71
6 77
7 79
8 79
9 89
10 67
11 57
12 56
13 38
14 28
15 14
16 24
17 18
18 8
19 6
20 0
21 1
22 1
23 0
last timestep 23
node 1019 iteration 3
0 0
1 4
2 10
3 21
4 19
5 17
6 53
7 75
8 94
9 102
10 104
11 89
12 75
13 56
14 44
15 22
16 11
17 10
18 1
19 1
20 3
21 1
22 0
23 0
last timestep 23
node 1019 iteration 4
0 0
1 13
2 14
3 23
4 29
5 43
6 75
7 84
8 97
9 99
10 107
11 93
12 75
13 50
14 21
15 6
16 2
17 0
18 0
last timestep 18
node 1019 iteration 5
0 0
1 9
2 8
3 11
4 33
5 50
6 52
7 62
8 50
9 58
10 55
11 68
12 59
13 54
14 38
15 38
16 33
17 29
18 6
19 12
20 10
21 1
22 3
23 1
24 0
25 0
last timestep 25
node 1019 iteration 6
0 0
1 5
2 0
3 1
4 0
last timestep 4
node 1019 iteration 7
0 0
1 7
2 8
3 22
4 31
5 42
6 60
7 81
8 97
9 100
10 96
11 72
12 56
13 48
14 39
15 20
16 19
17 11
18 12
19 12
20 7
21 4
22 3
23 0
24 0
last timestep 24
node 1019 iteration 8
0 0
1 7
2 11
3 13
4 25
5 28
6 41
7 60
8 87
9 84
10 84
11 67
12 60
13 41
14 34
15 21
16 12
17 8
18 6
19 4
20 4
21 2
22 4
23 5
24 4
25 6
26 2
27 1
28 2
29 0
30 0
last timestep 30
node 1019 iteration 9
0 0
1 5
2 7
3 12
4 11
5 9
6 10
7 11
8 19
9 22
10 25
11 21
12 40
13 43
14 66
15 74
16 67
17 65
18 65
19 47
20 50
21 49
22 35
23 24
24 11
25 5
26 5
27 4
28 1
29 0
30 0
last timestep 30
