node 1277 iteration 0
0 0
1 3
2 0
3 0
last timestep 3
node 1277 iteration 1
0 0
1 2
2 2
3 4
4 4
5 8
6 14
7 35
8 24
9 36
10 49
11 55
12 54
13 58
14 53
15 61
16 75
17 67
18 59
19 38
20 30
21 18
22 11
23 7
24 1
25 0
26 0
last timestep 26
node 1277 iteration 2
0 0
1 1
2 5
3 8
4 11
5 22
6 33
7 42
8 69
9 79
10 110
11 114
12 101
13 73
14 61
15 40
16 23
17 13
18 16
19 11
20 2
21 2
22 0
23 1
24 0
last timestep 24
node 1277 iteration 3
0 0
1 2
2 2
3 5
4 8
5 7
6 12
7 15
8 27
9 33
10 60
11 65
12 63
13 66
14 76
15 65
16 59
17 52
18 35
19 31
20 22
21 17
22 11
23 9
24 3
25 1
26 2
27 3
28 1
29 0
30 0
last timestep 30
node 1277 iteration 4
0 0
1 1
2 0
3 0
last timestep 3
node 1277 iteration 5
0 0
1 4
2 8
3 4
4 2
5 4
6 11
7 11
8 19
9 34
10 48
11 67
12 61
13 83
14 103
15 100
16 78
17 60
18 49
19 33
20 30
21 29
22 13
23 16
24 6
25 5
26 2
27 0
28 0
last timestep 28
node 1277 iteration 6
0 0
1 0
2 0
last timestep 2
node 1277 iteration 7
0 0
1 4
2 4
3 11
4 15
5 15
6 23
7 23
8 19
9 23
10 33
11 40
12 38
13 43
14 56
15 54
16 59
17 51
18 40
19 32
20 18
21 13
22 7
23 6
24 8
25 3
26 2
27 0
28 0
last timestep 28
node 1277 iteration 8
0 0
1 3
2 3
3 1
4 0
5 4
6 4
7 3
8 9
9 16
10 30
11 42
12 76
13 114
14 117
15 143
16 108
17 70
18 58
19 45
20 26
21 16
22 9
23 6
24 2
25 3
26 1
27 0
last timestep 27
node 1277 iteration 9
0 0
1 4
2 8
3 12
4 18
5 33
6 45
7 60
8 63
9 101
10 80
11 81
12 66
13 48
14 31
15 23
16 22
17 15
18 16
19 9
20 10
21 7
22 5
23 3
24 1
25 4
26 3
27 3
28 1
29 0
30 0
last timestep 30
