node 587 iteration 0
0 0
1 2
2 2
3 2
4 3
5 10
6 23
7 41
8 75
9 97
10 95
11 105
12 69
13 81
14 66
15 53
16 43
17 38
18 23
19 14
20 9
21 7
22 0
23 1
24 1
25 0
last timestep 25
node 587 iteration 1
0 0
1 2
2 4
3 2
4 13
5 16
6 28
7 35
8 40
9 51
10 59
11 66
12 63
13 58
14 74
15 68
16 59
17 40
18 35
19 27
20 22
21 13
22 16
23 6
24 14
25 7
26 5
27 2
28 2
29 0
30 0
last timestep 30
node 587 iteration 2
0 0
1 4
2 5
3 17
4 26
5 68
6 90
7 94
8 104
9 85
10 92
11 90
12 87
13 75
14 32
15 12
16 5
17 5
18 1
19 2
20 1
21 1
22 0
23 0
last timestep 23
node 587 iteration 3
0 0
1 3
2 6
3 7
4 12
5 17
6 40
7 31
8 48
9 71
10 95
11 97
12 101
13 88
14 59
15 38
16 40
17 21
18 18
19 18
20 10
21 9
22 4
23 3
24 0
25 1
26 1
27 0
last timestep 27
node 587 iteration 4
0 0
1 1
2 0
3 0
last timestep 3
node 587 iteration 5
0 0
1 3
2 8
3 13
4 15
5 14
6 6
7 3
8 8
9 14
10 35
11 37
12 38
13 42
14 33
15 46
16 63
17 48
18 55
19 50
20 27
21 26
22 19
23 12
24 7
25 5
26 4
27 2
28 2
29 1
30 0
31 0
last timestep 31
node 587 iteration 6
0 0
1 0
2 0
last timestep 2
node 587 iteration 7
0 0
1 2
2 1
3 3
4 10
5 8
6 14
7 17
8 18
9 21
10 23
11 26
12 34
13 35
14 47
15 59
16 88
17 102
18 74
19 55
20 53
21 33
22 22
23 17
24 15
25 13
26 10
27 6
28 6
29 2
30 3
31 0
32 0
last timestep 32
node 587 iteration 8
0 0
1 3
2 7
3 20
4 19
5 25
6 50
7 65
8 72
9 89
10 87
11 88
12 70
13 51
14 59
15 48
16 39
17 34
18 14
19 15
20 10
21 5
22 1
23 1
24 0
25 0
last timestep 25
node 587 iteration 9
0 0
1 1
2 2
3 5
4 6
5 11
6 26
7 30
8 59
9 77
10 85
11 75
12 86
13 70
14 58
15 62
16 44
17 25
18 13
19 9
20 6
21 3
22 1
23 0
24 0
last timestep 24
