node 1667 iteration 0
0 0
1 1
2 0
3 0
last timestep 3
node 1667 iteration 1
0 0
1 3
2 5
3 1
4 0
5 0
last timestep 5
node 1667 iteration 2
0 0
1 0
2 0
last timestep 2
node 1667 iteration 3
0 0
1 2
2 9
3 21
4 13
5 21
6 42
7 54
8 80
9 104
10 101
11 113
12 113
13 76
14 48
15 35
16 26
17 19
18 20
19 10
20 4
21 3
22 1
23 0
24 0
last timestep 24
node 1667 iteration 4
0 0
1 2
2 2
3 1
4 1
5 0
6 0
last timestep 6
node 1667 iteration 5
0 0
1 2
2 3
3 1
4 10
5 13
6 16
7 18
8 24
9 22
10 35
11 38
12 42
13 60
14 74
15 69
16 64
17 62
18 57
19 32
20 28
21 21
22 22
23 15
24 12
25 7
26 5
27 2
28 1
29 2
30 0
31 0
last timestep 31
node 1667 iteration 6
0 0
1 0
2 0
last timestep 2
node 1667 iteration 7
0 0
1 0
2 0
last timestep 2
node 1667 iteration 8
0 0
1 0
2 1
3 9
4 10
5 25
6 34
7 45
8 67
9 103
10 123
11 104
12 92
13 68
14 50
15 37
16 23
17 19
18 12
19 13
20 5
21 5
22 0
last timestep 22
node 1667 iteration 9
0 0
1 2
2 2
3 1
4 3
5 13
6 18
7 29
8 22
9 42
10 37
11 52
12 75
13 76
14 72
15 72
16 70
17 69
18 32
19 41
20 34
21 27
22 14
23 15
24 14
25 7
26 2
27 2
28 2
29 0
30 0
last timestep 30
