node 568 iteration 0
0 0
1 5
2 16
3 31
4 65
5 79
6 112
7 101
8 98
9 91
10 72
11 61
12 56
13 43
14 29
15 14
16 10
17 3
18 1
19 0
20 1
21 0
last timestep 21
node 568 iteration 1
0 0
1 2
2 6
3 9
4 23
5 46
6 64
7 83
8 80
9 95
10 105
11 102
12 83
13 55
14 37
15 18
16 17
17 7
18 5
19 1
20 1
21 1
22 0
23 0
last timestep 23
node 568 iteration 2
0 0
1 4
2 2
3 2
4 5
5 12
6 20
7 29
8 42
9 59
10 86
11 96
12 118
13 101
14 90
15 77
16 38
17 28
18 19
19 21
20 10
21 4
22 2
23 7
24 1
25 4
26 2
27 0
28 0
last timestep 28
node 568 iteration 3
0 0
1 0
2 1
3 1
4 1
5 0
last timestep 5
node 568 iteration 4
0 0
1 3
2 4
3 4
4 7
5 14
6 27
7 59
8 60
9 72
10 72
11 62
12 84
13 76
14 66
15 50
16 36
17 28
18 18
19 18
20 5
21 5
22 1
23 0
24 0
last timestep 24
node 568 iteration 5
0 0
1 2
2 2
3 2
4 7
5 7
6 15
7 20
8 33
9 41
10 73
11 91
12 99
13 109
14 93
15 84
16 53
17 52
18 33
19 18
20 8
21 12
22 5
23 1
24 2
25 1
26 2
27 0
28 0
last timestep 28
node 568 iteration 6
0 0
1 2
2 3
3 5
4 10
5 15
6 32
7 34
8 44
9 43
10 68
11 69
12 77
13 90
14 68
15 63
16 45
17 28
18 26
19 8
20 8
21 11
22 8
23 4
24 2
25 1
26 2
27 0
28 0
last timestep 28
node 568 iteration 7
0 0
1 3
2 1
3 2
4 5
5 4
6 4
7 6
8 5
9 4
10 6
11 9
12 7
13 12
14 31
15 40
16 60
17 54
18 78
19 92
20 88
21 81
22 58
23 33
24 20
25 15
26 13
27 9
28 3
29 1
30 0
31 0
last timestep 31
node 568 iteration 8
0 0
1 0
2 0
last timestep 2
node 568 iteration 9
0 0
1 1
2 2
3 1
4 0
5 1
6 6
7 2
8 6
9 9
10 12
11 13
12 18
13 37
14 65
15 96
16 102
17 100
18 77
19 61
20 41
21 34
22 25
23 23
24 18
25 8
26 5
27 4
28 3
29 2
30 1
31 0
last timestep 31
