node 1425 iteration 0
0 0
1 3
2 3
3 3
4 9
5 11
6 12
7 26
8 38
9 44
10 58
11 86
12 93
13 117
14 114
15 81
16 57
17 38
18 36
19 30
20 9
21 7
22 4
23 1
24 0
25 0
last timestep 25
node 1425 iteration 1
0 0
1 1
2 1
3 1
4 0
5 0
last timestep 5
node 1425 iteration 2
0 0
1 2
2 0
3 0
last timestep 3
node 1425 iteration 3
0 0
1 2
2 7
3 5
4 5
5 13
6 43
7 70
8 58
9 76
10 98
11 97
12 92
13 76
14 47
15 40
16 34
17 25
18 7
19 17
20 12
21 7
22 7
23 3
24 2
25 1
26 0
27 0
last timestep 27
node 1425 iteration 4
0 0
1 2
2 2
3 3
4 5
5 4
6 15
7 9
8 13
9 17
10 29
11 30
12 48
13 48
14 76
15 112
16 109
17 86
18 75
19 42
20 37
21 22
22 10
23 5
24 2
25 1
26 1
27 1
28 1
29 0
30 0
last timestep 30
node 1425 iteration 5
0 0
1 5
2 22
3 33
4 37
5 67
6 64
7 80
8 83
9 81
10 66
11 82
12 54
13 31
14 17
15 6
16 4
17 3
18 1
19 2
20 1
21 2
22 0
23 0
last timestep 23
node 1425 iteration 6
0 0
1 1
2 2
3 1
4 2
5 3
6 3
7 4
8 7
9 9
10 21
11 30
12 45
13 64
14 91
15 96
16 98
17 93
18 92
19 59
20 38
21 24
22 13
23 8
24 5
25 2
26 2
27 1
28 0
29 0
last timestep 29
node 1425 iteration 7
0 0
1 0
2 0
last timestep 2
node 1425 iteration 8
0 0
1 4
2 3
3 3
4 4
5 7
6 14
7 23
8 26
9 65
10 82
11 92
12 69
13 72
14 73
15 56
16 39
17 38
18 28
19 23
20 17
21 24
22 12
23 4
24 5
25 1
26 0
27 0
last timestep 27
node 1425 iteration 9
0 0
1 0
2 0
last timestep 2
