node 2167 iteration 0
0 0
1 1
2 3
3 6
4 3
5 4
6 5
7 7
8 9
9 23
10 45
11 47
12 86
13 62
14 73
15 77
16 67
17 60
18 37
19 38
20 28
21 13
22 14
23 17
24 7
25 9
26 7
27 3
28 4
29 4
30 2
31 4
32 4
33 0
34 0
last timestep 34
node 2167 iteration 1
0 0
1 5
2 2
3 3
4 10
5 8
6 11
7 20
8 31
9 47
10 56
11 87
12 92
13 58
14 87
15 53
16 47
17 34
18 36
19 18
20 11
21 12
22 4
23 3
24 1
25 1
26 1
27 2
28 1
29 0
30 0
last timestep 30
node 2167 iteration 2
0 0
1 3
2 7
3 5
4 20
5 20
6 24
7 50
8 76
9 88
10 65
11 58
12 83
13 68
14 69
15 58
16 38
17 28
18 12
19 14
20 2
21 7
22 6
23 8
24 6
25 0
26 0
last timestep 26
node 2167 iteration 3
0 0
1 1
2 0
3 0
last timestep 3
node 2167 iteration 4
0 0
1 3
2 7
3 4
4 3
5 6
6 5
7 8
8 9
9 14
10 26
11 44
12 55
13 80
14 84
15 98
16 101
17 84
18 67
19 40
20 37
21 29
22 18
23 12
24 5
25 1
26 0
27 0
last timestep 27
node 2167 iteration 5
0 0
1 2
2 0
3 0
last timestep 3
node 2167 iteration 6
0 0
1 2
2 1
3 0
4 0
last timestep 4
node 2167 iteration 7
0 0
1 2
2 5
3 9
4 16
5 23
6 27
7 29
8 53
9 70
10 81
11 97
12 91
13 81
14 46
15 38
16 15
17 7
18 11
19 12
20 9
21 6
22 3
23 2
24 4
25 0
26 0
last timestep 26
node 2167 iteration 8
0 0
1 3
2 7
3 9
4 14
5 16
6 41
7 57
8 79
9 79
10 92
11 108
12 97
13 77
14 61
15 46
16 18
17 14
18 18
19 11
20 11
21 7
22 4
23 2
24 1
25 0
26 0
last timestep 26
node 2167 iteration 9
0 0
1 5
2 8
3 15
4 19
5 28
6 42
7 45
8 69
9 82
10 98
11 94
12 99
13 80
14 62
15 36
16 20
17 17
18 18
19 5
20 1
21 1
22 0
23 0
last timestep 23
