node 627 iteration 0
0 0
1 1
2 0
3 0
last timestep 3
node 627 iteration 1
0 0
1 1
2 0
3 0
last timestep 3
node 627 iteration 2
0 0
1 1
2 0
3 0
last timestep 3
node 627 iteration 3
0 0
1 3
2 4
3 3
4 2
5 2
6 2
7 2
8 7
9 2
10 2
11 4
12 8
13 18
14 18
15 21
16 36
17 52
18 51
19 69
20 86
21 80
22 84
23 64
24 60
25 40
26 27
27 26
28 18
29 12
30 5
31 0
32 1
33 4
34 0
last timestep 34
node 627 iteration 4
0 0
1 2
2 9
3 14
4 10
5 18
6 30
7 67
8 90
9 127
10 111
11 99
12 70
13 56
14 37
15 32
16 23
17 25
18 19
19 1
20 1
21 2
22 0
23 0
last timestep 23
node 627 iteration 5
0 0
1 2
2 3
3 1
4 2
5 1
6 0
7 0
last timestep 7
node 627 iteration 6
0 0
1 3
2 1
3 2
4 1
5 3
6 3
7 6
8 15
9 20
10 24
11 28
12 30
13 35
14 38
15 27
16 34
17 41
18 24
19 33
20 34
21 44
22 33
23 36
24 33
25 26
26 33
27 35
28 33
29 13
30 14
31 10
32 7
33 1
34 0
35 0
last timestep 35
node 627 iteration 7
0 0
1 0
2 0
last timestep 2
node 627 iteration 8
0 0
1 2
2 2
3 0
4 0
last timestep 4
node 627 iteration 9
0 0
1 2
2 6
3 11
4 21
5 26
6 34
7 56
8 62
9 70
10 99
11 101
12 91
13 74
14 71
15 54
16 48
17 33
18 20
19 14
20 4
21 3
22 1
23 3
24 2
25 1
26 0
27 0
last timestep 27
