node 217 iteration 0
0 0
1 2
2 2
3 2
4 6
5 6
6 14
7 23
8 25
9 40
10 58
11 72
12 93
13 90
14 111
15 84
16 65
17 55
18 39
19 22
20 16
21 11
22 5
23 3
24 1
25 1
26 0
27 0
last timestep 27
node 217 iteration 1
0 0
1 5
2 4
3 1
4 3
5 9
6 6
7 9
8 8
9 11
10 18
11 23
12 26
13 50
14 60
15 79
16 109
17 86
18 79
19 64
20 54
21 65
22 36
23 26
24 22
25 13
26 11
27 5
28 2
29 0
30 0
last timestep 30
node 217 iteration 2
0 0
1 1
2 1
3 1
4 0
5 0
last timestep 5
node 217 iteration 3
0 0
1 6
2 11
3 18
4 27
5 46
6 82
7 102
8 124
9 124
10 97
11 74
12 51
13 21
14 16
15 11
16 9
17 4
18 0
19 2
20 1
21 4
22 0
last timestep 22
node 217 iteration 4
0 0
1 4
2 10
3 13
4 20
5 50
6 51
7 54
8 67
9 86
10 123
11 106
12 80
13 60
14 39
15 31
16 17
17 14
18 9
19 1
20 1
21 0
22 0
last timestep 22
node 217 iteration 5
0 0
1 5
2 1
3 0
4 0
last timestep 4
node 217 iteration 6
0 0
1 6
2 20
3 25
4 41
5 85
6 95
7 96
8 121
9 106
10 79
11 60
12 28
13 13
14 12
15 14
16 10
17 2
18 1
19 3
20 3
21 1
22 0
23 0
last timestep 23
node 217 iteration 7
0 0
1 2
2 2
3 0
4 0
last timestep 4
node 217 iteration 8
0 0
1 4
2 11
3 23
4 53
5 69
6 120
7 156
8 124
9 80
10 71
11 39
12 35
13 14
14 16
15 11
16 7
17 7
18 4
19 0
20 0
last timestep 20
node 217 iteration 9
0 0
1 4
2 7
3 21
4 24
5 40
6 45
7 64
8 91
9 109
10 119
11 89
12 83
13 69
14 51
15 29
16 17
17 10
18 9
19 6
20 4
21 1
22 0
23 0
last timestep 23
