node 2177 iteration 0
0 0
1 1
2 0
3 0
last timestep 3
node 2177 iteration 1
0 0
1 2
2 7
3 10
4 14
5 20
6 19
7 36
8 49
9 60
10 73
11 57
12 83
13 84
14 69
15 49
16 37
17 31
18 17
19 20
20 14
21 19
22 18
23 12
24 7
25 2
26 4
27 0
28 0
last timestep 28
node 2177 iteration 2
0 0
1 5
2 9
3 10
4 10
5 20
6 27
7 50
8 51
9 60
10 82
11 92
12 67
13 73
14 57
15 61
16 53
17 49
18 26
19 29
20 13
21 8
22 4
23 5
24 1
25 0
26 0
last timestep 26
node 2177 iteration 3
0 0
1 1
2 2
3 0
4 0
last timestep 4
node 2177 iteration 4
0 0
1 4
2 6
3 8
4 16
5 22
6 36
7 70
8 71
9 71
10 91
11 77
12 74
13 87
14 63
15 53
16 38
17 29
18 17
19 10
20 9
21 7
22 1
23 1
24 0
25 0
last timestep 25
node 2177 iteration 5
0 0
1 2
2 2
3 3
4 4
5 5
6 6
7 4
8 1
9 0
10 2
11 6
12 5
13 14
14 26
15 31
16 36
17 50
18 72
19 99
20 108
21 95
22 89
23 69
24 49
25 24
26 13
27 17
28 8
29 5
30 0
last timestep 30
node 2177 iteration 6
0 0
1 3
2 3
3 5
4 12
5 14
6 17
7 26
8 43
9 55
10 64
11 73
12 91
13 77
14 62
15 76
16 71
17 51
18 43
19 24
20 11
21 7
22 1
23 0
24 2
25 1
26 2
27 1
28 0
last timestep 28
node 2177 iteration 7
0 0
1 2
2 1
3 2
4 0
5 0
last timestep 5
node 2177 iteration 8
0 0
1 2
2 4
3 7
4 4
5 11
6 11
7 29
8 37
9 57
10 56
11 60
12 73
13 83
14 69
15 71
16 46
17 39
18 28
19 30
20 20
21 13
22 9
23 5
24 7
25 6
26 3
27 1
28 1
29 4
30 0
31 0
last timestep 31
node 2177 iteration 9
0 0
1 2
2 1
3 1
4 1
5 2
6 11
7 13
8 23
9 38
10 66
11 62
12 68
13 84
14 72
15 83
16 83
17 59
18 52
19 23
20 18
21 15
22 5
23 4
24 2
25 1
26 2
27 0
28 0
last timestep 28
