node 1649 iteration 0
0 0
1 2
2 0
3 0
last timestep 3
node 1649 iteration 1
0 0
1 2
2 1
3 1
4 7
5 4
6 12
7 18
8 21
9 23
10 49
11 57
12 52
13 76
14 72
15 83
16 62
17 45
18 30
19 43
20 19
21 26
22 21
23 12
24 10
25 7
26 6
27 2
28 0
29 1
30 2
31 2
32 5
33 0
last timestep 33
node 1649 iteration 2
0 0
1 5
2 22
3 35
4 70
5 68
6 94
7 106
8 86
9 78
10 68
11 59
12 37
13 29
14 14
15 7
16 12
17 4
18 1
19 0
20 0
last timestep 20
node 1649 iteration 3
0 0
1 2
2 5
3 13
4 22
5 31
6 36
7 54
8 81
9 89
10 89
11 81
12 93
13 75
14 33
15 24
16 12
17 7
18 8
19 5
20 1
21 0
22 0
last timestep 22
node 1649 iteration 4
0 0
1 4
2 4
3 10
4 11
5 11
6 19
7 28
8 46
9 65
10 74
11 69
12 71
13 67
14 60
15 48
16 43
17 21
18 21
19 12
20 13
21 20
22 13
23 13
24 7
25 9
26 5
27 3
28 0
29 0
last timestep 29
node 1649 iteration 5
0 0
1 3
2 3
3 7
4 13
5 19
6 32
7 31
8 55
9 67
10 84
11 89
12 69
13 71
14 48
15 42
16 44
17 30
18 25
19 14
20 15
21 9
22 4
23 3
24 2
25 1
26 2
27 0
28 0
last timestep 28
node 1649 iteration 6
0 0
1 3
2 1
3 0
4 0
last timestep 4
node 1649 iteration 7
0 0
1 5
2 12
3 24
4 21
5 42
6 64
7 101
8 112
9 101
10 91
11 96
12 78
13 50
14 34
15 29
16 17
17 7
18 3
19 2
20 0
21 0
last timestep 21
node 1649 iteration 8
0 0
1 1
2 7
3 14
4 15
5 34
6 42
7 65
8 77
9 84
10 103
11 96
12 101
13 81
14 42
15 46
16 29
17 23
18 9
19 6
20 1
21 3
22 1
23 0
24 0
last timestep 24
node 1649 iteration 9
0 0
1 2
2 1
3 4
4 3
5 5
6 8
7 13
8 41
9 41
10 52
11 93
12 107
13 96
14 66
15 51
16 51
17 35
18 25
19 30
20 30
21 16
22 20
23 20
24 19
25 15
26 1
27 0
28 0
last timestep 28
