node 1769 iteration 0
0 0
1 6
2 5
3 5
4 3
5 18
6 26
7 18
8 14
9 24
10 26
11 39
12 45
13 48
14 55
15 79
16 71
17 59
18 57
19 48
20 43
21 49
22 30
23 21
24 10
25 7
26 4
27 3
28 4
29 5
30 5
31 3
32 4
33 2
34 0
35 0
last timestep 35
node 1769 iteration 1
0 0
1 7
2 7
3 10
4 15
5 21
6 39
7 50
8 70
9 91
10 103
11 97
12 77
13 68
14 48
15 31
16 28
17 17
18 12
19 9
20 4
21 2
22 1
23 0
24 0
last timestep 24
node 1769 iteration 2
0 0
1 3
2 1
3 0
4 0
last timestep 4
node 1769 iteration 3
0 0
1 5
2 7
3 7
4 9
5 8
6 14
7 32
8 31
9 37
10 51
11 80
12 80
13 80
14 67
15 69
16 51
17 50
18 37
19 31
20 22
21 22
22 13
23 8
24 5
25 4
26 5
27 7
28 4
29 0
30 0
last timestep 30
node 1769 iteration 4
0 0
1 5
2 12
3 21
4 47
5 56
6 100
7 106
8 108
9 90
10 58
11 56
12 53
13 39
14 31
15 25
16 17
17 12
18 8
19 4
20 3
21 1
22 0
23 1
24 0
last timestep 24
node 1769 iteration 5
0 0
1 5
2 5
3 10
4 29
5 34
6 59
7 72
8 97
9 92
10 88
11 101
12 74
13 66
14 39
15 31
16 21
17 12
18 1
19 2
20 1
21 0
22 0
last timestep 22
node 1769 iteration 6
0 0
1 2
2 1
3 4
4 2
5 6
6 0
7 2
8 2
9 3
10 0
last timestep 10
node 1769 iteration 7
0 0
1 6
2 10
3 8
4 18
5 16
6 31
7 37
8 38
9 53
10 59
11 76
12 66
13 79
14 74
15 63
16 54
17 50
18 29
19 21
20 13
21 5
22 2
23 2
24 2
25 3
26 3
27 0
28 1
29 0
last timestep 29
node 1769 iteration 8
0 0
1 6
2 3
3 13
4 12
5 11
6 25
7 25
8 44
9 49
10 83
11 71
12 73
13 69
14 60
15 45
16 45
17 36
18 26
19 17
20 16
21 15
22 11
23 7
24 10
25 12
26 8
27 8
28 6
29 3
30 5
31 3
32 3
33 6
34 3
35 3
36 1
37 0
38 0
last timestep 38
node 1769 iteration 9
0 0
1 4
2 10
3 17
4 20
5 31
6 38
7 50
8 78
9 97
10 90
11 89
12 69
13 48
14 52
15 35
16 30
17 12
18 10
19 5
20 3
21 7
22 3
23 3
24 0
25 0
last timestep 25
