node 2969 iteration 0
0 0
1 2
2 0
3 0
last timestep 3
node 2969 iteration 1
0 0
1 1
2 1
3 0
4 0
last timestep 4
node 2969 iteration 2
0 0
1 1
2 2
3 1
4 0
5 0
last timestep 5
node 2969 iteration 3
0 0
1 2
2 1
3 1
4 2
5 4
6 7
7 13
8 25
9 38
10 84
11 93
12 81
13 102
14 83
15 85
16 68
17 56
18 41
19 37
20 19
21 10
22 3
23 0
24 0
last timestep 24
node 2969 iteration 4
0 0
1 2
2 3
3 3
4 11
5 6
6 9
7 21
8 20
9 32
10 33
11 43
12 44
13 47
14 57
15 54
16 62
17 78
18 60
19 57
20 49
21 29
22 23
23 18
24 14
25 15
26 16
27 11
28 2
29 4
30 1
31 1
32 1
33 1
34 0
35 0
last timestep 35
node 2969 iteration 5
0 0
1 0
2 0
last timestep 2
node 2969 iteration 6
0 0
1 4
2 7
3 21
4 21
5 31
6 38
7 47
8 55
9 62
10 64
11 67
12 58
13 49
14 57
15 48
16 52
17 51
18 40
19 38
20 33
21 19
22 6
23 4
24 1
25 0
26 0
last timestep 26
node 2969 iteration 7
0 0
1 0
2 0
last timestep 2
node 2969 iteration 8
0 0
1 0
2 2
3 0
last timestep 3
node 2969 iteration 9
0 0
1 1
2 2
3 2
4 3
5 4
6 4
7 4
8 15
9 17
10 28
11 43
12 45
13 58
14 85
15 100
16 107
17 80
18 50
19 50
20 36
21 26
22 22
23 20
24 5
25 6
26 7
27 5
28 4
29 5
30 1
31 1
32 0
33 0
last timestep 33
