node 2239 iteration 0
0 0
1 3
2 6
3 16
4 26
5 41
6 60
7 54
8 49
9 58
10 56
11 70
12 55
13 51
14 44
15 32
16 44
17 39
18 30
19 29
20 16
21 8
22 11
23 1
24 0
25 0
last timestep 25
node 2239 iteration 1
0 0
1 4
2 8
3 13
4 17
5 30
6 71
7 76
8 112
9 113
10 112
11 95
12 66
13 58
14 42
15 24
16 11
17 4
18 7
19 4
20 5
21 0
22 0
last timestep 22
node 2239 iteration 2
0 0
1 1
2 3
3 4
4 10
5 24
6 31
7 56
8 56
9 86
10 93
11 101
12 77
13 76
14 50
15 23
16 11
17 15
18 19
19 23
20 13
21 11
22 5
23 7
24 1
25 0
26 0
last timestep 26
node 2239 iteration 3
0 0
1 2
2 7
3 24
4 38
5 49
6 61
7 104
8 148
9 135
10 86
11 53
12 40
13 31
14 14
15 11
16 4
17 3
18 6
19 9
20 2
21 1
22 0
23 0
last timestep 23
node 2239 iteration 4
0 0
1 7
2 14
3 26
4 27
5 30
6 38
7 67
8 78
9 86
10 97
11 85
12 83
13 63
14 51
15 35
16 24
17 12
18 4
19 2
20 1
21 1
22 0
23 0
last timestep 23
node 2239 iteration 5
0 0
1 6
2 9
3 12
4 13
5 29
6 37
7 49
8 57
9 73
10 90
11 94
12 77
13 79
14 50
15 28
16 27
17 20
18 7
19 4
20 5
21 3
22 2
23 2
24 1
25 1
26 1
27 1
28 0
29 0
last timestep 29
node 2239 iteration 6
0 0
1 3
2 3
3 6
4 9
5 17
6 25
7 28
8 35
9 41
10 41
11 53
12 74
13 96
14 104
15 87
16 62
17 55
18 47
19 33
20 26
21 16
22 5
23 2
24 0
25 0
last timestep 25
node 2239 iteration 7
0 0
1 4
2 8
3 6
4 11
5 16
6 15
7 16
8 21
9 25
10 37
11 45
12 51
13 69
14 78
15 62
16 52
17 54
18 35
19 21
20 14
21 7
22 8
23 5
24 5
25 2
26 0
27 1
28 2
29 0
last timestep 29
node 2239 iteration 8
0 0
1 6
2 6
3 9
4 16
5 41
6 58
7 63
8 80
9 78
10 83
11 65
12 59
13 26
14 24
15 17
16 9
17 6
18 3
19 0
20 1
21 1
22 0
last timestep 22
node 2239 iteration 9
0 0
1 4
2 7
3 10
4 17
5 34
6 40
7 65
8 82
9 91
10 110
11 105
12 79
13 47
14 38
15 30
16 26
17 11
18 16
19 4
20 6
21 8
22 3
23 4
24 2
25 0
26 0
last timestep 26
