node 979 iteration 0
0 0
1 5
2 11
3 12
4 17
5 24
6 32
7 32
8 38
9 64
10 100
11 104
12 83
13 54
14 43
15 33
16 36
17 24
18 18
19 19
20 16
21 18
22 9
23 5
24 5
25 1
26 1
27 0
28 0
last timestep 28
node 979 iteration 1
0 0
1 2
2 2
3 2
4 3
5 2
6 4
7 3
8 3
9 1
10 3
11 7
12 7
13 19
14 25
15 39
16 57
17 76
18 82
19 94
20 88
21 60
22 64
23 60
24 46
25 35
26 20
27 21
28 17
29 9
30 2
31 3
32 1
33 1
34 1
35 1
36 0
37 0
last timestep 37
node 979 iteration 2
0 0
1 3
2 2
3 5
4 9
5 22
6 37
7 49
8 66
9 89
10 94
11 130
12 135
13 96
14 64
15 52
16 26
17 12
18 8
19 2
20 0
21 0
last timestep 21
node 979 iteration 3
0 0
1 4
2 4
3 8
4 7
5 11
6 20
7 27
8 37
9 30
10 46
11 60
12 64
13 63
14 68
15 53
16 60
17 58
18 40
19 21
20 15
21 12
22 9
23 1
24 1
25 1
26 3
27 0
28 0
last timestep 28
node 979 iteration 4
0 0
1 4
2 3
3 6
4 5
5 11
6 32
7 40
8 51
9 69
10 71
11 83
12 76
13 92
14 78
15 60
16 43
17 36
18 25
19 13
20 14
21 8
22 2
23 3
24 1
25 0
26 0
last timestep 26
node 979 iteration 5
0 0
1 6
2 4
3 17
4 39
5 40
6 54
7 62
8 74
9 85
10 83
11 63
12 71
13 61
14 45
15 52
16 28
17 24
18 13
19 5
20 7
21 6
22 7
23 3
24 0
25 0
last timestep 25
node 979 iteration 6
0 0
1 4
2 3
3 2
4 4
5 6
6 11
7 15
8 23
9 24
10 63
11 80
12 87
13 81
14 79
15 78
16 74
17 52
18 43
19 35
20 30
21 14
22 9
23 7
24 2
25 0
26 1
27 0
last timestep 27
node 979 iteration 7
0 0
1 6
2 7
3 16
4 11
5 12
6 28
7 44
8 47
9 56
10 64
11 85
12 91
13 85
14 66
15 65
16 55
17 23
18 11
19 8
20 8
21 4
22 4
23 4
24 2
25 2
26 1
27 1
28 2
29 0
30 0
last timestep 30
node 979 iteration 8
0 0
1 5
2 1
3 2
4 12
5 11
6 20
7 52
8 39
9 47
10 54
11 69
12 69
13 72
14 60
15 63
16 63
17 37
18 27
19 18
20 8
21 3
22 4
23 4
24 1
25 0
26 0
last timestep 26
node 979 iteration 9
0 0
1 4
2 5
3 6
4 5
5 12
6 22
7 33
8 54
9 85
10 89
11 97
12 88
13 63
14 60
15 29
16 22
17 22
18 14
19 9
20 6
21 6
22 7
23 2
24 3
25 4
26 6
27 4
28 2
29 1
30 0
31 0
last timestep 31
