node 2326 iteration 0
0 0
1 2
2 3
3 1
4 6
5 8
6 17
7 31
8 61
9 81
10 87
11 102
12 97
13 101
14 76
15 60
16 42
17 28
18 25
19 12
20 3
21 3
22 3
23 0
24 1
25 1
26 0
last timestep 26
node 2326 iteration 1
0 0
1 2
2 1
3 2
4 4
5 5
6 5
7 15
8 24
9 28
10 48
11 65
12 76
13 68
14 62
15 66
16 75
17 68
18 55
19 32
20 21
21 14
22 13
23 7
24 5
25 2
26 0
27 0
last timestep 27
node 2326 iteration 2
0 0
1 1
2 1
3 5
4 5
5 8
6 16
7 23
8 45
9 86
10 87
11 110
12 110
13 75
14 72
15 47
16 39
17 28
18 40
19 20
20 17
21 8
22 8
23 17
24 5
25 2
26 4
27 7
28 1
29 0
30 0
last timestep 30
node 2326 iteration 3
0 0
1 4
2 2
3 4
4 6
5 9
6 15
7 15
8 19
9 26
10 54
11 53
12 73
13 88
14 76
15 78
16 61
17 66
18 48
19 34
20 23
21 13
22 10
23 5
24 7
25 11
26 3
27 8
28 7
29 11
30 5
31 2
32 1
33 0
34 0
last timestep 34
node 2326 iteration 4
0 0
1 4
2 2
3 13
4 10
5 17
6 29
7 43
8 42
9 61
10 60
11 83
12 71
13 66
14 64
15 55
16 25
17 13
18 10
19 14
20 11
21 6
22 2
23 1
24 1
25 1
26 0
27 0
last timestep 27
node 2326 iteration 5
0 0
1 0
2 0
last timestep 2
node 2326 iteration 6
0 0
1 0
2 0
last timestep 2
node 2326 iteration 7
0 0
1 2
2 6
3 11
4 9
5 8
6 16
7 34
8 40
9 37
10 42
11 76
12 74
13 91
14 95
15 59
16 42
17 37
18 26
19 28
20 10
21 2
22 1
23 3
24 1
25 1
26 1
27 0
28 0
last timestep 28
node 2326 iteration 8
0 0
1 2
2 0
3 0
last timestep 3
node 2326 iteration 9
0 0
1 3
2 5
3 4
4 9
5 16
6 32
7 41
8 56
9 89
10 87
11 87
12 103
13 75
14 68
15 48
16 39
17 33
18 30
19 12
20 13
21 13
22 12
23 5
24 2
25 3
26 3
27 8
28 6
29 5
30 2
31 0
32 0
last timestep 32
