node 490 iteration 0
0 0
1 10
2 6
3 4
4 6
5 12
6 13
7 12
8 8
9 15
10 19
11 29
12 53
13 58
14 58
15 66
16 67
17 73
18 62
19 66
20 54
21 56
22 33
23 25
24 20
25 13
26 7
27 2
28 0
29 0
last timestep 29
node 490 iteration 1
0 0
1 8
2 6
3 15
4 26
5 36
6 66
7 73
8 73
9 111
10 105
11 76
12 66
13 49
14 45
15 32
16 17
17 9
18 9
19 1
20 1
21 1
22 0
23 0
last timestep 23
node 490 iteration 2
0 0
1 10
2 4
3 8
4 14
5 18
6 27
7 33
8 34
9 69
10 84
11 90
12 97
13 91
14 80
15 57
16 48
17 31
18 18
19 10
20 20
21 12
22 10
23 1
24 0
25 0
last timestep 25
node 490 iteration 3
0 0
1 9
2 10
3 29
4 28
5 60
6 72
7 98
8 112
9 100
10 78
11 92
12 72
13 45
14 26
15 30
16 12
17 14
18 2
19 2
20 0
21 0
last timestep 21
node 490 iteration 4
0 0
1 11
2 13
3 30
4 35
5 58
6 76
7 83
8 86
9 91
10 82
11 66
12 53
13 49
14 25
15 13
16 1
17 2
18 0
19 0
last timestep 19
node 490 iteration 5
0 0
1 10
2 3
3 3
4 3
5 3
6 12
7 14
8 21
9 37
10 31
11 39
12 41
13 28
14 28
15 24
16 39
17 40
18 34
19 61
20 45
21 48
22 26
23 15
24 15
25 11
26 13
27 11
28 11
29 6
30 1
31 1
32 1
33 1
34 0
35 0
last timestep 35
node 490 iteration 6
0 0
1 16
2 14
3 15
4 26
5 49
6 64
7 88
8 83
9 80
10 67
11 54
12 47
13 31
14 32
15 17
16 18
17 22
18 24
19 18
20 7
21 8
22 5
23 4
24 2
25 2
26 2
27 0
28 0
last timestep 28
node 490 iteration 7
0 0
1 11
2 13
3 22
4 30
5 44
6 55
7 66
8 97
9 105
10 93
11 76
12 48
13 42
14 27
15 17
16 15
17 10
18 10
19 4
20 3
21 0
22 0
last timestep 22
node 490 iteration 8
0 0
1 9
2 7
3 7
4 16
5 25
6 34
7 53
8 64
9 90
10 111
11 96
12 92
13 56
14 45
15 28
16 26
17 22
18 12
19 7
20 5
21 4
22 0
23 0
last timestep 23
node 490 iteration 9
0 0
1 10
2 16
3 18
4 19
5 37
6 43
7 52
8 64
9 83
10 90
11 83
12 86
13 68
14 40
15 42
16 14
17 6
18 2
19 0
20 0
last timestep 20
