node 1904 iteration 0
0 0
1 0
2 0
last timestep 2
node 1904 iteration 1
0 0
1 1
2 1
3 0
4 0
last timestep 4
node 1904 iteration 2
0 0
1 1
2 2
3 3
4 4
5 3
6 3
7 6
8 12
9 11
10 8
11 15
12 20
13 33
14 59
15 89
16 76
17 110
18 108
19 100
20 65
21 45
22 29
23 7
24 11
25 5
26 3
27 1
28 0
29 0
last timestep 29
node 1904 iteration 3
0 0
1 3
2 5
3 8
4 9
5 19
6 19
7 24
8 40
9 33
10 39
11 63
12 86
13 81
14 79
15 71
16 66
17 80
18 59
19 46
20 20
21 13
22 7
23 4
24 3
25 2
26 2
27 0
28 0
last timestep 28
node 1904 iteration 4
0 0
1 2
2 2
3 3
4 4
5 2
6 4
7 12
8 13
9 8
10 11
11 23
12 37
13 34
14 34
15 37
16 47
17 57
18 43
19 43
20 51
21 54
22 39
23 32
24 28
25 21
26 15
27 17
28 13
29 10
30 13
31 6
32 1
33 0
34 0
last timestep 34
node 1904 iteration 5
0 0
1 4
2 5
3 12
4 11
5 9
6 14
7 16
8 17
9 24
10 37
11 47
12 47
13 52
14 46
15 48
16 53
17 54
18 50
19 53
20 51
21 36
22 20
23 21
24 12
25 9
26 6
27 3
28 2
29 1
30 1
31 1
32 0
33 0
last timestep 33
node 1904 iteration 6
0 0
1 1
2 2
3 0
4 0
last timestep 4
node 1904 iteration 7
0 0
1 2
2 3
3 7
4 6
5 7
6 20
7 32
8 31
9 30
10 38
11 59
12 88
13 73
14 67
15 67
16 72
17 54
18 51
19 36
20 25
21 13
22 12
23 5
24 3
25 2
26 0
27 0
last timestep 27
node 1904 iteration 8
0 0
1 4
2 2
3 1
4 4
5 4
6 3
7 11
8 14
9 16
10 27
11 30
12 34
13 36
14 36
15 36
16 33
17 32
18 39
19 43
20 42
21 30
22 27
23 27
24 24
25 13
26 12
27 15
28 4
29 2
30 0
31 0
last timestep 31
node 1904 iteration 9
0 0
1 1
2 4
3 10
4 20
5 28
6 51
7 74
8 78
9 89
10 96
11 103
12 87
13 54
14 37
15 10
16 11
17 20
18 6
19 9
20 8
21 11
22 12
23 6
24 4
25 1
26 0
27 0
last timestep 27
