node 769 iteration 0
0 0
1 5
2 12
3 36
4 58
5 76
6 112
7 121
8 128
9 87
10 69
11 57
12 43
13 34
14 20
15 8
16 3
17 0
18 0
last timestep 18
node 769 iteration 1
0 0
1 0
2 0
last timestep 2
node 769 iteration 2
0 0
1 0
2 0
last timestep 2
node 769 iteration 3
0 0
1 2
2 4
3 6
4 13
5 14
6 21
7 26
8 26
9 42
10 63
11 84
12 90
13 94
14 86
15 65
16 46
17 34
18 27
19 19
20 13
21 8
22 7
23 7
24 5
25 0
26 0
last timestep 26
node 769 iteration 4
0 0
1 1
2 4
3 15
4 21
5 28
6 36
7 61
8 85
9 80
10 88
11 103
12 79
13 58
14 40
15 40
16 37
17 28
18 13
19 9
20 6
21 3
22 0
23 0
last timestep 23
node 769 iteration 5
0 0
1 2
2 3
3 9
4 7
5 11
6 14
7 16
8 20
9 47
10 63
11 61
12 76
13 83
14 83
15 53
16 38
17 25
18 27
19 11
20 5
21 1
22 0
23 3
24 6
25 5
26 3
27 2
28 2
29 0
last timestep 29
node 769 iteration 6
0 0
1 1
2 1
3 7
4 2
5 4
6 5
7 17
8 20
9 25
10 38
11 42
12 63
13 69
14 91
15 78
16 66
17 66
18 62
19 54
20 29
21 25
22 16
23 11
24 11
25 4
26 9
27 5
28 2
29 2
30 2
31 3
32 0
33 0
last timestep 33
node 769 iteration 7
0 0
1 0
2 0
last timestep 2
node 769 iteration 8
0 0
1 3
2 6
3 5
4 13
5 28
6 44
7 73
8 73
9 99
10 113
11 78
12 68
13 57
14 28
15 15
16 9
17 6
18 3
19 1
20 1
21 0
22 0
last timestep 22
node 769 iteration 9
0 0
1 0
2 0
last timestep 2
