node 1056 iteration 0
0 0
1 3
2 7
3 15
4 12
5 14
6 24
7 43
8 43
9 58
10 83
11 103
12 76
13 69
14 56
15 38
16 45
17 29
18 21
19 13
20 9
21 3
22 1
23 0
24 0
last timestep 24
node 1056 iteration 1
0 0
1 4
2 3
3 4
4 3
5 3
6 2
7 0
8 0
last timestep 8
node 1056 iteration 2
0 0
1 5
2 8
3 6
4 3
5 10
6 17
7 29
8 39
9 56
10 66
11 75
12 83
13 95
14 85
15 79
16 75
17 59
18 43
19 24
20 10
21 5
22 5
23 3
24 1
25 1
26 0
27 0
last timestep 27
node 1056 iteration 3
0 0
1 3
2 4
3 4
4 4
5 4
6 12
7 13
8 9
9 12
10 12
11 17
12 38
13 31
14 39
15 41
16 63
17 57
18 82
19 68
20 55
21 49
22 31
23 21
24 10
25 9
26 2
27 8
28 3
29 0
30 0
last timestep 30
node 1056 iteration 4
0 0
1 0
2 0
last timestep 2
node 1056 iteration 5
0 0
1 2
2 2
3 7
4 10
5 29
6 49
7 87
8 110
9 133
10 115
11 89
12 73
13 35
14 27
15 10
16 9
17 3
18 3
19 0
20 0
last timestep 20
node 1056 iteration 6
0 0
1 2
2 0
3 0
last timestep 3
node 1056 iteration 7
0 0
1 3
2 2
3 2
4 2
5 0
6 0
last timestep 6
node 1056 iteration 8
0 0
1 0
2 0
last timestep 2
node 1056 iteration 9
0 0
1 3
2 18
3 34
4 61
5 76
6 106
7 119
8 119
9 96
10 69
11 52
12 34
13 28
14 22
15 11
16 7
17 4
18 5
19 2
20 2
21 0
22 0
last timestep 22
