node 3 iteration 0
0 0
1 5
2 3
3 1
4 1
5 0
6 0
last timestep 6
node 3 iteration 1
0 0
1 6
2 3
3 6
4 14
5 15
6 16
7 22
8 24
9 38
10 39
11 65
12 74
13 84
14 82
15 81
16 73
17 51
18 49
19 31
20 20
21 12
22 8
23 6
24 1
25 0
26 0
last timestep 26
node 3 iteration 2
0 0
1 4
2 10
3 9
4 7
5 5
6 2
7 3
8 1
9 0
10 0
last timestep 10
node 3 iteration 3
0 0
1 3
2 0
3 0
last timestep 3
node 3 iteration 4
0 0
1 5
2 3
3 3
4 3
5 6
6 6
7 17
8 15
9 22
10 36
11 48
12 79
13 71
14 88
15 89
16 69
17 71
18 46
19 40
20 24
21 18
22 2
23 0
24 1
25 1
26 0
last timestep 26
node 3 iteration 5
0 0
1 5
2 2
3 5
4 7
5 18
6 28
7 25
8 46
9 47
10 55
11 61
12 53
13 59
14 49
15 55
16 47
17 29
18 34
19 28
20 13
21 14
22 12
23 5
24 1
25 1
26 0
27 0
last timestep 27
node 3 iteration 6
0 0
1 5
2 1
3 0
4 0
last timestep 4
node 3 iteration 7
0 0
1 5
2 8
3 19
4 21
5 19
6 41
7 84
8 112
9 105
10 117
11 105
12 82
13 65
14 44
15 27
16 16
17 8
18 4
19 5
20 7
21 4
22 1
23 0
24 0
last timestep 24
node 3 iteration 8
0 0
1 5
2 7
3 8
4 8
5 12
6 23
7 34
8 47
9 90
10 104
11 130
12 101
13 82
14 55
15 33
16 23
17 15
18 20
19 6
20 6
21 5
22 3
23 5
24 6
25 4
26 6
27 2
28 1
29 0
30 0
last timestep 30
node 3 iteration 9
0 0
1 3
2 5
3 7
4 8
5 12
6 18
7 38
8 46
9 63
10 98
11 88
12 94
13 73
14 79
15 62
16 37
17 26
18 21
19 9
20 6
21 4
22 5
23 6
24 3
25 3
26 3
27 4
28 3
29 3
30 0
31 0
last timestep 31
