node 300 iteration 0
0 0
1 2
2 1
3 0
4 0
last timestep 4
node 300 iteration 1
0 0
1 2
2 2
3 3
4 1
5 3
6 15
7 38
8 39
9 70
10 64
11 74
12 63
13 68
14 70
15 54
16 44
17 46
18 34
19 32
20 18
21 14
22 11
23 12
24 5
25 5
26 3
27 1
28 0
29 0
last timestep 29
node 300 iteration 2
0 0
1 1
2 3
3 3
4 2
5 0
6 0
last timestep 6
node 300 iteration 3
0 0
1 5
2 7
3 6
4 18
5 30
6 39
7 36
8 38
9 66
10 51
11 60
12 65
13 51
14 57
15 50
16 49
17 38
18 26
19 25
20 11
21 13
22 16
23 7
24 2
25 8
26 3
27 1
28 0
29 0
last timestep 29
node 300 iteration 4
0 0
1 1
2 1
3 3
4 5
5 10
6 8
7 20
8 25
9 42
10 71
11 98
12 103
13 91
14 91
15 82
16 50
17 39
18 27
19 10
20 11
21 2
22 2
23 1
24 1
25 0
26 0
last timestep 26
node 300 iteration 5
0 0
1 6
2 7
3 16
4 19
5 35
6 53
7 60
8 64
9 58
10 42
11 54
12 56
13 56
14 47
15 40
16 54
17 33
18 30
19 25
20 24
21 9
22 7
23 6
24 1
25 0
26 0
last timestep 26
node 300 iteration 6
0 0
1 0
2 0
last timestep 2
node 300 iteration 7
0 0
1 2
2 1
3 0
4 0
last timestep 4
node 300 iteration 8
0 0
1 4
2 5
3 2
4 1
5 0
6 0
last timestep 6
node 300 iteration 9
0 0
1 3
2 11
3 14
4 9
5 21
6 31
7 26
8 38
9 37
10 39
11 44
12 48
13 66
14 63
15 58
16 59
17 37
18 34
19 22
20 18
21 17
22 9
23 6
24 5
25 7
26 1
27 1
28 2
29 1
30 3
31 0
32 1
33 0
last timestep 33
