node 1348 iteration 0
0 0
1 3
2 2
3 7
4 3
5 10
6 16
7 23
8 32
9 35
10 48
11 74
12 72
13 77
14 76
15 63
16 56
17 53
18 33
19 17
20 12
21 8
22 6
23 2
24 0
25 0
last timestep 25
node 1348 iteration 1
0 0
1 2
2 1
3 0
4 0
last timestep 4
node 1348 iteration 2
0 0
1 3
2 5
3 11
4 17
5 9
6 16
7 18
8 32
9 26
10 34
11 72
12 101
13 115
14 119
15 104
16 74
17 45
18 25
19 15
20 8
21 5
22 9
23 8
24 4
25 2
26 0
27 0
last timestep 27
node 1348 iteration 3
0 0
1 1
2 0
3 0
last timestep 3
node 1348 iteration 4
0 0
1 1
2 1
3 0
4 0
last timestep 4
node 1348 iteration 5
0 0
1 1
2 2
3 4
4 3
5 3
6 5
7 3
8 5
9 6
10 8
11 17
12 26
13 34
14 56
15 66
16 68
17 72
18 87
19 101
20 84
21 56
22 48
23 31
24 21
25 11
26 11
27 6
28 2
29 1
30 1
31 0
32 0
last timestep 32
node 1348 iteration 6
0 0
1 4
2 12
3 12
4 17
5 15
6 18
7 41
8 49
9 77
10 116
11 109
12 99
13 72
14 47
15 34
16 29
17 17
18 11
19 7
20 3
21 2
22 1
23 0
24 0
last timestep 24
node 1348 iteration 7
0 0
1 0
2 0
last timestep 2
node 1348 iteration 8
0 0
1 4
2 4
3 13
4 17
5 11
6 14
7 10
8 18
9 16
10 22
11 25
12 44
13 47
14 52
15 51
16 62
17 63
18 50
19 45
20 34
21 23
22 20
23 11
24 4
25 3
26 1
27 0
28 0
last timestep 28
node 1348 iteration 9
0 0
1 5
2 1
3 0
4 0
last timestep 4
