node 2624 iteration 0
0 0
1 3
2 2
3 4
4 6
5 5
6 9
7 11
8 10
9 28
10 40
11 45
12 85
13 115
14 117
15 103
16 81
17 54
18 42
19 25
20 14
21 4
22 7
23 9
24 6
25 5
26 3
27 1
28 0
29 0
last timestep 29
node 2624 iteration 1
0 0
1 2
2 2
3 2
4 1
5 1
6 2
7 2
8 3
9 8
10 6
11 4
12 9
13 6
14 5
15 6
16 12
17 15
18 25
19 43
20 46
21 51
22 81
23 89
24 74
25 62
26 60
27 70
28 52
29 35
30 31
31 20
32 23
33 9
34 12
35 4
36 1
37 1
38 1
39 0
40 0
last timestep 40
node 2624 iteration 2
0 0
1 4
2 4
3 5
4 2
5 2
6 9
7 2
8 3
9 8
10 10
11 12
12 7
13 9
14 8
15 5
16 7
17 8
18 14
19 16
20 21
21 37
22 42
23 40
24 48
25 67
26 60
27 70
28 56
29 44
30 20
31 16
32 11
33 9
34 10
35 9
36 10
37 9
38 6
39 0
40 0
last timestep 40
node 2624 iteration 3
0 0
1 2
2 0
3 0
last timestep 3
node 2624 iteration 4
0 0
1 3
2 0
3 0
last timestep 3
node 2624 iteration 5
0 0
1 3
2 3
3 0
4 0
last timestep 4
node 2624 iteration 6
0 0
1 3
2 2
3 5
4 7
5 13
6 19
7 25
8 46
9 76
10 101
11 96
12 89
13 86
14 66
15 58
16 46
17 26
18 13
19 4
20 3
21 1
22 0
23 0
last timestep 23
node 2624 iteration 7
0 0
1 1
2 4
3 5
4 9
5 7
6 10
7 9
8 9
9 20
10 32
11 42
12 46
13 69
14 95
15 82
16 84
17 72
18 68
19 59
20 33
21 21
22 22
23 13
24 9
25 7
26 4
27 4
28 1
29 1
30 0
31 0
last timestep 31
node 2624 iteration 8
0 0
1 3
2 12
3 10
4 18
5 27
6 49
7 97
8 86
9 98
10 81
11 76
12 53
13 26
14 23
15 6
16 3
17 4
18 4
19 2
20 0
21 0
last timestep 21
node 2624 iteration 9
0 0
1 2
2 1
3 0
4 0
last timestep 4
