node 499 iteration 0
0 0
1 2
2 1
3 3
4 3
5 6
6 17
7 28
8 53
9 73
10 91
11 100
12 80
13 87
14 81
15 64
16 48
17 43
18 20
19 9
20 11
21 3
22 1
23 3
24 3
25 1
26 1
27 0
28 0
last timestep 28
node 499 iteration 1
0 0
1 2
2 1
3 2
4 0
5 0
last timestep 5
node 499 iteration 2
0 0
1 4
2 8
3 8
4 24
5 24
6 39
7 51
8 59
9 91
10 119
11 89
12 85
13 86
14 77
15 60
16 41
17 22
18 7
19 4
20 6
21 3
22 1
23 1
24 1
25 0
26 0
last timestep 26
node 499 iteration 3
0 0
1 3
2 2
3 3
4 26
5 53
6 95
7 111
8 141
9 133
10 95
11 54
12 43
13 30
14 13
15 6
16 5
17 2
18 0
19 0
last timestep 19
node 499 iteration 4
0 0
1 7
2 5
3 4
4 8
5 19
6 32
7 37
8 38
9 48
10 74
11 81
12 93
13 104
14 91
15 65
16 56
17 52
18 19
19 13
20 11
21 7
22 3
23 2
24 0
25 0
last timestep 25
node 499 iteration 5
0 0
1 7
2 7
3 8
4 19
5 39
6 59
7 61
8 79
9 75
10 106
11 85
12 75
13 61
14 42
15 20
16 18
17 17
18 10
19 4
20 5
21 3
22 2
23 1
24 1
25 1
26 0
27 0
last timestep 27
node 499 iteration 6
0 0
1 8
2 11
3 23
4 45
5 48
6 67
7 95
8 124
9 107
10 100
11 74
12 43
13 41
14 35
15 23
16 18
17 8
18 3
19 1
20 2
21 0
22 1
23 0
last timestep 23
node 499 iteration 7
0 0
1 6
2 5
3 11
4 28
5 20
6 33
7 55
8 71
9 78
10 95
11 108
12 86
13 81
14 51
15 27
16 22
17 11
18 14
19 16
20 5
21 3
22 1
23 0
24 0
last timestep 24
node 499 iteration 8
0 0
1 3
2 5
3 7
4 4
5 5
6 11
7 9
8 7
9 9
10 21
11 29
12 49
13 45
14 79
15 77
16 75
17 78
18 54
19 44
20 18
21 18
22 11
23 8
24 10
25 7
26 13
27 12
28 6
29 1
30 1
31 0
32 0
last timestep 32
node 499 iteration 9
0 0
1 5
2 4
3 15
4 24
5 23
6 22
7 46
8 48
9 60
10 65
11 62
12 69
13 66
14 60
15 45
16 28
17 34
18 27
19 16
20 16
21 27
22 16
23 22
24 11
25 8
26 6
27 5
28 0
29 0
last timestep 29
