node 696 iteration 0
0 0
1 0
2 0
last timestep 2
node 696 iteration 1
0 0
1 2
2 4
3 6
4 8
5 10
6 12
7 21
8 42
9 50
10 78
11 98
12 103
13 93
14 97
15 66
16 52
17 47
18 19
19 19
20 7
21 6
22 4
23 3
24 0
25 0
last timestep 25
node 696 iteration 2
0 0
1 2
2 3
3 11
4 17
5 39
6 48
7 59
8 67
9 80
10 87
11 65
12 66
13 55
14 42
15 36
16 23
17 22
18 9
19 4
20 3
21 2
22 1
23 1
24 0
25 0
last timestep 25
node 696 iteration 3
0 0
1 1
2 5
3 3
4 5
5 1
6 1
7 0
8 0
last timestep 8
node 696 iteration 4
0 0
1 6
2 4
3 5
4 6
5 10
6 24
7 20
8 27
9 53
10 55
11 83
12 87
13 110
14 86
15 76
16 51
17 31
18 17
19 22
20 14
21 9
22 3
23 2
24 0
25 0
last timestep 25
node 696 iteration 5
0 0
1 0
2 0
last timestep 2
node 696 iteration 6
0 0
1 2
2 4
3 8
4 7
5 10
6 15
7 25
8 44
9 69
10 91
11 108
12 78
13 88
14 70
15 61
16 43
17 41
18 32
19 21
20 15
21 12
22 7
23 5
24 3
25 3
26 1
27 0
28 0
last timestep 28
node 696 iteration 7
0 0
1 3
2 1
3 2
4 4
5 5
6 8
7 6
8 15
9 16
10 12
11 11
12 17
13 17
14 22
15 52
16 50
17 63
18 81
19 78
20 80
21 72
22 51
23 52
24 37
25 32
26 9
27 8
28 3
29 1
30 0
31 0
last timestep 31
node 696 iteration 8
0 0
1 2
2 3
3 2
4 7
5 9
6 21
7 27
8 30
9 46
10 61
11 73
12 94
13 93
14 77
15 62
16 50
17 36
18 28
19 23
20 26
21 12
22 10
23 9
24 14
25 8
26 4
27 0
28 0
last timestep 28
node 696 iteration 9
0 0
1 1
2 0
3 0
last timestep 3
