node 2079 iteration 0
0 0
1 5
2 12
3 19
4 30
5 40
6 47
7 62
8 76
9 90
10 81
11 80
12 76
13 55
14 44
15 49
16 39
17 33
18 27
19 10
20 8
21 3
22 0
23 0
last timestep 23
node 2079 iteration 1
0 0
1 2
2 3
3 6
4 3
5 3
6 1
7 1
8 1
9 0
10 0
last timestep 10
node 2079 iteration 2
0 0
1 3
2 0
3 1
4 0
last timestep 4
node 2079 iteration 3
0 0
1 3
2 2
3 3
4 1
5 2
6 4
7 5
8 12
9 25
10 38
11 42
12 52
13 53
14 79
15 99
16 95
17 98
18 86
19 60
20 27
21 22
22 9
23 6
24 4
25 2
26 2
27 5
28 7
29 3
30 2
31 2
32 0
33 1
34 0
last timestep 34
node 2079 iteration 4
0 0
1 1
2 3
3 4
4 21
5 32
6 30
7 47
8 62
9 51
10 70
11 87
12 95
13 75
14 74
15 51
16 42
17 29
18 19
19 18
20 9
21 4
22 2
23 1
24 1
25 3
26 1
27 0
28 0
last timestep 28
node 2079 iteration 5
0 0
1 1
2 2
3 2
4 3
5 1
6 0
7 0
last timestep 7
node 2079 iteration 6
0 0
1 1
2 2
3 2
4 3
5 4
6 16
7 13
8 23
9 47
10 52
11 75
12 82
13 70
14 94
15 82
16 69
17 45
18 36
19 19
20 18
21 11
22 4
23 1
24 0
25 0
last timestep 25
node 2079 iteration 7
0 0
1 2
2 3
3 9
4 10
5 9
6 5
7 6
8 10
9 25
10 47
11 71
12 99
13 99
14 107
15 94
16 91
17 63
18 60
19 28
20 16
21 10
22 6
23 2
24 1
25 3
26 2
27 0
28 0
last timestep 28
node 2079 iteration 8
0 0
1 3
2 2
3 4
4 16
5 8
6 19
7 21
8 32
9 40
10 71
11 91
12 83
13 97
14 78
15 76
16 47
17 26
18 28
19 21
20 16
21 5
22 1
23 0
24 0
last timestep 24
node 2079 iteration 9
0 0
1 2
2 0
3 0
last timestep 3
