node 40 iteration 0
0 0
1 2
2 1
3 2
4 3
5 0
6 0
last timestep 6
node 40 iteration 1
0 0
1 2
2 2
3 3
4 4
5 11
6 20
7 24
8 22
9 24
10 33
11 40
12 50
13 54
14 66
15 70
16 65
17 62
18 37
19 29
20 11
21 20
22 22
23 17
24 8
25 5
26 4
27 6
28 3
29 3
30 3
31 3
32 1
33 0
34 0
last timestep 34
node 40 iteration 2
0 0
1 2
2 0
3 0
last timestep 3
node 40 iteration 3
0 0
1 4
2 4
3 3
4 1
5 0
6 0
last timestep 6
node 40 iteration 4
0 0
1 2
2 2
3 0
4 2
5 8
6 6
7 12
8 10
9 13
10 21
11 44
12 61
13 81
14 110
15 108
16 105
17 103
18 75
19 48
20 31
21 19
22 8
23 2
24 2
25 1
26 0
last timestep 26
node 40 iteration 5
0 0
1 1
2 0
3 1
4 1
5 1
6 3
7 1
8 2
9 1
10 2
11 2
12 1
13 2
14 1
15 0
last timestep 15
node 40 iteration 6
0 0
1 0
2 2
3 0
last timestep 3
node 40 iteration 7
0 0
1 3
2 0
3 1
4 1
5 2
6 5
7 8
8 5
9 7
10 19
11 32
12 39
13 69
14 104
15 89
16 108
17 119
18 84
19 52
20 36
21 25
22 22
23 7
24 1
25 1
26 0
last timestep 26
node 40 iteration 8
0 0
1 1
2 6
3 4
4 4
5 5
6 11
7 19
8 28
9 38
10 51
11 50
12 73
13 81
14 49
15 69
16 50
17 44
18 40
19 27
20 24
21 18
22 16
23 6
24 5
25 7
26 11
27 5
28 2
29 0
30 0
last timestep 30
node 40 iteration 9
0 0
1 2
2 3
3 2
4 2
5 2
6 0
7 0
last timestep 7
