node 156 iteration 0
0 0
1 4
2 14
3 19
4 33
5 53
6 62
7 72
8 83
9 82
10 78
11 86
12 74
13 52
14 41
15 40
16 34
17 23
18 20
19 15
20 9
21 6
22 2
23 0
24 0
last timestep 24
node 156 iteration 1
0 0
1 3
2 1
3 0
4 0
last timestep 4
node 156 iteration 2
0 0
1 3
2 2
3 0
4 0
last timestep 4
node 156 iteration 3
0 0
1 2
2 3
3 0
4 0
last timestep 4
node 156 iteration 4
0 0
1 7
2 7
3 10
4 7
5 10
6 13
7 24
8 38
9 55
10 70
11 61
12 72
13 58
14 63
15 54
16 48
17 30
18 38
19 22
20 25
21 30
22 19
23 19
24 11
25 7
26 3
27 0
28 0
last timestep 28
node 156 iteration 5
0 0
1 2
2 0
3 0
last timestep 3
node 156 iteration 6
0 0
1 2
2 1
3 2
4 7
5 7
6 13
7 32
8 49
9 46
10 78
11 101
12 85
13 78
14 59
15 51
16 53
17 39
18 30
19 17
20 17
21 13
22 9
23 6
24 4
25 0
26 5
27 4
28 3
29 3
30 0
last timestep 30
node 156 iteration 7
0 0
1 10
2 8
3 9
4 9
5 18
6 27
7 28
8 47
9 44
10 61
11 74
12 68
13 74
14 61
15 67
16 48
17 22
18 28
19 22
20 10
21 4
22 6
23 1
24 2
25 1
26 0
27 0
last timestep 27
node 156 iteration 8
0 0
1 3
2 0
3 2
4 5
5 6
6 8
7 8
8 8
9 7
10 4
11 9
12 19
13 28
14 40
15 63
16 91
17 78
18 89
19 68
20 63
21 42
22 47
23 33
24 23
25 9
26 5
27 1
28 2
29 0
last timestep 29
node 156 iteration 9
0 0
1 6
2 12
3 22
4 22
5 18
6 22
7 28
8 30
9 40
10 42
11 39
12 39
13 41
14 47
15 56
16 50
17 48
18 29
19 22
20 18
21 13
22 10
23 7
24 8
25 6
26 4
27 2
28 0
29 0
last timestep 29
