node 52 iteration 0
0 0
1 2
2 1
3 4
4 4
5 3
6 1
7 3
8 5
9 5
10 5
11 5
12 6
13 8
14 19
15 23
16 43
17 53
18 52
19 78
20 79
21 51
22 61
23 47
24 50
25 50
26 36
27 28
28 25
29 14
30 4
31 5
32 5
33 7
34 5
35 3
36 3
37 1
38 1
39 1
40 0
41 0
last timestep 41
node 52 iteration 1
0 0
1 1
2 2
3 2
4 2
5 2
6 4
7 1
8 0
9 0
last timestep 9
node 52 iteration 2
0 0
1 1
2 7
3 10
4 8
5 12
6 20
7 20
8 32
9 51
10 74
11 59
12 51
13 62
14 55
15 46
16 40
17 50
18 34
19 27
20 17
21 13
22 12
23 9
24 7
25 6
26 4
27 0
28 0
last timestep 28
node 52 iteration 3
0 0
1 0
2 0
last timestep 2
node 52 iteration 4
0 0
1 2
2 4
3 2
4 1
5 4
6 3
7 9
8 14
9 10
10 5
11 12
12 11
13 9
14 23
15 31
16 26
17 36
18 55
19 57
20 62
21 67
22 62
23 53
24 45
25 49
26 39
27 26
28 20
29 11
30 6
31 6
32 2
33 1
34 1
35 2
36 0
37 0
last timestep 37
node 52 iteration 5
0 0
1 2
2 0
3 0
last timestep 3
node 52 iteration 6
0 0
1 4
2 0
3 0
last timestep 3
node 52 iteration 7
0 0
1 2
2 3
3 5
4 4
5 7
6 10
7 20
8 26
9 45
10 52
11 59
12 73
13 62
14 82
15 75
16 74
17 64
18 64
19 43
20 33
21 19
22 10
23 5
24 6
25 9
26 11
27 5
28 4
29 4
30 1
31 4
32 3
33 4
34 1
35 0
36 0
last timestep 36
node 52 iteration 8
0 0
1 0
2 0
last timestep 2
node 52 iteration 9
0 0
1 1
2 0
3 0
last timestep 3
