node 1266 iteration 0
0 0
1 1
2 0
3 0
last timestep 3
node 1266 iteration 1
0 0
1 2
2 0
3 0
last timestep 3
node 1266 iteration 2
0 0
1 6
2 8
3 17
4 28
5 72
6 72
7 80
8 67
9 82
10 68
11 54
12 52
13 47
14 27
15 22
16 13
17 14
18 10
19 7
20 10
21 8
22 17
23 9
24 6
25 6
26 5
27 5
28 6
29 1
30 1
31 1
32 1
33 0
34 0
last timestep 34
node 1266 iteration 3
0 0
1 1
2 0
3 0
last timestep 3
node 1266 iteration 4
0 0
1 1
2 1
3 7
4 6
5 8
6 16
7 18
8 23
9 42
10 50
11 65
12 82
13 100
14 67
15 60
16 46
17 51
18 40
19 27
20 21
21 19
22 17
23 9
24 4
25 2
26 3
27 2
28 0
29 0
last timestep 29
node 1266 iteration 5
0 0
1 3
2 2
3 5
4 11
5 19
6 29
7 34
8 45
9 85
10 97
11 101
12 99
13 96
14 85
15 48
16 26
17 21
18 14
19 14
20 15
21 10
22 5
23 2
24 1
25 0
26 0
last timestep 26
node 1266 iteration 6
0 0
1 4
2 5
3 11
4 10
5 9
6 15
7 25
8 16
9 32
10 34
11 42
12 50
13 75
14 74
15 76
16 70
17 49
18 33
19 33
20 29
21 23
22 14
23 5
24 5
25 6
26 8
27 5
28 7
29 7
30 5
31 2
32 1
33 2
34 0
35 0
last timestep 35
node 1266 iteration 7
0 0
1 2
2 1
3 3
4 3
5 4
6 2
7 2
8 1
9 6
10 18
11 7
12 18
13 14
14 34
15 47
16 63
17 83
18 100
19 95
20 74
21 51
22 42
23 36
24 27
25 19
26 16
27 11
28 5
29 3
30 1
31 3
32 1
33 3
34 0
35 0
last timestep 35
node 1266 iteration 8
0 0
1 2
2 5
3 9
4 9
5 28
6 36
7 42
8 43
9 49
10 50
11 50
12 36
13 31
14 29
15 41
16 39
17 26
18 21
19 24
20 25
21 13
22 11
23 13
24 10
25 8
26 1
27 0
28 0
last timestep 28
node 1266 iteration 9
0 0
1 2
2 4
3 6
4 6
5 6
6 7
7 26
8 34
9 32
10 38
11 56
12 68
13 70
14 85
15 79
16 53
17 46
18 35
19 33
20 25
21 22
22 14
23 19
24 5
25 3
26 0
27 0
last timestep 27
