node 1673 iteration 0
0 0
1 1
2 3
3 4
4 2
5 0
6 0
last timestep 6
node 1673 iteration 1
0 0
1 0
2 0
last timestep 2
node 1673 iteration 2
0 0
1 0
2 0
last timestep 2
node 1673 iteration 3
0 0
1 2
2 13
3 21
4 37
5 70
6 92
7 112
8 126
9 162
10 100
11 62
12 45
13 29
14 28
15 13
16 6
17 3
18 0
19 0
last timestep 19
node 1673 iteration 4
0 0
1 3
2 10
3 12
4 19
5 25
6 35
7 44
8 63
9 77
10 103
11 83
12 83
13 73
14 51
15 32
16 18
17 17
18 12
19 15
20 3
21 3
22 2
23 1
24 1
25 0
26 0
last timestep 26
node 1673 iteration 5
0 0
1 2
2 4
3 4
4 6
5 6
6 10
7 28
8 30
9 57
10 61
11 72
12 92
13 82
14 77
15 61
16 49
17 44
18 32
19 24
20 20
21 21
22 20
23 14
24 15
25 10
26 8
27 5
28 1
29 0
30 0
last timestep 30
node 1673 iteration 6
0 0
1 3
2 4
3 8
4 8
5 14
6 18
7 36
8 30
9 37
10 47
11 52
12 51
13 58
14 55
15 59
16 55
17 51
18 31
19 13
20 14
21 9
22 10
23 7
24 4
25 3
26 3
27 0
28 1
29 1
30 3
31 2
32 7
33 10
34 4
35 3
36 6
37 8
38 6
39 3
40 0
last timestep 40
node 1673 iteration 7
0 0
1 1
2 0
3 1
4 1
5 2
6 3
7 2
8 1
9 3
10 1
11 0
last timestep 11
node 1673 iteration 8
0 0
1 2
2 3
3 8
4 11
5 18
6 18
7 36
8 44
9 56
10 77
11 96
12 103
13 84
14 69
15 59
16 37
17 21
18 13
19 4
20 3
21 4
22 1
23 1
24 2
25 0
26 0
last timestep 26
node 1673 iteration 9
0 0
1 3
2 1
3 1
4 3
5 5
6 9
7 10
8 31
9 38
10 52
11 48
12 49
13 51
14 50
15 53
16 58
17 50
18 51
19 38
20 32
21 23
22 19
23 16
24 7
25 4
26 6
27 2
28 1
29 2
30 1
31 0
32 0
last timestep 32
