node 1040 iteration 0
0 0
1 5
2 12
3 11
4 15
5 17
6 32
7 20
8 38
9 57
10 74
11 73
12 69
13 58
14 56
15 51
16 41
17 24
18 19
19 9
20 13
21 8
22 4
23 2
24 2
25 0
26 0
last timestep 26
node 1040 iteration 1
0 0
1 4
2 6
3 12
4 16
5 20
6 22
7 41
8 32
9 27
10 44
11 50
12 44
13 42
14 44
15 37
16 47
17 39
18 26
19 36
20 25
21 33
22 22
23 13
24 16
25 7
26 6
27 3
28 2
29 1
30 2
31 1
32 0
33 0
last timestep 33
node 1040 iteration 2
0 0
1 4
2 4
3 5
4 20
5 19
6 29
7 33
8 44
9 49
10 64
11 78
12 85
13 94
14 74
15 56
16 39
17 34
18 23
19 13
20 10
21 8
22 10
23 7
24 1
25 0
26 0
last timestep 26
node 1040 iteration 3
0 0
1 0
2 4
3 12
4 11
5 17
6 24
7 30
8 48
9 68
10 90
11 86
12 109
13 89
14 69
15 69
16 48
17 35
18 21
19 12
20 5
21 2
22 0
last timestep 22
node 1040 iteration 4
0 0
1 5
2 6
3 15
4 24
5 42
6 50
7 68
8 86
9 114
10 103
11 95
12 74
13 55
14 23
15 25
16 16
17 3
18 4
19 2
20 0
21 0
last timestep 21
node 1040 iteration 5
0 0
1 1
2 0
3 0
last timestep 3
node 1040 iteration 6
0 0
1 4
2 0
3 2
4 4
5 5
6 11
7 9
8 13
9 30
10 36
11 59
12 73
13 81
14 108
15 85
16 70
17 59
18 52
19 25
20 26
21 14
22 22
23 11
24 7
25 7
26 5
27 7
28 5
29 4
30 1
31 0
last timestep 31
node 1040 iteration 7
0 0
1 1
2 1
3 0
4 0
last timestep 4
node 1040 iteration 8
0 0
1 5
2 1
3 2
4 3
5 14
6 29
7 38
8 58
9 84
10 89
11 81
12 81
13 82
14 78
15 65
16 36
17 18
18 10
19 11
20 5
21 4
22 0
23 2
24 1
25 0
last timestep 25
node 1040 iteration 9
0 0
1 4
2 7
3 16
4 14
5 26
6 43
7 61
8 79
9 84
10 78
11 89
12 71
13 57
14 43
15 36
16 18
17 15
18 8
19 11
20 13
21 9
22 5
23 3
24 0
25 0
last timestep 25
