node 1994 iteration 0
0 0
1 2
2 4
3 7
4 7
5 20
6 28
7 44
8 57
9 80
10 95
11 128
12 124
13 90
14 68
15 45
16 32
17 25
18 14
19 12
20 12
21 7
22 7
23 7
24 5
25 6
26 0
27 0
last timestep 27
node 1994 iteration 1
0 0
1 3
2 4
3 3
4 5
5 14
6 15
7 46
8 75
9 129
10 146
11 122
12 81
13 64
14 37
15 28
16 19
17 13
18 4
19 3
20 2
21 3
22 0
23 0
last timestep 23
node 1994 iteration 2
0 0
1 1
2 0
3 0
last timestep 3
node 1994 iteration 3
0 0
1 1
2 4
3 4
4 11
5 11
6 19
7 23
8 45
9 58
10 51
11 76
12 98
13 102
14 94
15 91
16 54
17 54
18 26
19 23
20 22
21 19
22 12
23 6
24 1
25 2
26 1
27 0
28 0
last timestep 28
node 1994 iteration 4
0 0
1 1
2 2
3 1
4 1
5 0
6 0
last timestep 6
node 1994 iteration 5
0 0
1 1
2 3
3 3
4 11
5 23
6 32
7 51
8 77
9 80
10 95
11 89
12 85
13 61
14 42
15 42
16 32
17 22
18 12
19 5
20 2
21 3
22 0
23 0
last timestep 23
node 1994 iteration 6
0 0
1 2
2 6
3 4
4 8
5 9
6 13
7 23
8 36
9 60
10 77
11 96
12 93
13 90
14 102
15 82
16 37
17 34
18 24
19 19
20 12
21 7
22 6
23 2
24 1
25 0
26 0
last timestep 26
node 1994 iteration 7
0 0
1 1
2 0
3 0
last timestep 3
node 1994 iteration 8
0 0
1 1
2 5
3 8
4 24
5 37
6 56
7 64
8 88
9 89
10 87
11 75
12 75
13 74
14 57
15 33
16 19
17 24
18 13
19 7
20 4
21 3
22 0
23 0
last timestep 23
node 1994 iteration 9
0 0
1 1
2 1
3 4
4 3
5 8
6 17
7 15
8 28
9 52
10 73
11 94
12 101
13 105
14 92
15 69
16 45
17 17
18 14
19 10
20 4
21 1
22 0
23 0
last timestep 23
