node 1082 iteration 0
0 0
1 2
2 8
3 8
4 13
5 14
6 21
7 24
8 25
9 29
10 35
11 43
12 75
13 111
14 92
15 74
16 64
17 50
18 33
19 42
20 25
21 14
22 10
23 2
24 7
25 0
26 0
last timestep 26
node 1082 iteration 1
0 0
1 3
2 5
3 4
4 11
5 22
6 37
7 72
8 86
9 87
10 81
11 93
12 78
13 57
14 35
15 29
16 22
17 20
18 8
19 10
20 4
21 5
22 3
23 1
24 0
25 0
last timestep 25
node 1082 iteration 2
0 0
1 2
2 5
3 4
4 6
5 7
6 5
7 14
8 17
9 21
10 20
11 32
12 64
13 68
14 97
15 139
16 124
17 93
18 72
19 58
20 38
21 29
22 12
23 5
24 2
25 1
26 0
27 0
last timestep 27
node 1082 iteration 3
0 0
1 2
2 5
3 1
4 0
5 0
last timestep 5
node 1082 iteration 4
0 0
1 1
2 1
3 0
4 0
last timestep 4
node 1082 iteration 5
0 0
1 2
2 1
3 2
4 3
5 6
6 7
7 4
8 9
9 11
10 13
11 31
12 35
13 68
14 71
15 72
16 79
17 66
18 57
19 51
20 47
21 39
22 23
23 20
24 17
25 18
26 5
27 8
28 2
29 3
30 2
31 1
32 0
33 0
last timestep 33
node 1082 iteration 6
0 0
1 1
2 1
3 3
4 2
5 5
6 9
7 20
8 29
9 29
10 27
11 35
12 39
13 50
14 68
15 78
16 71
17 81
18 73
19 58
20 31
21 20
22 13
23 5
24 7
25 3
26 3
27 0
28 0
last timestep 28
node 1082 iteration 7
0 0
1 4
2 3
3 4
4 5
5 2
6 3
7 0
8 0
last timestep 8
node 1082 iteration 8
0 0
1 0
2 0
last timestep 2
node 1082 iteration 9
0 0
1 3
2 4
3 8
4 2
5 3
6 0
7 0
last timestep 7
