node 114 iteration 0
0 0
1 6
2 9
3 17
4 25
5 33
6 33
7 40
8 44
9 50
10 53
11 60
12 63
13 69
14 53
15 55
16 50
17 51
18 45
19 26
20 21
21 18
22 18
23 8
24 3
25 0
26 0
last timestep 26
node 114 iteration 1
0 0
1 7
2 9
3 6
4 10
5 21
6 13
7 26
8 22
9 19
10 32
11 27
12 40
13 57
14 67
15 80
16 83
17 59
18 46
19 24
20 18
21 16
22 9
23 12
24 10
25 10
26 10
27 7
28 9
29 5
30 11
31 1
32 4
33 6
34 2
35 1
36 0
37 0
last timestep 37
node 114 iteration 2
0 0
1 8
2 13
3 14
4 16
5 25
6 52
7 61
8 68
9 76
10 67
11 64
12 54
13 63
14 63
15 58
16 44
17 32
18 33
19 13
20 8
21 9
22 2
23 2
24 2
25 1
26 0
27 0
last timestep 27
node 114 iteration 3
0 0
1 12
2 36
3 33
4 41
5 62
6 88
7 107
8 113
9 76
10 51
11 42
12 35
13 27
14 19
15 10
16 12
17 6
18 3
19 2
20 2
21 1
22 0
23 0
last timestep 23
node 114 iteration 4
0 0
1 15
2 16
3 21
4 33
5 69
6 97
7 125
8 115
9 98
10 74
11 62
12 38
13 23
14 12
15 12
16 2
17 1
18 0
19 0
last timestep 19
node 114 iteration 5
0 0
1 15
2 20
3 43
4 36
5 44
6 63
7 75
8 68
9 78
10 71
11 67
12 50
13 43
14 32
15 12
16 7
17 5
18 4
19 6
20 2
21 0
22 0
last timestep 22
node 114 iteration 6
0 0
1 9
2 12
3 13
4 48
5 43
6 48
7 47
8 85
9 88
10 87
11 75
12 70
13 50
14 35
15 21
16 12
17 7
18 5
19 2
20 3
21 1
22 0
23 0
last timestep 23
node 114 iteration 7
0 0
1 8
2 9
3 17
4 21
5 44
6 61
7 98
8 99
9 90
10 100
11 68
12 44
13 39
14 21
15 16
16 7
17 5
18 5
19 2
20 2
21 1
22 4
23 9
24 8
25 3
26 1
27 1
28 0
29 0
last timestep 29
node 114 iteration 8
0 0
1 4
2 3
3 2
4 0
5 0
last timestep 5
node 114 iteration 9
0 0
1 5
2 15
3 30
4 45
5 62
6 82
7 102
8 94
9 103
10 93
11 74
12 43
13 32
14 20
15 8
16 6
17 7
18 7
19 5
20 6
21 6
22 3
23 1
24 1
25 0
26 0
last timestep 26
