node 612 iteration 0
0 0
1 0
2 0
last timestep 2
node 612 iteration 1
0 0
1 2
2 14
3 26
4 47
5 73
6 96
7 115
8 117
9 100
10 72
11 68
12 48
13 23
14 23
15 8
16 3
17 0
18 0
last timestep 18
node 612 iteration 2
0 0
1 2
2 1
3 3
4 4
5 3
6 5
7 12
8 19
9 27
10 22
11 35
12 49
13 48
14 62
15 79
16 69
17 54
18 68
19 55
20 43
21 38
22 33
23 21
24 13
25 9
26 6
27 2
28 2
29 3
30 2
31 2
32 0
33 0
last timestep 33
node 612 iteration 3
0 0
1 1
2 1
3 2
4 3
5 6
6 4
7 14
8 17
9 19
10 18
11 20
12 38
13 39
14 40
15 66
16 77
17 83
18 90
19 88
20 75
21 47
22 31
23 19
24 15
25 12
26 9
27 6
28 7
29 3
30 0
31 0
last timestep 31
node 612 iteration 4
0 0
1 1
2 3
3 2
4 4
5 16
6 39
7 59
8 90
9 105
10 104
11 100
12 98
13 90
14 67
15 42
16 14
17 4
18 4
19 2
20 0
21 0
last timestep 21
node 612 iteration 5
0 0
1 0
2 0
last timestep 2
node 612 iteration 6
0 0
1 2
2 2
3 14
4 5
5 12
6 25
7 22
8 33
9 45
10 63
11 78
12 80
13 81
14 74
15 62
16 68
17 58
18 34
19 30
20 17
21 14
22 11
23 8
24 3
25 2
26 1
27 0
28 0
last timestep 28
node 612 iteration 7
0 0
1 1
2 0
3 0
last timestep 3
node 612 iteration 8
0 0
1 2
2 0
3 0
last timestep 3
node 612 iteration 9
0 0
1 1
2 0
3 0
last timestep 3
