node 983 iteration 0
0 0
1 5
2 1
3 1
4 2
5 4
6 8
7 10
8 13
9 15
10 19
11 27
12 20
13 21
14 34
15 40
16 54
17 79
18 90
19 81
20 57
21 54
22 37
23 25
24 22
25 20
26 10
27 13
28 11
29 8
30 4
31 1
32 0
33 0
last timestep 33
node 983 iteration 1
0 0
1 4
2 3
3 11
4 21
5 20
6 33
7 45
8 56
9 99
10 96
11 92
12 79
13 64
14 53
15 48
16 21
17 15
18 13
19 10
20 5
21 6
22 3
23 2
24 0
25 0
last timestep 25
node 983 iteration 2
0 0
1 2
2 3
3 6
4 6
5 1
6 8
7 18
8 26
9 33
10 43
11 67
12 67
13 76
14 74
15 64
16 62
17 73
18 66
19 55
20 27
21 25
22 10
23 5
24 1
25 1
26 3
27 1
28 3
29 1
30 0
31 0
last timestep 31
node 983 iteration 3
0 0
1 5
2 4
3 13
4 17
5 31
6 44
7 53
8 52
9 54
10 69
11 67
12 79
13 62
14 52
15 45
16 51
17 44
18 32
19 20
20 6
21 4
22 1
23 1
24 0
25 0
last timestep 25
node 983 iteration 4
0 0
1 0
2 3
3 2
4 1
5 7
6 13
7 28
8 58
9 80
10 87
11 91
12 85
13 75
14 75
15 52
16 36
17 15
18 10
19 12
20 7
21 9
22 5
23 6
24 7
25 1
26 0
last timestep 26
node 983 iteration 5
0 0
1 2
2 2
3 5
4 7
5 9
6 11
7 23
8 24
9 25
10 48
11 61
12 69
13 96
14 109
15 97
16 74
17 60
18 38
19 22
20 18
21 12
22 7
23 4
24 0
25 1
26 4
27 6
28 0
last timestep 28
node 983 iteration 6
0 0
1 0
2 0
last timestep 2
node 983 iteration 7
0 0
1 6
2 10
3 27
4 36
5 60
6 60
7 91
8 106
9 96
10 69
11 71
12 49
13 48
14 19
15 14
16 15
17 12
18 3
19 1
20 0
21 0
last timestep 21
node 983 iteration 8
0 0
1 5
2 3
3 1
4 5
5 2
6 5
7 3
8 7
9 16
10 13
11 12
12 19
13 30
14 28
15 43
16 49
17 51
18 47
19 40
20 47
21 45
22 53
23 36
24 32
25 25
26 24
27 21
28 17
29 13
30 2
31 4
32 2
33 1
34 2
35 0
36 0
last timestep 36
node 983 iteration 9
0 0
1 5
2 3
3 2
4 0
5 0
last timestep 5
