node 933 iteration 0
0 0
1 2
2 5
3 2
4 3
5 3
6 7
7 9
8 16
9 8
10 16
11 24
12 46
13 55
14 86
15 96
16 76
17 79
18 80
19 71
20 64
21 31
22 22
23 9
24 5
25 5
26 2
27 1
28 0
29 0
last timestep 29
node 933 iteration 1
0 0
1 1
2 1
3 5
4 5
5 3
6 0
7 0
last timestep 7
node 933 iteration 2
0 0
1 1
2 1
3 2
4 3
5 4
6 3
7 6
8 9
9 8
10 8
11 11
12 26
13 42
14 42
15 58
16 61
17 70
18 63
19 67
20 53
21 68
22 52
23 51
24 37
25 19
26 16
27 2
28 1
29 0
30 0
last timestep 30
node 933 iteration 3
0 0
1 0
2 0
last timestep 2
node 933 iteration 4
0 0
1 2
2 1
3 1
4 3
5 4
6 4
7 2
8 5
9 12
10 29
11 25
12 43
13 53
14 55
15 92
16 99
17 87
18 94
19 60
20 44
21 37
22 30
23 25
24 13
25 18
26 6
27 5
28 1
29 4
30 4
31 0
32 0
last timestep 32
node 933 iteration 5
0 0
1 3
2 1
3 1
4 1
5 2
6 3
7 9
8 8
9 11
10 16
11 15
12 16
13 32
14 38
15 50
16 60
17 64
18 76
19 88
20 89
21 73
22 63
23 58
24 30
25 19
26 8
27 6
28 1
29 0
30 0
last timestep 30
node 933 iteration 6
0 0
1 0
2 0
last timestep 2
node 933 iteration 7
0 0
1 1
2 2
3 2
4 1
5 2
6 7
7 19
8 31
9 40
10 64
11 59
12 94
13 119
14 85
15 86
16 64
17 66
18 43
19 29
20 19
21 12
22 4
23 4
24 1
25 1
26 1
27 0
28 0
last timestep 28
node 933 iteration 8
0 0
1 0
2 0
last timestep 2
node 933 iteration 9
0 0
1 0
2 0
last timestep 2
