node 1135 iteration 0
0 0
1 3
2 1
3 1
4 1
5 4
6 1
7 4
8 5
9 5
10 21
11 39
12 37
13 27
14 49
15 51
16 52
17 42
18 42
19 51
20 40
21 34
22 24
23 21
24 20
25 15
26 12
27 8
28 9
29 10
30 4
31 13
32 3
33 0
34 0
last timestep 34
node 1135 iteration 1
0 0
1 1
2 1
3 2
4 7
5 7
6 16
7 14
8 24
9 26
10 42
11 59
12 45
13 63
14 89
15 106
16 88
17 87
18 54
19 40
20 18
21 14
22 11
23 21
24 6
25 4
26 4
27 1
28 0
29 0
last timestep 29
node 1135 iteration 2
0 0
1 2
2 0
3 2
4 1
5 5
6 10
7 20
8 27
9 40
10 33
11 52
12 57
13 60
14 66
15 45
16 38
17 69
18 41
19 40
20 14
21 23
22 19
23 11
24 9
25 3
26 1
27 0
last timestep 27
node 1135 iteration 3
0 0
1 5
2 11
3 19
4 29
5 51
6 66
7 91
8 72
9 72
10 78
11 97
12 72
13 53
14 36
15 32
16 15
17 9
18 8
19 5
20 5
21 9
22 6
23 4
24 6
25 5
26 0
27 0
last timestep 27
node 1135 iteration 4
0 0
1 3
2 1
3 0
4 0
last timestep 4
node 1135 iteration 5
0 0
1 3
2 0
3 0
last timestep 3
node 1135 iteration 6
0 0
1 5
2 8
3 6
4 12
5 12
6 22
7 47
8 70
9 66
10 59
11 72
12 69
13 56
14 43
15 28
16 22
17 15
18 18
19 13
20 9
21 5
22 7
23 4
24 5
25 3
26 5
27 0
28 1
29 0
last timestep 29
node 1135 iteration 7
0 0
1 2
2 3
3 1
4 1
5 1
6 7
7 11
8 17
9 19
10 21
11 18
12 17
13 17
14 26
15 33
16 45
17 57
18 73
19 89
20 73
21 70
22 60
23 33
24 21
25 14
26 15
27 9
28 9
29 6
30 5
31 3
32 2
33 0
34 0
last timestep 34
node 1135 iteration 8
0 0
1 4
2 0
3 0
last timestep 3
node 1135 iteration 9
0 0
1 1
2 2
3 1
4 0
5 0
last timestep 5
