node 1288 iteration 0
0 0
1 1
2 0
3 2
4 3
5 12
6 16
7 34
8 41
9 55
10 77
11 83
12 88
13 84
14 71
15 60
16 48
17 35
18 24
19 16
20 15
21 12
22 9
23 8
24 6
25 4
26 2
27 1
28 3
29 0
last timestep 29
node 1288 iteration 1
0 0
1 4
2 6
3 9
4 12
5 23
6 22
7 26
8 44
9 51
10 61
11 79
12 95
13 50
14 67
15 52
16 39
17 32
18 28
19 27
20 25
21 23
22 18
23 9
24 6
25 10
26 3
27 4
28 5
29 0
30 1
31 0
last timestep 31
node 1288 iteration 2
0 0
1 2
2 3
3 2
4 8
5 15
6 20
7 35
8 39
9 66
10 107
11 98
12 93
13 79
14 93
15 56
16 29
17 41
18 22
19 15
20 20
21 13
22 4
23 0
24 0
last timestep 24
node 1288 iteration 3
0 0
1 2
2 1
3 4
4 4
5 6
6 0
7 0
last timestep 7
node 1288 iteration 4
0 0
1 6
2 10
3 10
4 16
5 14
6 13
7 23
8 29
9 35
10 34
11 54
12 78
13 79
14 62
15 57
16 42
17 37
18 40
19 32
20 15
21 14
22 9
23 7
24 12
25 10
26 5
27 2
28 0
29 0
last timestep 29
node 1288 iteration 5
0 0
1 4
2 4
3 5
4 15
5 16
6 15
7 15
8 42
9 67
10 65
11 91
12 96
13 93
14 83
15 58
16 51
17 31
18 21
19 13
20 12
21 3
22 6
23 1
24 1
25 0
26 0
last timestep 26
node 1288 iteration 6
0 0
1 1
2 0
3 0
last timestep 3
node 1288 iteration 7
0 0
1 0
2 0
last timestep 2
node 1288 iteration 8
0 0
1 3
2 1
3 4
4 7
5 8
6 9
7 28
8 21
9 27
10 28
11 26
12 29
13 36
14 50
15 53
16 50
17 55
18 44
19 48
20 54
21 47
22 28
23 28
24 19
25 11
26 6
27 0
28 0
last timestep 28
node 1288 iteration 9
0 0
1 1
2 0
3 0
last timestep 3
