node 2421 iteration 0
0 0
1 3
2 5
3 8
4 7
5 14
6 10
7 15
8 23
9 49
10 55
11 69
12 68
13 83
14 77
15 73
16 60
17 34
18 26
19 16
20 9
21 7
22 3
23 3
24 6
25 2
26 1
27 0
28 0
last timestep 28
node 2421 iteration 1
0 0
1 1
2 3
3 6
4 3
5 3
6 1
7 3
8 5
9 11
10 25
11 47
12 49
13 64
14 63
15 69
16 67
17 42
18 38
19 35
20 35
21 32
22 25
23 21
24 15
25 10
26 10
27 4
28 4
29 2
30 3
31 0
32 0
last timestep 32
node 2421 iteration 2
0 0
1 0
2 0
last timestep 2
node 2421 iteration 3
0 0
1 2
2 7
3 6
4 2
5 5
6 7
7 8
8 14
9 10
10 17
11 16
12 31
13 49
14 50
15 86
16 86
17 73
18 76
19 67
20 58
21 31
22 19
23 15
24 7
25 6
26 8
27 6
28 11
29 5
30 1
31 3
32 0
33 0
last timestep 33
node 2421 iteration 4
0 0
1 1
2 0
3 0
last timestep 3
node 2421 iteration 5
0 0
1 5
2 10
3 12
4 16
5 23
6 26
7 43
8 47
9 54
10 80
11 77
12 83
13 97
14 82
15 58
16 42
17 15
18 9
19 14
20 7
21 2
22 1
23 0
24 0
last timestep 24
node 2421 iteration 6
0 0
1 1
2 1
3 4
4 9
5 7
6 11
7 19
8 37
9 48
10 91
11 106
12 117
13 114
14 92
15 77
16 53
17 27
18 14
19 8
20 11
21 3
22 3
23 0
24 0
last timestep 24
node 2421 iteration 7
0 0
1 1
2 1
3 2
4 1
5 5
6 5
7 8
8 15
9 26
10 47
11 73
12 101
13 104
14 119
15 137
16 81
17 52
18 37
19 22
20 5
21 2
22 1
23 0
24 2
25 0
last timestep 25
node 2421 iteration 8
0 0
1 0
2 0
last timestep 2
node 2421 iteration 9
0 0
1 3
2 5
3 7
4 16
5 26
6 49
7 63
8 68
9 85
10 85
11 80
12 61
13 54
14 30
15 29
16 17
17 18
18 8
19 7
20 3
21 7
22 7
23 2
24 6
25 2
26 1
27 0
28 0
last timestep 28
