node 231 iteration 0
0 0
1 2
2 1
3 2
4 0
5 0
last timestep 5
node 231 iteration 1
0 0
1 3
2 3
3 6
4 12
5 36
6 55
7 72
8 88
9 84
10 80
11 79
12 66
13 63
14 41
15 22
16 16
17 14
18 13
19 12
20 1
21 0
22 0
last timestep 22
node 231 iteration 2
0 0
1 4
2 2
3 7
4 11
5 24
6 43
7 48
8 60
9 86
10 103
11 93
12 94
13 65
14 45
15 34
16 23
17 9
18 4
19 4
20 1
21 4
22 2
23 1
24 0
25 0
last timestep 25
node 231 iteration 3
0 0
1 3
2 3
3 2
4 3
5 2
6 1
7 1
8 2
9 3
10 7
11 6
12 9
13 24
14 17
15 24
16 25
17 50
18 55
19 50
20 60
21 57
22 63
23 58
24 47
25 37
26 32
27 20
28 27
29 22
30 19
31 25
32 14
33 4
34 5
35 2
36 1
37 0
38 3
39 4
40 4
41 1
42 1
43 0
last timestep 43
node 231 iteration 4
0 0
1 4
2 7
3 16
4 13
5 29
6 32
7 48
8 53
9 68
10 85
11 125
12 102
13 80
14 65
15 46
16 27
17 15
18 8
19 9
20 6
21 3
22 4
23 1
24 0
25 0
last timestep 25
node 231 iteration 5
0 0
1 3
2 2
3 3
4 0
5 0
last timestep 5
node 231 iteration 6
0 0
1 4
2 2
3 6
4 16
5 24
6 44
7 27
8 33
9 24
10 20
11 40
12 43
13 61
14 59
15 58
16 57
17 46
18 27
19 18
20 15
21 9
22 5
23 3
24 0
25 1
26 2
27 2
28 0
last timestep 28
node 231 iteration 7
0 0
1 2
2 3
3 7
4 6
5 7
6 12
7 9
8 14
9 14
10 11
11 12
12 17
13 23
14 25
15 48
16 72
17 82
18 89
19 118
20 90
21 62
22 37
23 17
24 14
25 9
26 7
27 4
28 2
29 0
30 0
last timestep 30
node 231 iteration 8
0 0
1 4
2 2
3 5
4 6
5 2
6 7
7 7
8 8
9 20
10 34
11 48
12 72
13 107
14 122
15 104
16 102
17 78
18 47
19 26
20 10
21 9
22 7
23 11
24 4
25 2
26 0
27 0
last timestep 27
node 231 iteration 9
0 0
1 5
2 5
3 5
4 3
5 1
6 4
7 4
8 8
9 15
10 27
11 36
12 82
13 85
14 106
15 85
16 95
17 71
18 53
19 42
20 25
21 11
22 4
23 7
24 4
25 2
26 0
27 0
last timestep 27
