node 12 iteration 0
0 0
1 0
2 0
last timestep 2
node 12 iteration 1
0 0
1 2
2 4
3 23
4 21
5 34
6 67
7 100
8 129
9 145
10 120
11 96
12 55
13 31
14 18
15 15
16 10
17 6
18 7
19 5
20 0
21 0
last timestep 21
node 12 iteration 2
0 0
1 5
2 7
3 9
4 5
5 6
6 11
7 20
8 20
9 20
10 29
11 27
12 29
13 62
14 60
15 76
16 63
17 57
18 53
19 51
20 44
21 32
22 14
23 12
24 10
25 7
26 2
27 3
28 4
29 6
30 4
31 4
32 6
33 2
34 2
35 0
36 0
last timestep 36
node 12 iteration 3
0 0
1 3
2 3
3 3
4 2
5 2
6 5
7 1
8 4
9 3
10 4
11 9
12 13
13 16
14 28
15 50
16 68
17 96
18 112
19 133
20 103
21 73
22 47
23 29
24 15
25 9
26 5
27 7
28 4
29 3
30 0
31 0
last timestep 31
node 12 iteration 4
0 0
1 1
2 1
3 2
4 2
5 4
6 5
7 25
8 25
9 45
10 69
11 67
12 83
13 82
14 78
15 83
16 64
17 53
18 49
19 25
20 20
21 9
22 6
23 0
24 0
last timestep 24
node 12 iteration 5
0 0
1 1
2 0
3 0
last timestep 3
node 12 iteration 6
0 0
1 2
2 0
3 0
last timestep 3
node 12 iteration 7
0 0
1 1
2 3
3 2
4 0
5 4
6 2
7 5
8 9
9 5
10 9
11 16
12 12
13 23
14 34
15 51
16 66
17 81
18 90
19 102
20 72
21 75
22 61
23 39
24 33
25 11
26 5
27 1
28 3
29 1
30 0
last timestep 30
node 12 iteration 8
0 0
1 2
2 5
3 12
4 15
5 24
6 32
7 37
8 63
9 93
10 95
11 121
12 100
13 88
14 62
15 31
16 26
17 12
18 10
19 5
20 5
21 2
22 1
23 1
24 0
25 0
last timestep 25
node 12 iteration 9
0 0
1 1
2 0
3 0
last timestep 3
