node 1616 iteration 0
0 0
1 2
2 2
3 2
4 0
5 2
6 5
7 6
8 6
9 9
10 10
11 9
12 23
13 24
14 28
15 37
16 42
17 64
18 92
19 88
20 102
21 88
22 78
23 57
24 40
25 33
26 22
27 19
28 9
29 2
30 4
31 2
32 1
33 0
last timestep 33
node 1616 iteration 1
0 0
1 3
2 10
3 14
4 18
5 18
6 44
7 64
8 78
9 109
10 115
11 109
12 65
13 53
14 42
15 20
16 18
17 9
18 8
19 4
20 1
21 3
22 6
23 3
24 0
25 0
last timestep 25
node 1616 iteration 2
0 0
1 0
2 0
last timestep 2
node 1616 iteration 3
0 0
1 3
2 4
3 6
4 7
5 10
6 17
7 23
8 20
9 37
10 57
11 48
12 61
13 93
14 71
15 79
16 71
17 71
18 63
19 53
20 41
21 14
22 11
23 10
24 3
25 5
26 8
27 4
28 1
29 0
30 0
last timestep 30
node 1616 iteration 4
0 0
1 2
2 2
3 6
4 10
5 11
6 7
7 9
8 13
9 33
10 36
11 51
12 76
13 77
14 88
15 81
16 56
17 39
18 33
19 27
20 24
21 12
22 13
23 9
24 4
25 4
26 5
27 1
28 2
29 1
30 0
31 0
last timestep 31
node 1616 iteration 5
0 0
1 2
2 0
3 0
last timestep 3
node 1616 iteration 6
0 0
1 2
2 0
3 0
last timestep 3
node 1616 iteration 7
0 0
1 0
2 0
last timestep 2
node 1616 iteration 8
0 0
1 2
2 1
3 0
4 0
last timestep 4
node 1616 iteration 9
0 0
1 1
2 0
3 0
last timestep 3
