node 638 iteration 0
0 0
1 2
2 4
3 11
4 17
5 25
6 42
7 59
8 83
9 114
10 117
11 102
12 65
13 40
14 29
15 21
16 22
17 17
18 12
19 7
20 5
21 0
22 0
last timestep 22
node 638 iteration 1
0 0
1 2
2 3
3 8
4 6
5 11
6 14
7 25
8 30
9 57
10 74
11 93
12 101
13 145
14 105
15 52
16 41
17 21
18 19
19 24
20 16
21 10
22 6
23 2
24 0
25 0
last timestep 25
node 638 iteration 2
0 0
1 2
2 7
3 9
4 12
5 15
6 19
7 33
8 40
9 54
10 66
11 69
12 100
13 101
14 90
15 77
16 71
17 41
18 29
19 21
20 18
21 16
22 8
23 4
24 1
25 1
26 0
27 0
last timestep 27
node 638 iteration 3
0 0
1 1
2 1
3 2
4 1
5 0
6 0
last timestep 6
node 638 iteration 4
0 0
1 1
2 3
3 2
4 6
5 12
6 44
7 59
8 66
9 96
10 79
11 86
12 88
13 58
14 57
15 34
16 28
17 16
18 12
19 3
20 1
21 6
22 2
23 0
24 2
25 6
26 2
27 2
28 1
29 1
30 0
last timestep 30
node 638 iteration 5
0 0
1 2
2 0
3 0
last timestep 3
node 638 iteration 6
0 0
1 1
2 2
3 1
4 2
5 2
6 1
7 2
8 0
9 0
last timestep 9
node 638 iteration 7
0 0
1 1
2 11
3 25
4 27
5 42
6 54
7 70
8 81
9 97
10 102
11 62
12 61
13 54
14 44
15 27
16 6
17 8
18 3
19 2
20 4
21 1
22 1
23 0
24 0
last timestep 24
node 638 iteration 8
0 0
1 1
2 0
3 0
last timestep 3
node 638 iteration 9
0 0
1 2
2 2
3 2
4 0
5 0
last timestep 5
