node 1098 iteration 0
0 0
1 5
2 5
3 9
4 16
5 33
6 28
7 39
8 39
9 40
10 50
11 61
12 89
13 67
14 74
15 65
16 52
17 38
18 30
19 14
20 13
21 3
22 4
23 0
24 0
last timestep 24
node 1098 iteration 1
0 0
1 0
2 0
last timestep 2
node 1098 iteration 2
0 0
1 4
2 2
3 0
4 0
last timestep 4
node 1098 iteration 3
0 0
1 1
2 0
3 0
last timestep 3
node 1098 iteration 4
0 0
1 4
2 3
3 2
4 4
5 6
6 11
7 9
8 14
9 13
10 4
11 10
12 8
13 14
14 19
15 27
16 27
17 32
18 25
19 21
20 27
21 32
22 41
23 49
24 66
25 51
26 46
27 40
28 29
29 17
30 17
31 12
32 10
33 8
34 4
35 3
36 4
37 1
38 0
39 0
last timestep 39
node 1098 iteration 5
0 0
1 6
2 7
3 12
4 13
5 16
6 31
7 27
8 45
9 57
10 74
11 100
12 91
13 80
14 59
15 42
16 36
17 26
18 19
19 6
20 13
21 8
22 7
23 3
24 2
25 1
26 1
27 1
28 0
29 0
last timestep 29
node 1098 iteration 6
0 0
1 3
2 4
3 10
4 15
5 43
6 82
7 102
8 102
9 114
10 95
11 74
12 66
13 44
14 35
15 23
16 19
17 19
18 13
19 2
20 1
21 0
22 0
last timestep 22
node 1098 iteration 7
0 0
1 3
2 2
3 2
4 4
5 10
6 24
7 28
8 57
9 63
10 83
11 109
12 119
13 112
14 55
15 47
16 33
17 21
18 10
19 4
20 3
21 1
22 0
23 0
last timestep 23
node 1098 iteration 8
0 0
1 0
2 0
last timestep 2
node 1098 iteration 9
0 0
1 2
2 6
3 13
4 12
5 15
6 34
7 45
8 74
9 89
10 111
11 89
12 107
13 64
14 46
15 50
16 34
17 27
18 9
19 3
20 1
21 0
22 0
last timestep 22
