node 865 iteration 0
0 0
1 0
2 0
last timestep 2
node 865 iteration 1
0 0
1 1
2 1
3 0
4 0
last timestep 4
node 865 iteration 2
0 0
1 3
2 2
3 2
4 3
5 1
6 6
7 14
8 19
9 26
10 29
11 48
12 82
13 77
14 84
15 100
16 84
17 67
18 48
19 30
20 20
21 24
22 14
23 4
24 4
25 1
26 2
27 1
28 1
29 0
30 0
last timestep 30
node 865 iteration 3
0 0
1 3
2 4
3 12
4 15
5 19
6 25
7 21
8 29
9 33
10 39
11 41
12 53
13 69
14 99
15 93
16 70
17 66
18 57
19 46
20 33
21 18
22 15
23 6
24 2
25 0
26 0
last timestep 26
node 865 iteration 4
0 0
1 4
2 13
3 32
4 37
5 53
6 54
7 82
8 63
9 72
10 72
11 58
12 56
13 43
14 34
15 25
16 27
17 12
18 5
19 4
20 8
21 3
22 5
23 1
24 1
25 0
26 0
last timestep 26
node 865 iteration 5
0 0
1 0
2 0
last timestep 2
node 865 iteration 6
0 0
1 0
2 3
3 11
4 11
5 21
6 25
7 39
8 51
9 76
10 78
11 67
12 66
13 68
14 79
15 62
16 40
17 30
18 19
19 11
20 4
21 1
22 0
last timestep 22
node 865 iteration 7
0 0
1 3
2 4
3 1
4 0
5 0
last timestep 5
node 865 iteration 8
0 0
1 3
2 3
3 1
4 7
5 3
6 9
7 17
8 18
9 24
10 21
11 23
12 17
13 30
14 31
15 57
16 86
17 54
18 73
19 71
20 81
21 73
22 49
23 29
24 17
25 9
26 7
27 3
28 3
29 1
30 1
31 0
32 0
last timestep 32
node 865 iteration 9
0 0
1 3
2 0
3 0
last timestep 3
