node 1991 iteration 0
0 0
1 2
2 8
3 12
4 6
5 13
6 7
7 11
8 17
9 22
10 27
11 34
12 31
13 37
14 65
15 60
16 89
17 65
18 70
19 62
20 47
21 40
22 37
23 28
24 19
25 11
26 4
27 4
28 2
29 0
30 0
last timestep 30
node 1991 iteration 1
0 0
1 2
2 1
3 0
4 0
last timestep 4
node 1991 iteration 2
0 0
1 1
2 0
3 0
last timestep 3
node 1991 iteration 3
0 0
1 3
2 0
3 0
last timestep 3
node 1991 iteration 4
0 0
1 4
2 2
3 6
4 17
5 19
6 50
7 70
8 75
9 59
10 70
11 91
12 98
13 78
14 53
15 44
16 31
17 30
18 16
19 10
20 7
21 5
22 2
23 1
24 0
25 0
last timestep 25
node 1991 iteration 5
0 0
1 2
2 1
3 4
4 6
5 5
6 9
7 6
8 18
9 25
10 41
11 61
12 61
13 65
14 85
15 107
16 91
17 85
18 60
19 43
20 48
21 20
22 6
23 2
24 2
25 5
26 0
27 0
last timestep 27
node 1991 iteration 6
0 0
1 1
2 3
3 1
4 0
5 0
last timestep 5
node 1991 iteration 7
0 0
1 2
2 3
3 6
4 12
5 16
6 15
7 36
8 42
9 54
10 79
11 98
12 67
13 63
14 54
15 64
16 69
17 37
18 28
19 22
20 18
21 9
22 13
23 7
24 4
25 2
26 2
27 1
28 1
29 0
30 3
31 1
32 0
last timestep 32
node 1991 iteration 8
0 0
1 3
2 7
3 5
4 11
5 22
6 17
7 23
8 26
9 29
10 29
11 42
12 50
13 74
14 87
15 89
16 66
17 48
18 43
19 23
20 12
21 9
22 5
23 6
24 1
25 1
26 0
27 0
last timestep 27
node 1991 iteration 9
0 0
1 0
2 0
last timestep 2
