node 1099 iteration 0
0 0
1 5
2 2
3 5
4 4
5 11
6 15
7 13
8 19
9 36
10 26
11 22
12 32
13 45
14 48
15 61
16 88
17 82
18 73
19 61
20 48
21 38
22 37
23 17
24 7
25 2
26 5
27 0
28 0
last timestep 28
node 1099 iteration 1
0 0
1 2
2 0
3 0
last timestep 3
node 1099 iteration 2
0 0
1 5
2 3
3 7
4 2
5 0
6 1
7 2
8 3
9 7
10 2
11 1
12 6
13 12
14 12
15 16
16 20
17 23
18 32
19 51
20 72
21 79
22 85
23 89
24 62
25 61
26 46
27 44
28 41
29 26
30 19
31 15
32 13
33 7
34 5
35 5
36 1
37 2
38 0
last timestep 38
node 1099 iteration 3
0 0
1 4
2 3
3 7
4 16
5 31
6 30
7 47
8 69
9 82
10 96
11 119
12 122
13 67
14 58
15 47
16 26
17 13
18 9
19 3
20 4
21 0
22 0
last timestep 22
node 1099 iteration 4
0 0
1 6
2 12
3 12
4 15
5 22
6 25
7 32
8 31
9 41
10 41
11 57
12 54
13 56
14 64
15 67
16 72
17 52
18 26
19 20
20 9
21 6
22 4
23 1
24 0
25 0
last timestep 25
node 1099 iteration 5
0 0
1 1
2 0
3 0
last timestep 3
node 1099 iteration 6
0 0
1 5
2 7
3 7
4 13
5 24
6 46
7 61
8 72
9 62
10 83
11 84
12 107
13 78
14 57
15 53
16 34
17 25
18 19
19 11
20 5
21 5
22 2
23 2
24 3
25 3
26 2
27 1
28 3
29 0
30 0
last timestep 30
node 1099 iteration 7
0 0
1 4
2 3
3 4
4 15
5 13
6 9
7 9
8 18
9 23
10 25
11 46
12 70
13 85
14 67
15 58
16 47
17 56
18 51
19 32
20 33
21 26
22 21
23 17
24 14
25 11
26 6
27 5
28 3
29 0
30 0
last timestep 30
node 1099 iteration 8
0 0
1 3
2 9
3 12
4 22
5 28
6 32
7 52
8 85
9 89
10 83
11 80
12 68
13 53
14 35
15 21
16 24
17 12
18 11
19 5
20 1
21 0
22 0
last timestep 22
node 1099 iteration 9
0 0
1 2
2 4
3 3
4 4
5 3
6 3
7 2
8 6
9 4
10 4
11 4
12 8
13 11
14 23
15 44
16 48
17 72
18 75
19 62
20 82
21 75
22 71
23 65
24 45
25 30
26 28
27 17
28 6
29 5
30 3
31 4
32 5
33 6
34 7
35 7
36 3
37 2
38 0
39 0
last timestep 39
