node 930 iteration 0
0 0
1 0
2 0
last timestep 2
node 930 iteration 1
0 0
1 1
2 3
3 3
4 10
5 4
6 7
7 32
8 33
9 58
10 63
11 76
12 93
13 89
14 82
15 73
16 56
17 46
18 28
19 12
20 7
21 2
22 0
23 0
last timestep 23
node 930 iteration 2
0 0
1 1
2 1
3 4
4 7
5 15
6 26
7 44
8 79
9 79
10 85
11 73
12 85
13 81
14 72
15 64
16 33
17 24
18 16
19 14
20 5
21 10
22 5
23 6
24 4
25 2
26 2
27 2
28 1
29 0
30 0
last timestep 30
node 930 iteration 3
0 0
1 3
2 3
3 8
4 8
5 20
6 46
7 50
8 68
9 100
10 135
11 156
12 98
13 59
14 24
15 17
16 13
17 10
18 12
19 5
20 3
21 1
22 3
23 1
24 0
25 0
last timestep 25
node 930 iteration 4
0 0
1 1
2 1
3 0
4 0
last timestep 4
node 930 iteration 5
0 0
1 0
2 0
last timestep 2
node 930 iteration 6
0 0
1 3
2 4
3 5
4 10
5 9
6 8
7 10
8 22
9 25
10 29
11 41
12 59
13 63
14 72
15 66
16 64
17 55
18 38
19 41
20 30
21 20
22 17
23 16
24 12
25 16
26 11
27 14
28 10
29 11
30 6
31 2
32 0
33 0
last timestep 33
node 930 iteration 7
0 0
1 1
2 0
3 0
last timestep 3
node 930 iteration 8
0 0
1 0
2 2
3 1
4 4
5 9
6 6
7 4
8 11
9 21
10 19
11 40
12 47
13 67
14 87
15 109
16 111
17 78
18 62
19 57
20 38
21 31
22 19
23 13
24 12
25 7
26 4
27 2
28 1
29 0
last timestep 29
node 930 iteration 9
0 0
1 2
2 0
3 0
last timestep 3
