node 1333 iteration 0
0 0
1 3
2 5
3 2
4 4
5 5
6 9
7 11
8 22
9 34
10 52
11 47
12 66
13 49
14 66
15 79
16 53
17 62
18 45
19 32
20 30
21 17
22 11
23 6
24 4
25 0
26 0
last timestep 26
node 1333 iteration 1
0 0
1 2
2 7
3 10
4 12
5 29
6 51
7 57
8 71
9 67
10 78
11 74
12 57
13 59
14 49
15 43
16 36
17 15
18 7
19 3
20 5
21 2
22 3
23 3
24 2
25 1
26 0
27 0
last timestep 27
node 1333 iteration 2
0 0
1 0
2 1
3 4
4 4
5 6
6 3
7 4
8 2
9 1
10 0
last timestep 10
node 1333 iteration 3
0 0
1 2
2 1
3 2
4 2
5 1
6 0
7 0
last timestep 7
node 1333 iteration 4
0 0
1 2
2 2
3 10
4 10
5 20
6 17
7 31
8 47
9 48
10 66
11 69
12 76
13 67
14 61
15 64
16 42
17 39
18 18
19 17
20 9
21 11
22 5
23 1
24 2
25 1
26 0
27 0
last timestep 27
node 1333 iteration 5
0 0
1 1
2 8
3 15
4 27
5 33
6 43
7 65
8 88
9 96
10 95
11 120
12 67
13 43
14 36
15 13
16 10
17 12
18 4
19 1
20 0
21 0
last timestep 21
node 1333 iteration 6
0 0
1 1
2 3
3 10
4 10
5 12
6 14
7 23
8 26
9 40
10 57
11 78
12 77
13 72
14 59
15 82
16 48
17 43
18 38
19 37
20 29
21 21
22 16
23 14
24 12
25 4
26 0
27 0
last timestep 27
node 1333 iteration 7
0 0
1 2
2 2
3 1
4 6
5 12
6 13
7 22
8 47
9 82
10 111
11 100
12 134
13 149
14 84
15 69
16 33
17 21
18 20
19 12
20 6
21 3
22 5
23 2
24 1
25 2
26 2
27 0
28 1
29 1
30 0
last timestep 30
node 1333 iteration 8
0 0
1 1
2 1
3 2
4 2
5 0
6 0
last timestep 6
node 1333 iteration 9
0 0
1 2
2 1
3 7
4 9
5 6
6 6
7 11
8 13
9 20
10 32
11 29
12 42
13 56
14 52
15 73
16 79
17 74
18 45
19 34
20 32
21 30
22 22
23 15
24 3
25 3
26 0
27 0
last timestep 27
