node 1081 iteration 0
0 0
1 2
2 1
3 0
4 0
last timestep 4
node 1081 iteration 1
0 0
1 9
2 12
3 16
4 22
5 38
6 40
7 70
8 84
9 98
10 91
11 80
12 86
13 57
14 56
15 25
16 19
17 18
18 10
19 3
20 1
21 0
22 0
last timestep 22
node 1081 iteration 2
0 0
1 2
2 4
3 5
4 9
5 18
6 32
7 52
8 66
9 98
10 93
11 99
12 78
13 81
14 60
15 63
16 49
17 18
18 11
19 8
20 8
21 5
22 5
23 0
24 0
last timestep 24
node 1081 iteration 3
0 0
1 3
2 3
3 12
4 17
5 35
6 68
7 116
8 115
9 133
10 128
11 92
12 58
13 34
14 30
15 21
16 13
17 11
18 5
19 4
20 0
21 0
last timestep 21
node 1081 iteration 4
0 0
1 4
2 3
3 0
4 0
last timestep 4
node 1081 iteration 5
0 0
1 2
2 4
3 6
4 5
5 4
6 9
7 9
8 15
9 21
10 36
11 42
12 55
13 71
14 80
15 86
16 82
17 70
18 45
19 27
20 28
21 17
22 12
23 12
24 8
25 5
26 8
27 2
28 3
29 2
30 0
31 1
32 2
33 1
34 1
35 0
last timestep 35
node 1081 iteration 6
0 0
1 1
2 1
3 5
4 4
5 6
6 9
7 14
8 25
9 40
10 72
11 89
12 108
13 116
14 95
15 80
16 48
17 34
18 26
19 15
20 12
21 6
22 1
23 1
24 2
25 1
26 0
27 0
last timestep 27
node 1081 iteration 7
0 0
1 5
2 7
3 18
4 20
5 36
6 40
7 52
8 75
9 129
10 113
11 99
12 80
13 54
14 43
15 30
16 33
17 12
18 13
19 17
20 15
21 8
22 3
23 0
24 0
last timestep 24
node 1081 iteration 8
0 0
1 7
2 11
3 11
4 31
5 40
6 78
7 93
8 110
9 107
10 108
11 114
12 69
13 33
14 24
15 19
16 7
17 5
18 1
19 0
20 0
last timestep 20
node 1081 iteration 9
0 0
1 8
2 11
3 13
4 12
5 11
6 29
7 27
8 47
9 40
10 47
11 69
12 82
13 84
14 78
15 58
16 35
17 42
18 29
19 30
20 10
21 4
22 6
23 9
24 3
25 5
26 4
27 4
28 0
29 4
30 1
31 2
32 1
33 0
last timestep 33
