node 571 iteration 0
0 0
1 2
2 1
3 0
4 0
last timestep 4
node 571 iteration 1
0 0
1 2
2 1
3 4
4 4
5 4
6 3
7 3
8 0
9 0
last timestep 9
node 571 iteration 2
0 0
1 4
2 4
3 4
4 5
5 9
6 14
7 23
8 33
9 38
10 44
11 60
12 69
13 62
14 69
15 66
16 60
17 47
18 37
19 20
20 12
21 5
22 4
23 1
24 1
25 1
26 0
27 0
last timestep 27
node 571 iteration 3
0 0
1 4
2 6
3 4
4 6
5 9
6 12
7 10
8 25
9 41
10 44
11 66
12 91
13 118
14 87
15 87
16 74
17 44
18 42
19 21
20 15
21 2
22 3
23 0
24 5
25 8
26 4
27 1
28 0
last timestep 28
node 571 iteration 4
0 0
1 1
2 1
3 2
4 6
5 14
6 21
7 31
8 47
9 58
10 72
11 79
12 68
13 82
14 56
15 51
16 41
17 25
18 23
19 11
20 6
21 4
22 6
23 6
24 2
25 1
26 1
27 1
28 0
29 0
last timestep 29
node 571 iteration 5
0 0
1 6
2 15
3 19
4 14
5 27
6 33
7 51
8 67
9 64
10 70
11 88
12 94
13 77
14 66
15 36
16 37
17 29
18 18
19 12
20 6
21 2
22 1
23 3
24 3
25 0
26 0
last timestep 26
node 571 iteration 6
0 0
1 5
2 3
3 5
4 17
5 18
6 34
7 58
8 54
9 50
10 48
11 73
12 61
13 42
14 42
15 33
16 36
17 20
18 13
19 11
20 15
21 7
22 3
23 3
24 0
25 0
last timestep 25
node 571 iteration 7
0 0
1 2
2 2
3 2
4 5
5 11
6 15
7 19
8 35
9 37
10 31
11 52
12 70
13 86
14 100
15 78
16 89
17 67
18 39
19 33
20 25
21 8
22 6
23 6
24 3
25 0
26 1
27 2
28 0
last timestep 28
node 571 iteration 8
0 0
1 2
2 2
3 7
4 8
5 4
6 6
7 7
8 7
9 10
10 27
11 31
12 55
13 87
14 93
15 97
16 84
17 64
18 54
19 57
20 26
21 22
22 15
23 15
24 5
25 4
26 7
27 4
28 3
29 2
30 1
31 0
32 0
last timestep 32
node 571 iteration 9
0 0
1 5
2 6
3 9
4 21
5 23
6 33
7 39
8 43
9 45
10 52
11 61
12 63
13 92
14 64
15 71
16 58
17 28
18 24
19 17
20 21
21 15
22 14
23 8
24 4
25 4
26 1
27 0
28 0
last timestep 28
