node 241 iteration 0
0 0
1 5
2 4
3 7
4 18
5 19
6 34
7 40
8 53
9 66
10 71
11 96
12 77
13 65
14 51
15 44
16 38
17 29
18 30
19 23
20 23
21 7
22 3
23 5
24 3
25 2
26 4
27 1
28 0
29 0
last timestep 29
node 241 iteration 1
0 0
1 2
2 1
3 4
4 8
5 9
6 23
7 16
8 25
9 37
10 45
11 68
12 68
13 82
14 75
15 71
16 51
17 56
18 59
19 35
20 27
21 20
22 11
23 8
24 11
25 7
26 1
27 1
28 0
29 0
last timestep 29
node 241 iteration 2
0 0
1 3
2 4
3 5
4 3
5 6
6 6
7 12
8 24
9 46
10 59
11 65
12 91
13 91
14 116
15 100
16 83
17 48
18 35
19 31
20 21
21 10
22 8
23 4
24 1
25 2
26 0
27 0
last timestep 27
node 241 iteration 3
0 0
1 1
2 6
3 4
4 2
5 1
6 2
7 3
8 0
9 0
last timestep 9
node 241 iteration 4
0 0
1 3
2 4
3 6
4 6
5 6
6 6
7 15
8 25
9 23
10 30
11 30
12 47
13 42
14 47
15 58
16 56
17 63
18 50
19 38
20 48
21 42
22 30
23 22
24 13
25 4
26 2
27 2
28 1
29 0
30 0
last timestep 30
node 241 iteration 5
0 0
1 5
2 2
3 8
4 1
5 3
6 2
7 3
8 2
9 5
10 6
11 19
12 38
13 50
14 63
15 73
16 77
17 87
18 83
19 77
20 52
21 42
22 28
23 24
24 26
25 22
26 10
27 5
28 4
29 5
30 4
31 2
32 4
33 4
34 6
35 5
36 1
37 0
38 0
last timestep 38
node 241 iteration 6
0 0
1 7
2 4
3 5
4 11
5 17
6 25
7 31
8 42
9 49
10 67
11 62
12 76
13 72
14 49
15 74
16 52
17 45
18 33
19 31
20 29
21 21
22 8
23 3
24 3
25 1
26 1
27 0
28 0
last timestep 28
node 241 iteration 7
0 0
1 8
2 6
3 17
4 22
5 28
6 33
7 50
8 80
9 97
10 76
11 68
12 75
13 67
14 49
15 34
16 15
17 14
18 11
19 2
20 1
21 0
22 0
last timestep 22
node 241 iteration 8
0 0
1 2
2 1
3 0
4 0
last timestep 4
node 241 iteration 9
0 0
1 5
2 3
3 4
4 3
5 5
6 16
7 26
8 35
9 41
10 79
11 89
12 86
13 92
14 88
15 69
16 50
17 41
18 31
19 37
20 20
21 16
22 8
23 4
24 1
25 4
26 1
27 2
28 3
29 1
30 0
31 0
last timestep 31
