node 1515 iteration 0
0 0
1 4
2 10
3 25
4 42
5 54
6 68
7 89
8 106
9 134
10 99
11 80
12 57
13 41
14 32
15 18
16 10
17 1
18 1
19 1
20 0
21 0
last timestep 21
node 1515 iteration 1
0 0
1 2
2 2
3 4
4 5
5 9
6 22
7 36
8 31
9 33
10 50
11 68
12 81
13 95
14 106
15 61
16 62
17 41
18 24
19 10
20 14
21 3
22 0
23 0
last timestep 23
node 1515 iteration 2
0 0
1 2
2 2
3 1
4 5
5 3
6 5
7 6
8 18
9 31
10 28
11 39
12 63
13 89
14 94
15 102
16 83
17 70
18 47
19 34
20 14
21 16
22 8
23 6
24 4
25 4
26 1
27 0
28 0
last timestep 28
node 1515 iteration 3
0 0
1 3
2 4
3 7
4 13
5 24
6 32
7 45
8 39
9 58
10 71
11 65
12 80
13 75
14 68
15 51
16 32
17 32
18 33
19 13
20 7
21 9
22 4
23 3
24 4
25 2
26 0
27 0
last timestep 27
node 1515 iteration 4
0 0
1 1
2 3
3 4
4 1
5 5
6 6
7 21
8 19
9 40
10 43
11 62
12 66
13 89
14 91
15 89
16 90
17 75
18 35
19 31
20 30
21 15
22 11
23 2
24 2
25 2
26 2
27 0
28 0
last timestep 28
node 1515 iteration 5
0 0
1 0
2 0
last timestep 2
node 1515 iteration 6
0 0
1 0
2 0
last timestep 2
node 1515 iteration 7
0 0
1 1
2 7
3 17
4 31
5 49
6 81
7 102
8 124
9 114
10 92
11 74
12 48
13 42
14 21
15 10
16 5
17 1
18 1
19 0
20 0
last timestep 20
node 1515 iteration 8
0 0
1 1
2 1
3 0
4 0
last timestep 4
node 1515 iteration 9
0 0
1 4
2 6
3 5
4 8
5 10
6 15
7 21
8 24
9 50
10 76
11 78
12 81
13 83
14 95
15 79
16 57
17 41
18 32
19 17
20 12
21 19
22 10
23 9
24 3
25 3
26 0
27 0
last timestep 27
