node 236 iteration 0
0 0
1 3
2 3
3 4
4 4
5 7
6 20
7 34
8 47
9 24
10 38
11 45
12 44
13 44
14 40
15 42
16 52
17 45
18 42
19 50
20 52
21 34
22 17
23 15
24 11
25 6
26 5
27 2
28 0
29 0
last timestep 29
node 236 iteration 1
0 0
1 3
2 7
3 10
4 7
5 10
6 6
7 17
8 29
9 32
10 35
11 22
12 50
13 74
14 98
15 90
16 97
17 80
18 56
19 48
20 31
21 19
22 17
23 10
24 6
25 5
26 8
27 4
28 3
29 2
30 1
31 0
32 0
last timestep 32
node 236 iteration 2
0 0
1 0
2 0
last timestep 2
node 236 iteration 3
0 0
1 1
2 0
3 0
last timestep 3
node 236 iteration 4
0 0
1 1
2 0
3 0
last timestep 3
node 236 iteration 5
0 0
1 3
2 0
3 0
last timestep 3
node 236 iteration 6
0 0
1 4
2 3
3 1
4 1
5 2
6 2
7 2
8 5
9 3
10 0
11 0
last timestep 11
node 236 iteration 7
0 0
1 5
2 1
3 2
4 4
5 6
6 7
7 9
8 14
9 14
10 20
11 27
12 31
13 30
14 30
15 39
16 39
17 43
18 67
19 53
20 44
21 52
22 51
23 32
24 39
25 31
26 30
27 11
28 4
29 3
30 5
31 3
32 1
33 0
34 0
last timestep 34
node 236 iteration 8
0 0
1 1
2 1
3 0
4 0
last timestep 4
node 236 iteration 9
0 0
1 2
2 5
3 6
4 16
5 29
6 28
7 29
8 36
9 52
10 72
11 95
12 122
13 104
14 96
15 71
16 61
17 41
18 23
19 11
20 6
21 1
22 0
23 0
last timestep 23
