node 437 iteration 0
0 0
1 3
2 7
3 10
4 20
5 35
6 63
7 74
8 95
9 101
10 90
11 93
12 61
13 34
14 31
15 32
16 22
17 15
18 8
19 3
20 4
21 4
22 5
23 6
24 4
25 9
26 5
27 8
28 5
29 7
30 4
31 2
32 1
33 0
34 0
last timestep 34
node 437 iteration 1
0 0
1 2
2 1
3 0
4 0
last timestep 4
node 437 iteration 2
0 0
1 3
2 0
3 0
last timestep 3
node 437 iteration 3
0 0
1 1
2 1
3 1
4 2
5 4
6 3
7 2
8 2
9 3
10 3
11 6
12 9
13 11
14 13
15 24
16 57
17 53
18 55
19 72
20 76
21 74
22 75
23 85
24 64
25 41
26 32
27 21
28 19
29 9
30 13
31 10
32 4
33 5
34 3
35 0
36 0
last timestep 36
node 437 iteration 4
0 0
1 5
2 7
3 6
4 2
5 4
6 2
7 1
8 4
9 8
10 9
11 4
12 7
13 12
14 15
15 17
16 30
17 31
18 51
19 51
20 74
21 77
22 63
23 58
24 51
25 35
26 24
27 17
28 19
29 11
30 6
31 2
32 5
33 3
34 1
35 2
36 0
37 0
last timestep 37
node 437 iteration 5
0 0
1 1
2 2
3 7
4 12
5 20
6 24
7 34
8 70
9 102
10 125
11 111
12 103
13 83
14 69
15 38
16 25
17 11
18 4
19 2
20 3
21 0
22 0
last timestep 22
node 437 iteration 6
0 0
1 2
2 1
3 0
4 0
last timestep 4
node 437 iteration 7
0 0
1 2
2 0
3 0
last timestep 3
node 437 iteration 8
0 0
1 3
2 13
3 16
4 22
5 39
6 40
7 57
8 76
9 98
10 101
11 74
12 84
13 73
14 54
15 40
16 20
17 16
18 10
19 7
20 8
21 13
22 8
23 1
24 0
25 0
last timestep 25
node 437 iteration 9
0 0
1 1
2 0
3 0
last timestep 3
