node 531 iteration 0
0 0
1 5
2 16
3 31
4 39
5 52
6 68
7 97
8 104
9 120
10 119
11 94
12 89
13 49
14 18
15 12
16 2
17 1
18 0
19 0
last timestep 19
node 531 iteration 1
0 0
1 1
2 3
3 7
4 21
5 35
6 25
7 29
8 37
9 52
10 71
11 80
12 110
13 113
14 101
15 73
16 43
17 18
18 21
19 15
20 8
21 11
22 4
23 2
24 3
25 5
26 2
27 0
28 0
last timestep 28
node 531 iteration 2
0 0
1 1
2 4
3 11
4 11
5 9
6 14
7 22
8 41
9 60
10 53
11 72
12 93
13 95
14 100
15 87
16 68
17 44
18 30
19 29
20 22
21 18
22 8
23 16
24 7
25 3
26 0
27 1
28 1
29 0
last timestep 29
node 531 iteration 3
0 0
1 1
2 3
3 6
4 8
5 7
6 10
7 11
8 14
9 22
10 33
11 39
12 41
13 35
14 49
15 64
16 60
17 64
18 74
19 56
20 33
21 25
22 14
23 12
24 9
25 3
26 3
27 3
28 2
29 8
30 5
31 6
32 5
33 5
34 5
35 7
36 6
37 8
38 7
39 2
40 6
41 5
42 4
43 3
44 1
45 2
46 2
47 1
48 0
49 0
last timestep 49
node 531 iteration 4
0 0
1 0
2 0
last timestep 2
node 531 iteration 5
0 0
1 1
2 1
3 1
4 1
5 1
6 7
7 12
8 13
9 27
10 43
11 63
12 67
13 95
14 127
15 106
16 99
17 75
18 57
19 39
20 21
21 16
22 10
23 7
24 3
25 1
26 0
27 0
last timestep 27
node 531 iteration 6
0 0
1 2
2 6
3 4
4 12
5 20
6 31
7 54
8 84
9 96
10 111
11 88
12 66
13 53
14 35
15 30
16 23
17 15
18 7
19 9
20 9
21 13
22 10
23 9
24 8
25 5
26 8
27 9
28 4
29 2
30 0
31 0
last timestep 31
node 531 iteration 7
0 0
1 3
2 2
3 2
4 0
5 2
6 2
7 2
8 0
last timestep 8
node 531 iteration 8
0 0
1 1
2 5
3 3
4 9
5 16
6 28
7 29
8 43
9 72
10 95
11 109
12 84
13 80
14 66
15 68
16 43
17 33
18 25
19 11
20 12
21 5
22 3
23 1
24 2
25 0
26 0
last timestep 26
node 531 iteration 9
0 0
1 2
2 3
3 3
4 8
5 19
6 20
7 21
8 20
9 34
10 36
11 32
12 44
13 42
14 49
15 49
16 52
17 48
18 57
19 35
20 43
21 31
22 18
23 16
24 10
25 9
26 8
27 10
28 5
29 4
30 3
31 1
32 0
33 0
last timestep 33
