node 728 iteration 0
0 0
1 2
2 1
3 1
4 0
5 1
6 1
7 0
last timestep 7
node 728 iteration 1
0 0
1 1
2 0
3 0
last timestep 3
node 728 iteration 2
0 0
1 1
2 0
3 0
last timestep 3
node 728 iteration 3
0 0
1 2
2 4
3 4
4 3
5 18
6 20
7 34
8 61
9 79
10 88
11 67
12 72
13 55
14 42
15 28
16 22
17 12
18 26
19 15
20 10
21 7
22 6
23 7
24 1
25 1
26 1
27 0
28 0
last timestep 28
node 728 iteration 4
0 0
1 1
2 1
3 1
4 10
5 15
6 18
7 37
8 40
9 74
10 91
11 101
12 95
13 68
14 44
15 48
16 44
17 29
18 27
19 16
20 12
21 6
22 2
23 0
24 0
last timestep 24
node 728 iteration 5
0 0
1 2
2 3
3 2
4 4
5 8
6 16
7 21
8 27
9 45
10 54
11 57
12 80
13 84
14 74
15 55
16 40
17 38
18 38
19 34
20 40
21 23
22 10
23 3
24 1
25 0
26 1
27 1
28 2
29 2
30 4
31 3
32 1
33 1
34 1
35 3
36 3
37 1
38 1
39 0
last timestep 39
node 728 iteration 6
0 0
1 2
2 5
3 7
4 8
5 11
6 10
7 18
8 25
9 28
10 38
11 69
12 68
13 74
14 59
15 49
16 51
17 58
18 50
19 50
20 25
21 16
22 11
23 7
24 6
25 5
26 7
27 8
28 8
29 5
30 2
31 0
32 1
33 1
34 0
last timestep 34
node 728 iteration 7
0 0
1 1
2 2
3 2
4 4
5 5
6 4
7 4
8 9
9 10
10 28
11 36
12 50
13 61
14 88
15 78
16 83
17 75
18 63
19 45
20 34
21 35
22 20
23 8
24 6
25 3
26 1
27 1
28 0
29 0
last timestep 29
node 728 iteration 8
0 0
1 3
2 5
3 3
4 6
5 8
6 5
7 7
8 11
9 13
10 33
11 39
12 54
13 76
14 83
15 91
16 82
17 60
18 58
19 65
20 54
21 49
22 37
23 24
24 10
25 11
26 4
27 1
28 0
29 0
last timestep 29
node 728 iteration 9
0 0
1 6
2 4
3 6
4 11
5 14
6 17
7 31
8 53
9 66
10 86
11 93
12 125
13 108
14 85
15 62
16 33
17 15
18 9
19 4
20 0
21 0
last timestep 21
