node 1730 iteration 0
0 0
1 3
2 4
3 8
4 4
5 9
6 13
7 20
8 35
9 45
10 83
11 95
12 89
13 88
14 80
15 63
16 53
17 41
18 30
19 24
20 9
21 7
22 9
23 6
24 6
25 5
26 1
27 0
28 0
last timestep 28
node 1730 iteration 1
0 0
1 3
2 4
3 5
4 13
5 20
6 30
7 53
8 62
9 66
10 101
11 97
12 99
13 81
14 70
15 43
16 36
17 22
18 17
19 13
20 9
21 3
22 1
23 1
24 0
25 0
last timestep 25
node 1730 iteration 2
0 0
1 2
2 3
3 4
4 8
5 5
6 10
7 8
8 9
9 3
10 0
11 0
last timestep 11
node 1730 iteration 3
0 0
1 2
2 5
3 5
4 6
5 14
6 7
7 11
8 11
9 20
10 32
11 47
12 42
13 48
14 49
15 69
16 62
17 72
18 49
19 36
20 36
21 36
22 30
23 20
24 21
25 25
26 13
27 8
28 5
29 1
30 3
31 4
32 6
33 2
34 0
35 0
last timestep 35
node 1730 iteration 4
0 0
1 1
2 0
3 0
last timestep 3
node 1730 iteration 5
0 0
1 1
2 0
3 0
last timestep 3
node 1730 iteration 6
0 0
1 5
2 11
3 31
4 40
5 73
6 69
7 90
8 105
9 89
10 84
11 75
12 46
13 25
14 10
15 5
16 0
17 0
last timestep 17
node 1730 iteration 7
0 0
1 3
2 6
3 5
4 10
5 16
6 38
7 32
8 41
9 62
10 81
11 84
12 92
13 90
14 83
15 64
16 45
17 28
18 23
19 24
20 12
21 9
22 17
23 8
24 1
25 0
26 0
last timestep 26
node 1730 iteration 8
0 0
1 0
2 0
last timestep 2
node 1730 iteration 9
0 0
1 2
2 3
3 4
4 2
5 2
6 7
7 5
8 7
9 15
10 15
11 31
12 34
13 43
14 58
15 57
16 52
17 50
18 44
19 62
20 45
21 36
22 29
23 26
24 28
25 32
26 17
27 8
28 7
29 4
30 1
31 2
32 2
33 3
34 1
35 2
36 1
37 0
38 0
last timestep 38
