node 1925 iteration 0
0 0
1 2
2 4
3 11
4 13
5 28
6 35
7 49
8 75
9 103
10 113
11 125
12 93
13 67
14 59
15 33
16 20
17 17
18 19
19 8
20 6
21 4
22 5
23 3
24 1
25 2
26 3
27 0
28 0
last timestep 28
node 1925 iteration 1
0 0
1 0
2 0
last timestep 2
node 1925 iteration 2
0 0
1 4
2 2
3 4
4 2
5 5
6 5
7 5
8 15
9 10
10 32
11 60
12 80
13 109
14 128
15 115
16 72
17 50
18 41
19 14
20 6
21 2
22 5
23 1
24 0
25 0
last timestep 25
node 1925 iteration 3
0 0
1 3
2 9
3 12
4 14
5 11
6 13
7 28
8 21
9 38
10 56
11 60
12 70
13 87
14 84
15 86
16 79
17 78
18 64
19 33
20 19
21 8
22 8
23 3
24 0
25 0
last timestep 25
node 1925 iteration 4
0 0
1 2
2 1
3 2
4 2
5 4
6 9
7 29
8 43
9 59
10 83
11 87
12 71
13 85
14 70
15 51
16 55
17 46
18 28
19 24
20 17
21 16
22 4
23 1
24 0
25 0
last timestep 25
node 1925 iteration 5
0 0
1 2
2 3
3 4
4 7
5 16
6 36
7 39
8 46
9 58
10 61
11 81
12 80
13 88
14 72
15 63
16 57
17 31
18 22
19 7
20 1
21 0
22 0
last timestep 22
node 1925 iteration 6
0 0
1 1
2 4
3 0
4 0
last timestep 4
node 1925 iteration 7
0 0
1 1
2 0
3 0
last timestep 3
node 1925 iteration 8
0 0
1 0
2 0
last timestep 2
node 1925 iteration 9
0 0
1 0
2 0
last timestep 2
