node 42 iteration 0
0 0
1 0
2 1
3 1
4 0
last timestep 4
node 42 iteration 1
0 0
1 1
2 2
3 1
4 2
5 4
6 5
7 2
8 9
9 15
10 10
11 10
12 14
13 7
14 10
15 5
16 2
17 4
18 11
19 12
20 16
21 26
22 49
23 65
24 75
25 95
26 101
27 86
28 50
29 47
30 44
31 24
32 22
33 11
34 7
35 3
36 4
37 0
38 2
39 1
40 2
41 0
last timestep 41
node 42 iteration 2
0 0
1 1
2 1
3 0
4 0
last timestep 4
node 42 iteration 3
0 0
1 3
2 1
3 4
4 3
5 1
6 0
7 0
last timestep 7
node 42 iteration 4
0 0
1 1
2 1
3 0
4 0
last timestep 4
node 42 iteration 5
0 0
1 2
2 2
3 3
4 5
5 3
6 2
7 6
8 6
9 8
10 11
11 6
12 15
13 13
14 28
15 26
16 34
17 81
18 99
19 98
20 92
21 100
22 94
23 72
24 52
25 20
26 10
27 11
28 9
29 7
30 8
31 8
32 3
33 7
34 7
35 4
36 2
37 1
38 1
39 0
40 0
last timestep 40
node 42 iteration 6
0 0
1 1
2 0
3 1
4 1
5 2
6 2
7 1
8 1
9 1
10 6
11 4
12 6
13 10
14 15
15 22
16 15
17 33
18 33
19 44
20 40
21 57
22 77
23 82
24 53
25 49
26 37
27 41
28 40
29 37
30 22
31 19
32 8
33 8
34 10
35 6
36 2
37 2
38 0
last timestep 38
node 42 iteration 7
0 0
1 6
2 3
3 2
4 0
5 0
last timestep 5
node 42 iteration 8
0 0
1 3
2 5
3 4
4 0
5 0
last timestep 5
node 42 iteration 9
0 0
1 2
2 1
3 3
4 8
5 7
6 7
7 23
8 25
9 32
10 57
11 66
12 73
13 87
14 104
15 93
16 56
17 38
18 14
19 27
20 22
21 9
22 9
23 7
24 6
25 5
26 1
27 1
28 0
29 0
last timestep 29
