node 752 iteration 0
0 0
1 1
2 0
3 0
last timestep 3
node 752 iteration 1
0 0
1 2
2 14
3 12
4 23
5 31
6 49
7 60
8 84
9 82
10 88
11 80
12 74
13 57
14 51
15 30
16 35
17 24
18 17
19 8
20 2
21 3
22 1
23 2
24 1
25 0
26 0
last timestep 26
node 752 iteration 2
0 0
1 0
2 0
last timestep 2
node 752 iteration 3
0 0
1 1
2 2
3 3
4 11
5 18
6 19
7 29
8 37
9 52
10 60
11 75
12 95
13 85
14 88
15 77
16 61
17 39
18 15
19 5
20 4
21 0
22 0
last timestep 22
node 752 iteration 4
0 0
1 2
2 5
3 10
4 15
5 24
6 28
7 34
8 47
9 77
10 102
11 118
12 112
13 119
14 65
15 24
16 33
17 21
18 23
19 20
20 16
21 2
22 0
23 0
last timestep 23
node 752 iteration 5
0 0
1 2
2 1
3 0
4 0
last timestep 4
node 752 iteration 6
0 0
1 4
2 8
3 18
4 24
5 36
6 63
7 82
8 94
9 98
10 85
11 70
12 67
13 50
14 40
15 16
16 12
17 5
18 2
19 2
20 0
21 1
22 0
last timestep 22
node 752 iteration 7
0 0
1 4
2 4
3 6
4 7
5 1
6 5
7 10
8 9
9 7
10 25
11 28
12 30
13 39
14 52
15 74
16 96
17 98
18 78
19 57
20 45
21 39
22 28
23 24
24 17
25 6
26 1
27 0
28 0
last timestep 28
node 752 iteration 8
0 0
1 3
2 3
3 2
4 13
5 10
6 16
7 17
8 28
9 27
10 28
11 29
12 48
13 54
14 61
15 48
16 57
17 39
18 31
19 33
20 34
21 27
22 26
23 19
24 15
25 18
26 15
27 15
28 10
29 1
30 1
31 0
32 0
last timestep 32
node 752 iteration 9
0 0
1 4
2 4
3 5
4 5
5 1
6 1
7 1
8 0
9 0
last timestep 9
