node 1722 iteration 0
0 0
1 5
2 8
3 20
4 30
5 25
6 38
7 49
8 85
9 90
10 93
11 95
12 73
13 61
14 42
15 29
16 13
17 18
18 16
19 12
20 9
21 9
22 10
23 6
24 3
25 2
26 0
27 0
last timestep 27
node 1722 iteration 1
0 0
1 4
2 7
3 6
4 11
5 24
6 37
7 34
8 64
9 93
10 88
11 69
12 64
13 63
14 55
15 43
16 30
17 26
18 16
19 14
20 10
21 13
22 11
23 8
24 7
25 4
26 6
27 5
28 4
29 8
30 1
31 1
32 0
33 0
last timestep 33
node 1722 iteration 2
0 0
1 8
2 9
3 15
4 16
5 19
6 31
7 39
8 47
9 71
10 94
11 113
12 87
13 67
14 44
15 37
16 30
17 19
18 16
19 9
20 7
21 5
22 6
23 3
24 4
25 1
26 2
27 0
28 0
last timestep 28
node 1722 iteration 3
0 0
1 3
2 10
3 12
4 15
5 24
6 37
7 55
8 68
9 64
10 80
11 79
12 87
13 71
14 74
15 57
16 39
17 33
18 19
19 14
20 6
21 2
22 1
23 1
24 0
25 0
last timestep 25
node 1722 iteration 4
0 0
1 2
2 0
3 0
last timestep 3
node 1722 iteration 5
0 0
1 4
2 2
3 4
4 12
5 36
6 38
7 55
8 79
9 124
10 132
11 113
12 107
13 65
14 30
15 18
16 8
17 4
18 4
19 1
20 5
21 2
22 0
23 0
last timestep 23
node 1722 iteration 6
0 0
1 10
2 16
3 28
4 48
5 43
6 53
7 46
8 60
9 79
10 77
11 66
12 47
13 30
14 24
15 14
16 20
17 14
18 19
19 12
20 8
21 6
22 7
23 3
24 3
25 0
26 0
last timestep 26
node 1722 iteration 7
0 0
1 3
2 0
3 0
last timestep 3
node 1722 iteration 8
0 0
1 5
2 6
3 9
4 9
5 7
6 11
7 22
8 32
9 42
10 49
11 82
12 79
13 84
14 88
15 76
16 59
17 51
18 37
19 18
20 11
21 7
22 6
23 3
24 7
25 4
26 0
27 2
28 0
last timestep 28
node 1722 iteration 9
0 0
1 3
2 11
3 16
4 33
5 46
6 59
7 80
8 92
9 89
10 98
11 81
12 70
13 56
14 33
15 11
16 5
17 3
18 3
19 4
20 2
21 2
22 0
23 1
24 1
25 0
last timestep 25
