node 2528 iteration 0
0 0
1 4
2 7
3 16
4 17
5 29
6 31
7 44
8 45
9 89
10 70
11 90
12 97
13 71
14 55
15 48
16 38
17 34
18 18
19 14
20 9
21 12
22 9
23 5
24 2
25 2
26 2
27 0
28 0
last timestep 28
node 2528 iteration 1
0 0
1 1
2 2
3 6
4 5
5 10
6 16
7 14
8 28
9 24
10 34
11 51
12 54
13 73
14 88
15 82
16 63
17 57
18 44
19 33
20 15
21 11
22 4
23 5
24 4
25 2
26 0
27 0
last timestep 27
node 2528 iteration 2
0 0
1 1
2 2
3 5
4 10
5 5
6 9
7 18
8 21
9 38
10 33
11 57
12 85
13 100
14 102
15 113
16 78
17 61
18 44
19 31
20 20
21 19
22 9
23 14
24 8
25 4
26 0
27 0
last timestep 27
node 2528 iteration 3
0 0
1 1
2 7
3 5
4 8
5 10
6 21
7 21
8 30
9 31
10 60
11 63
12 61
13 71
14 64
15 63
16 51
17 28
18 28
19 21
20 18
21 15
22 7
23 7
24 3
25 2
26 1
27 1
28 0
29 0
last timestep 29
node 2528 iteration 4
0 0
1 0
2 0
last timestep 2
node 2528 iteration 5
0 0
1 0
2 0
last timestep 2
node 2528 iteration 6
0 0
1 6
2 8
3 11
4 31
5 29
6 41
7 46
8 58
9 74
10 76
11 72
12 82
13 68
14 49
15 49
16 29
17 15
18 11
19 6
20 1
21 0
22 0
last timestep 22
node 2528 iteration 7
0 0
1 2
2 3
3 5
4 7
5 7
6 14
7 21
8 22
9 26
10 38
11 41
12 61
13 65
14 65
15 65
16 67
17 69
18 47
19 33
20 30
21 28
22 19
23 14
24 6
25 7
26 4
27 1
28 2
29 2
30 0
31 0
last timestep 31
node 2528 iteration 8
0 0
1 1
2 1
3 1
4 0
5 0
last timestep 5
node 2528 iteration 9
0 0
1 2
2 2
3 6
4 4
5 8
6 10
7 13
8 24
9 36
10 40
11 55
12 79
13 88
14 76
15 78
16 64
17 53
18 39
19 30
20 23
21 21
22 10
23 10
24 14
25 5
26 4
27 4
28 2
29 0
30 0
last timestep 30
