node 1217 iteration 0
0 0
1 2
2 5
3 5
4 2
5 0
6 0
last timestep 6
node 1217 iteration 1
0 0
1 0
2 0
last timestep 2
node 1217 iteration 2
0 0
1 1
2 1
3 1
4 1
5 3
6 2
7 4
8 7
9 9
10 13
11 25
12 46
13 64
14 75
15 92
16 74
17 55
18 61
19 56
20 66
21 50
22 43
23 32
24 21
25 16
26 4
27 3
28 0
29 0
last timestep 29
node 1217 iteration 3
0 0
1 1
2 1
3 0
4 0
last timestep 4
node 1217 iteration 4
0 0
1 2
2 3
3 5
4 10
5 6
6 3
7 9
8 10
9 9
10 14
11 14
12 28
13 28
14 31
15 34
16 38
17 35
18 45
19 60
20 43
21 38
22 34
23 53
24 50
25 55
26 46
27 25
28 14
29 8
30 6
31 3
32 0
33 0
last timestep 33
node 1217 iteration 5
0 0
1 2
2 2
3 5
4 8
5 8
6 16
7 19
8 36
9 50
10 63
11 74
12 102
13 115
14 113
15 78
16 47
17 36
18 23
19 15
20 15
21 11
22 6
23 7
24 6
25 4
26 2
27 1
28 0
29 0
last timestep 29
node 1217 iteration 6
0 0
1 1
2 1
3 0
4 0
last timestep 4
node 1217 iteration 7
0 0
1 1
2 1
3 4
4 4
5 9
6 15
7 23
8 22
9 16
10 31
11 44
12 48
13 72
14 83
15 92
16 112
17 74
18 60
19 61
20 39
21 24
22 9
23 3
24 4
25 1
26 3
27 0
28 0
last timestep 28
node 1217 iteration 8
0 0
1 2
2 0
3 0
last timestep 3
node 1217 iteration 9
0 0
1 2
2 2
3 4
4 8
5 17
6 27
7 37
8 62
9 52
10 60
11 95
12 96
13 79
14 85
15 72
16 41
17 29
18 14
19 12
20 9
21 7
22 11
23 11
24 2
25 6
26 0
27 0
last timestep 27
