node 1015 iteration 0
0 0
1 2
2 1
3 9
4 6
5 18
6 18
7 25
8 38
9 61
10 74
11 92
12 63
13 77
14 81
15 88
16 64
17 48
18 24
19 16
20 18
21 11
22 4
23 3
24 1
25 0
26 0
last timestep 26
node 1015 iteration 1
0 0
1 4
2 9
3 17
4 16
5 24
6 35
7 53
8 50
9 69
10 94
11 100
12 102
13 108
14 93
15 53
16 41
17 17
18 13
19 10
20 1
21 4
22 3
23 1
24 0
25 3
26 4
27 6
28 1
29 0
last timestep 29
node 1015 iteration 2
0 0
1 3
2 6
3 7
4 8
5 23
6 30
7 41
8 43
9 59
10 77
11 114
12 97
13 91
14 64
15 49
16 38
17 27
18 22
19 16
20 12
21 7
22 6
23 2
24 0
25 0
last timestep 25
node 1015 iteration 3
0 0
1 4
2 3
3 7
4 16
5 17
6 20
7 19
8 24
9 33
10 40
11 58
12 55
13 70
14 82
15 76
16 56
17 43
18 44
19 30
20 37
21 22
22 13
23 3
24 3
25 2
26 1
27 0
28 0
last timestep 28
node 1015 iteration 4
0 0
1 1
2 2
3 6
4 8
5 11
6 18
7 45
8 66
9 98
10 116
11 132
12 114
13 65
14 59
15 25
16 16
17 26
18 13
19 7
20 3
21 5
22 8
23 7
24 9
25 2
26 1
27 0
28 1
29 2
30 0
last timestep 30
node 1015 iteration 5
0 0
1 5
2 9
3 19
4 26
5 41
6 72
7 99
8 122
9 107
10 102
11 71
12 58
13 49
14 32
15 22
16 11
17 6
18 9
19 10
20 5
21 3
22 2
23 0
24 0
last timestep 24
node 1015 iteration 6
0 0
1 0
2 0
last timestep 2
node 1015 iteration 7
0 0
1 7
2 6
3 13
4 11
5 13
6 22
7 31
8 34
9 60
10 73
11 79
12 87
13 95
14 96
15 82
16 43
17 33
18 25
19 22
20 11
21 4
22 5
23 3
24 1
25 0
26 0
last timestep 26
node 1015 iteration 8
0 0
1 2
2 2
3 10
4 14
5 18
6 29
7 37
8 39
9 58
10 82
11 81
12 79
13 74
14 48
15 33
16 30
17 19
18 16
19 18
20 12
21 4
22 3
23 3
24 1
25 0
26 0
last timestep 26
node 1015 iteration 9
0 0
1 4
2 7
3 11
4 12
5 26
6 23
7 23
8 14
9 15
10 26
11 36
12 28
13 36
14 50
15 57
16 64
17 59
18 53
19 40
20 33
21 32
22 33
23 47
24 34
25 14
26 9
27 9
28 6
29 5
30 2
31 0
32 0
last timestep 32
