node 980 iteration 0
0 0
1 3
2 13
3 9
4 14
5 16
6 23
7 46
8 74
9 69
10 47
11 52
12 71
13 67
14 57
15 52
16 40
17 23
18 10
19 9
20 6
21 4
22 1
23 4
24 2
25 3
26 0
27 0
last timestep 27
node 980 iteration 1
0 0
1 0
2 3
3 7
4 8
5 8
6 21
7 26
8 33
9 48
10 82
11 98
12 98
13 85
14 59
15 43
16 40
17 35
18 22
19 10
20 7
21 3
22 5
23 4
24 3
25 2
26 0
last timestep 26
node 980 iteration 2
0 0
1 1
2 0
3 0
last timestep 3
node 980 iteration 3
0 0
1 0
2 0
last timestep 2
node 980 iteration 4
0 0
1 2
2 2
3 1
4 1
5 3
6 0
7 0
last timestep 7
node 980 iteration 5
0 0
1 0
2 0
last timestep 2
node 980 iteration 6
0 0
1 3
2 4
3 6
4 3
5 7
6 4
7 2
8 5
9 7
10 12
11 12
12 20
13 24
14 44
15 64
16 81
17 86
18 85
19 88
20 55
21 31
22 22
23 18
24 15
25 6
26 7
27 2
28 0
29 0
last timestep 29
node 980 iteration 7
0 0
1 2
2 2
3 1
4 6
5 15
6 22
7 44
8 53
9 69
10 91
11 100
12 111
13 113
14 73
15 53
16 34
17 10
18 8
19 2
20 2
21 0
22 0
last timestep 22
node 980 iteration 8
0 0
1 0
2 3
3 12
4 24
5 33
6 55
7 72
8 107
9 92
10 86
11 61
12 63
13 63
14 54
15 36
16 27
17 19
18 15
19 11
20 2
21 1
22 1
23 2
24 1
25 2
26 1
27 3
28 2
29 0
last timestep 29
node 980 iteration 9
0 0
1 0
2 0
last timestep 2
