node 801 iteration 0
0 0
1 3
2 10
3 10
4 10
5 17
6 38
7 60
8 44
9 44
10 57
11 83
12 82
13 87
14 80
15 73
16 41
17 34
18 18
19 6
20 7
21 8
22 3
23 3
24 1
25 1
26 1
27 0
28 0
last timestep 28
node 801 iteration 1
0 0
1 1
2 0
3 1
4 1
5 0
last timestep 5
node 801 iteration 2
0 0
1 5
2 2
3 1
4 4
5 9
6 11
7 11
8 17
9 28
10 49
11 64
12 107
13 75
14 100
15 80
16 80
17 55
18 60
19 36
20 24
21 13
22 11
23 2
24 0
25 0
last timestep 25
node 801 iteration 3
0 0
1 4
2 1
3 5
4 8
5 14
6 32
7 51
8 63
9 91
10 93
11 91
12 78
13 79
14 55
15 32
16 31
17 31
18 22
19 13
20 9
21 4
22 3
23 0
24 0
last timestep 24
node 801 iteration 4
0 0
1 5
2 12
3 23
4 30
5 53
6 71
7 93
8 104
9 92
10 99
11 73
12 65
13 50
14 30
15 27
16 20
17 8
18 4
19 3
20 4
21 2
22 1
23 0
24 0
last timestep 24
node 801 iteration 5
0 0
1 3
2 3
3 4
4 2
5 11
6 10
7 13
8 25
9 43
10 71
11 83
12 87
13 95
14 100
15 82
16 52
17 31
18 24
19 12
20 10
21 9
22 5
23 6
24 5
25 3
26 1
27 2
28 2
29 0
30 0
last timestep 30
node 801 iteration 6
0 0
1 5
2 3
3 1
4 0
5 0
last timestep 5
node 801 iteration 7
0 0
1 1
2 3
3 2
4 4
5 15
6 25
7 23
8 48
9 64
10 66
11 92
12 109
13 125
14 84
15 62
16 39
17 22
18 11
19 9
20 12
21 4
22 4
23 0
24 0
last timestep 24
node 801 iteration 8
0 0
1 5
2 6
3 9
4 19
5 19
6 24
7 34
8 48
9 54
10 59
11 67
12 60
13 53
14 69
15 49
16 41
17 28
18 21
19 18
20 10
21 9
22 6
23 6
24 1
25 0
26 0
last timestep 26
node 801 iteration 9
0 0
1 4
2 10
3 20
4 30
5 33
6 49
7 67
8 61
9 73
10 67
11 55
12 54
13 33
14 36
15 30
16 18
17 8
18 11
19 5
20 2
21 1
22 2
23 0
24 0
last timestep 24
