node 2466 iteration 0
0 0
1 1
2 0
3 0
last timestep 3
node 2466 iteration 1
0 0
1 2
2 15
3 35
4 28
5 43
6 62
7 63
8 59
9 75
10 85
11 74
12 69
13 47
14 26
15 24
16 30
17 14
18 14
19 3
20 5
21 8
22 7
23 5
24 6
25 5
26 1
27 4
28 4
29 1
30 0
31 0
last timestep 31
node 2466 iteration 2
0 0
1 4
2 1
3 0
4 0
last timestep 4
node 2466 iteration 3
0 0
1 3
2 5
3 6
4 6
5 11
6 16
7 13
8 21
9 46
10 74
11 98
12 99
13 71
14 80
15 63
16 71
17 44
18 35
19 21
20 11
21 5
22 7
23 3
24 5
25 8
26 1
27 2
28 0
29 0
last timestep 29
node 2466 iteration 4
0 0
1 2
2 0
3 1
4 7
5 9
6 10
7 18
8 18
9 36
10 56
11 80
12 98
13 95
14 103
15 108
16 80
17 54
18 58
19 31
20 25
21 14
22 11
23 4
24 3
25 3
26 1
27 1
28 0
last timestep 28
node 2466 iteration 5
0 0
1 0
2 0
last timestep 2
node 2466 iteration 6
0 0
1 0
2 0
last timestep 2
node 2466 iteration 7
0 0
1 1
2 0
3 0
last timestep 3
node 2466 iteration 8
0 0
1 3
2 6
3 12
4 34
5 35
6 46
7 70
8 86
9 97
10 97
11 73
12 69
13 51
14 26
15 27
16 10
17 13
18 4
19 5
20 1
21 3
22 2
23 0
24 0
last timestep 24
node 2466 iteration 9
0 0
1 5
2 13
3 13
4 22
5 46
6 45
7 71
8 73
9 93
10 85
11 76
12 66
13 50
14 51
15 36
16 39
17 18
18 23
19 16
20 10
21 6
22 3
23 2
24 0
25 0
last timestep 25
