node 1237 iteration 0
0 0
1 2
2 5
3 6
4 6
5 3
6 7
7 7
8 19
9 20
10 27
11 38
12 28
13 59
14 51
15 57
16 48
17 63
18 57
19 50
20 41
21 36
22 34
23 26
24 18
25 17
26 18
27 14
28 9
29 9
30 7
31 0
32 0
last timestep 32
node 1237 iteration 1
0 0
1 2
2 6
3 10
4 9
5 24
6 25
7 47
8 62
9 88
10 92
11 57
12 85
13 82
14 66
15 47
16 25
17 18
18 14
19 13
20 11
21 10
22 6
23 3
24 0
25 0
last timestep 25
node 1237 iteration 2
0 0
1 2
2 2
3 1
4 0
5 0
last timestep 5
node 1237 iteration 3
0 0
1 3
2 2
3 3
4 6
5 11
6 19
7 33
8 51
9 66
10 65
11 55
12 69
13 78
14 91
15 78
16 58
17 49
18 32
19 18
20 16
21 6
22 7
23 7
24 1
25 1
26 0
27 0
last timestep 27
node 1237 iteration 4
0 0
1 3
2 3
3 4
4 13
5 25
6 37
7 54
8 76
9 96
10 107
11 101
12 104
13 52
14 55
15 39
16 29
17 15
18 10
19 10
20 6
21 4
22 0
23 0
last timestep 23
node 1237 iteration 5
0 0
1 2
2 0
3 0
last timestep 3
node 1237 iteration 6
0 0
1 0
2 0
last timestep 2
node 1237 iteration 7
0 0
1 3
2 6
3 5
4 6
5 19
6 33
7 50
8 74
9 87
10 108
11 106
12 81
13 70
14 52
15 36
16 30
17 22
18 13
19 17
20 11
21 0
22 0
last timestep 22
node 1237 iteration 8
0 0
1 4
2 3
3 8
4 7
5 8
6 6
7 11
8 28
9 31
10 42
11 61
12 79
13 84
14 71
15 60
16 66
17 51
18 50
19 53
20 33
21 25
22 16
23 11
24 10
25 11
26 8
27 3
28 1
29 0
30 0
last timestep 30
node 1237 iteration 9
0 0
1 4
2 3
3 3
4 6
5 8
6 12
7 21
8 38
9 49
10 53
11 87
12 101
13 109
14 102
15 66
16 53
17 39
18 27
19 20
20 12
21 7
22 5
23 1
24 0
25 0
last timestep 25
