node 1136 iteration 0
0 0
1 1
2 5
3 12
4 10
5 3
6 4
7 3
8 9
9 28
10 30
11 37
12 57
13 59
14 56
15 63
16 66
17 57
18 53
19 41
20 37
21 30
22 14
23 9
24 6
25 5
26 4
27 2
28 1
29 0
30 0
last timestep 30
node 1136 iteration 1
0 0
1 3
2 3
3 9
4 21
5 39
6 38
7 60
8 75
9 87
10 84
11 62
12 52
13 59
14 35
15 28
16 17
17 11
18 10
19 6
20 4
21 2
22 6
23 1
24 0
25 0
last timestep 25
node 1136 iteration 2
0 0
1 1
2 4
3 1
4 1
5 3
6 7
7 9
8 14
9 16
10 9
11 15
12 17
13 20
14 27
15 56
16 92
17 98
18 87
19 80
20 65
21 53
22 52
23 44
24 17
25 20
26 11
27 3
28 7
29 5
30 2
31 4
32 3
33 0
34 0
last timestep 34
node 1136 iteration 3
0 0
1 2
2 0
3 0
last timestep 3
node 1136 iteration 4
0 0
1 2
2 6
3 4
4 2
5 3
6 2
7 3
8 9
9 10
10 17
11 23
12 24
13 44
14 62
15 84
16 91
17 78
18 93
19 71
20 80
21 63
22 32
23 22
24 8
25 7
26 4
27 0
28 0
last timestep 28
node 1136 iteration 5
0 0
1 2
2 1
3 1
4 11
5 19
6 26
7 40
8 32
9 45
10 56
11 79
12 86
13 66
14 58
15 62
16 56
17 34
18 22
19 17
20 10
21 7
22 4
23 2
24 0
25 0
last timestep 25
node 1136 iteration 6
0 0
1 1
2 1
3 6
4 7
5 7
6 12
7 30
8 40
9 43
10 52
11 67
12 61
13 71
14 73
15 76
16 65
17 47
18 32
19 22
20 21
21 22
22 12
23 14
24 12
25 4
26 3
27 2
28 1
29 0
30 0
last timestep 30
node 1136 iteration 7
0 0
1 4
2 4
3 13
4 6
5 18
6 14
7 22
8 26
9 51
10 65
11 77
12 105
13 95
14 89
15 82
16 61
17 46
18 33
19 13
20 10
21 4
22 16
23 6
24 2
25 1
26 0
27 0
last timestep 27
node 1136 iteration 8
0 0
1 2
2 7
3 13
4 15
5 20
6 20
7 26
8 33
9 38
10 49
11 35
12 42
13 55
14 58
15 57
16 67
17 42
18 35
19 33
20 34
21 20
22 29
23 20
24 12
25 11
26 8
27 6
28 1
29 0
30 0
last timestep 30
node 1136 iteration 9
0 0
1 2
2 7
3 8
4 11
5 13
6 21
7 20
8 23
9 51
10 65
11 71
12 103
13 106
14 92
15 65
16 50
17 42
18 24
19 16
20 15
21 13
22 6
23 4
24 4
25 1
26 0
27 0
last timestep 27
