node 975 iteration 0
0 0
1 2
2 6
3 13
4 17
5 17
6 22
7 22
8 20
9 29
10 30
11 33
12 62
13 52
14 84
15 65
16 73
17 73
18 60
19 39
20 39
21 30
22 19
23 12
24 7
25 1
26 2
27 1
28 0
29 1
30 0
last timestep 30
node 975 iteration 1
0 0
1 0
2 0
last timestep 2
node 975 iteration 2
0 0
1 3
2 5
3 5
4 2
5 3
6 5
7 7
8 8
9 8
10 10
11 17
12 28
13 30
14 34
15 38
16 46
17 49
18 52
19 58
20 61
21 58
22 60
23 50
24 40
25 23
26 20
27 12
28 4
29 4
30 3
31 3
32 0
33 1
34 2
35 1
36 0
last timestep 36
node 975 iteration 3
0 0
1 3
2 6
3 5
4 9
5 6
6 13
7 34
8 19
9 25
10 45
11 69
12 72
13 84
14 88
15 86
16 70
17 63
18 48
19 33
20 18
21 15
22 8
23 2
24 5
25 4
26 5
27 9
28 2
29 1
30 2
31 0
32 0
last timestep 32
node 975 iteration 4
0 0
1 2
2 2
3 1
4 4
5 2
6 1
7 1
8 2
9 11
10 17
11 35
12 33
13 42
14 52
15 83
16 89
17 69
18 75
19 51
20 55
21 50
22 45
23 40
24 32
25 19
26 12
27 5
28 2
29 2
30 1
31 0
32 0
last timestep 32
node 975 iteration 5
0 0
1 5
2 14
3 10
4 3
5 10
6 17
7 24
8 44
9 40
10 32
11 51
12 57
13 65
14 69
15 65
16 63
17 72
18 51
19 37
20 19
21 12
22 3
23 5
24 1
25 1
26 0
27 0
last timestep 27
node 975 iteration 6
0 0
1 2
2 0
3 0
last timestep 3
node 975 iteration 7
0 0
1 2
2 0
3 0
last timestep 3
node 975 iteration 8
0 0
1 5
2 8
3 8
4 15
5 10
6 12
7 15
8 15
9 14
10 33
11 27
12 52
13 62
14 104
15 101
16 78
17 53
18 31
19 18
20 13
21 11
22 12
23 13
24 18
25 5
26 3
27 1
28 1
29 1
30 6
31 3
32 3
33 3
34 5
35 2
36 2
37 0
38 0
last timestep 38
node 975 iteration 9
0 0
1 2
2 3
3 12
4 21
5 31
6 45
7 46
8 89
9 95
10 78
11 83
12 69
13 67
14 58
15 36
16 30
17 14
18 11
19 5
20 3
21 2
22 0
23 0
last timestep 23
