node 1177 iteration 0
0 0
1 0
2 0
last timestep 2
node 1177 iteration 1
0 0
1 1
2 0
3 1
4 0
last timestep 4
node 1177 iteration 2
0 0
1 3
2 1
3 1
4 2
5 3
6 7
7 7
8 12
9 15
10 22
11 24
12 49
13 83
14 79
15 92
16 125
17 112
18 62
19 43
20 49
21 21
22 12
23 5
24 6
25 2
26 2
27 0
28 0
last timestep 28
node 1177 iteration 3
0 0
1 3
2 4
3 4
4 5
5 5
6 10
7 17
8 20
9 27
10 49
11 69
12 106
13 126
14 115
15 86
16 73
17 70
18 36
19 22
20 17
21 9
22 5
23 1
24 3
25 3
26 6
27 2
28 2
29 2
30 2
31 0
32 0
last timestep 32
node 1177 iteration 4
0 0
1 2
2 1
3 2
4 5
5 7
6 5
7 2
8 0
9 0
last timestep 9
node 1177 iteration 5
0 0
1 1
2 2
3 3
4 13
5 17
6 35
7 39
8 46
9 47
10 47
11 40
12 59
13 68
14 66
15 63
16 53
17 39
18 30
19 25
20 16
21 13
22 7
23 5
24 3
25 3
26 0
27 0
last timestep 27
node 1177 iteration 6
0 0
1 3
2 2
3 5
4 6
5 8
6 14
7 10
8 25
9 10
10 18
11 17
12 28
13 39
14 33
15 38
16 43
17 47
18 63
19 77
20 55
21 47
22 31
23 29
24 24
25 13
26 13
27 9
28 7
29 5
30 0
31 0
last timestep 31
node 1177 iteration 7
0 0
1 1
2 1
3 1
4 4
5 3
6 5
7 6
8 14
9 18
10 34
11 20
12 37
13 44
14 67
15 80
16 77
17 78
18 73
19 69
20 48
21 47
22 20
23 15
24 10
25 14
26 9
27 3
28 0
29 0
last timestep 29
node 1177 iteration 8
0 0
1 3
2 6
3 7
4 5
5 10
6 26
7 23
8 46
9 46
10 59
11 54
12 68
13 62
14 57
15 46
16 37
17 23
18 26
19 32
20 34
21 34
22 32
23 16
24 11
25 3
26 3
27 2
28 0
29 0
last timestep 29
node 1177 iteration 9
0 0
1 3
2 7
3 16
4 18
5 15
6 29
7 33
8 48
9 50
10 62
11 64
12 62
13 60
14 56
15 45
16 50
17 29
18 22
19 18
20 12
21 3
22 2
23 2
24 2
25 0
26 0
last timestep 26
