node 1305 iteration 0
0 0
1 2
2 4
3 5
4 10
5 7
6 6
7 13
8 18
9 12
10 15
11 32
12 49
13 70
14 65
15 78
16 59
17 67
18 53
19 31
20 17
21 13
22 9
23 18
24 14
25 9
26 12
27 6
28 3
29 2
30 1
31 0
32 0
last timestep 32
node 1305 iteration 1
0 0
1 2
2 2
3 7
4 15
5 16
6 21
7 20
8 46
9 76
10 58
11 83
12 107
13 89
14 86
15 73
16 51
17 42
18 35
19 25
20 8
21 5
22 6
23 1
24 2
25 3
26 2
27 2
28 1
29 0
30 0
last timestep 30
node 1305 iteration 2
0 0
1 3
2 4
3 10
4 6
5 2
6 2
7 6
8 15
9 27
10 23
11 40
12 43
13 57
14 80
15 83
16 77
17 70
18 78
19 51
20 31
21 29
22 9
23 4
24 3
25 0
26 0
last timestep 26
node 1305 iteration 3
0 0
1 2
2 6
3 5
4 9
5 5
6 10
7 10
8 16
9 24
10 39
11 48
12 59
13 90
14 105
15 91
16 66
17 59
18 49
19 41
20 19
21 12
22 7
23 2
24 1
25 1
26 0
27 0
last timestep 27
node 1305 iteration 4
0 0
1 3
2 4
3 9
4 14
5 14
6 23
7 37
8 32
9 52
10 69
11 78
12 68
13 62
14 71
15 60
16 47
17 47
18 31
19 20
20 9
21 3
22 2
23 0
24 0
last timestep 24
node 1305 iteration 5
0 0
1 0
2 0
last timestep 2
node 1305 iteration 6
0 0
1 3
2 9
3 7
4 16
5 19
6 23
7 40
8 55
9 76
10 97
11 98
12 89
13 69
14 58
15 45
16 29
17 28
18 17
19 16
20 12
21 4
22 2
23 3
24 2
25 2
26 2
27 7
28 2
29 3
30 0
31 0
last timestep 31
node 1305 iteration 7
0 0
1 2
2 3
3 6
4 6
5 12
6 12
7 16
8 11
9 15
10 23
11 25
12 43
13 40
14 71
15 70
16 75
17 88
18 72
19 50
20 36
21 30
22 24
23 18
24 7
25 8
26 3
27 4
28 1
29 0
30 0
last timestep 30
node 1305 iteration 8
0 0
1 3
2 2
3 3
4 3
5 1
6 0
7 2
8 0
last timestep 8
node 1305 iteration 9
0 0
1 1
2 5
3 6
4 12
5 8
6 17
7 29
8 29
9 32
10 43
11 49
12 61
13 84
14 87
15 67
16 60
17 44
18 49
19 33
20 19
21 6
22 5
23 1
24 3
25 3
26 2
27 0
28 0
last timestep 28
