node 1655 iteration 0
0 0
1 3
2 9
3 21
4 28
5 36
6 60
7 55
8 55
9 60
10 76
11 79
12 61
13 52
14 50
15 41
16 38
17 17
18 17
19 11
20 7
21 2
22 1
23 1
24 0
25 0
last timestep 25
node 1655 iteration 1
0 0
1 2
2 7
3 5
4 2
5 0
6 0
last timestep 6
node 1655 iteration 2
0 0
1 4
2 0
3 0
last timestep 3
node 1655 iteration 3
0 0
1 3
2 0
3 0
last timestep 3
node 1655 iteration 4
0 0
1 6
2 13
3 17
4 21
5 30
6 49
7 83
8 108
9 119
10 113
11 105
12 74
13 62
14 41
15 19
16 11
17 9
18 10
19 0
20 3
21 3
22 1
23 2
24 4
25 1
26 0
last timestep 26
node 1655 iteration 5
0 0
1 2
2 1
3 6
4 7
5 10
6 15
7 36
8 26
9 31
10 45
11 50
12 73
13 80
14 71
15 76
16 62
17 33
18 28
19 16
20 19
21 22
22 18
23 9
24 6
25 7
26 0
27 0
last timestep 27
node 1655 iteration 6
0 0
1 2
2 1
3 0
4 0
last timestep 4
node 1655 iteration 7
0 0
1 4
2 5
3 6
4 6
5 16
6 37
7 38
8 50
9 71
10 96
11 107
12 96
13 84
14 59
15 37
16 39
17 22
18 13
19 8
20 8
21 3
22 0
23 0
last timestep 23
node 1655 iteration 8
0 0
1 4
2 13
3 24
4 25
5 33
6 41
7 72
8 103
9 106
10 122
11 111
12 86
13 49
14 30
15 15
16 8
17 4
18 4
19 3
20 3
21 1
22 2
23 3
24 1
25 2
26 1
27 0
28 0
last timestep 28
node 1655 iteration 9
0 0
1 3
2 15
3 10
4 22
5 36
6 50
7 71
8 77
9 87
10 111
11 96
12 87
13 58
14 49
15 21
16 15
17 7
18 4
19 2
20 2
21 2
22 2
23 0
24 0
last timestep 24
