node 648 iteration 0
0 0
1 5
2 16
3 34
4 47
5 75
6 110
7 119
8 94
9 92
10 76
11 65
12 51
13 43
14 32
15 21
16 12
17 3
18 1
19 1
20 2
21 2
22 1
23 1
24 0
25 0
last timestep 25
node 648 iteration 1
0 0
1 1
2 4
3 3
4 9
5 26
6 45
7 47
8 62
9 82
10 97
11 106
12 98
13 100
14 73
15 39
16 25
17 12
18 9
19 7
20 4
21 0
22 0
last timestep 22
node 648 iteration 2
0 0
1 2
2 4
3 5
4 5
5 4
6 6
7 12
8 13
9 18
10 28
11 36
12 50
13 58
14 53
15 69
16 69
17 78
18 52
19 48
20 44
21 39
22 22
23 18
24 9
25 6
26 5
27 2
28 2
29 3
30 1
31 0
32 0
last timestep 32
node 648 iteration 3
0 0
1 2
2 5
3 14
4 36
5 48
6 74
7 91
8 98
9 73
10 58
11 63
12 59
13 47
14 34
15 26
16 21
17 14
18 8
19 3
20 0
21 0
last timestep 21
node 648 iteration 4
0 0
1 3
2 6
3 8
4 16
5 17
6 27
7 35
8 46
9 77
10 118
11 120
12 110
13 105
14 79
15 46
16 26
17 19
18 13
19 9
20 4
21 3
22 1
23 7
24 2
25 1
26 2
27 4
28 3
29 0
30 0
last timestep 30
node 648 iteration 5
0 0
1 1
2 0
3 0
last timestep 3
node 648 iteration 6
0 0
1 1
2 0
3 0
last timestep 3
node 648 iteration 7
0 0
1 2
2 3
3 5
4 10
5 16
6 14
7 27
8 49
9 61
10 75
11 71
12 101
13 96
14 72
15 69
16 49
17 28
18 22
19 4
20 5
21 3
22 5
23 0
24 0
last timestep 24
node 648 iteration 8
0 0
1 2
2 3
3 4
4 12
5 18
6 12
7 10
8 18
9 30
10 46
11 57
12 56
13 69
14 99
15 105
16 68
17 67
18 41
19 20
20 11
21 6
22 4
23 6
24 3
25 5
26 3
27 1
28 1
29 0
30 0
last timestep 30
node 648 iteration 9
0 0
1 0
2 0
last timestep 2
