node 56 iteration 0
0 0
1 1
2 0
3 0
last timestep 3
node 56 iteration 1
0 0
1 1
2 1
3 3
4 2
5 6
6 3
7 11
8 6
9 20
10 24
11 19
12 38
13 36
14 46
15 50
16 78
17 82
18 65
19 59
20 43
21 30
22 21
23 34
24 25
25 16
26 11
27 7
28 7
29 2
30 1
31 0
32 0
last timestep 32
node 56 iteration 2
0 0
1 2
2 2
3 0
4 0
last timestep 4
node 56 iteration 3
0 0
1 2
2 6
3 9
4 4
5 2
6 0
7 0
last timestep 7
node 56 iteration 4
0 0
1 2
2 4
3 1
4 1
5 2
6 5
7 2
8 4
9 3
10 4
11 3
12 2
13 5
14 11
15 22
16 36
17 63
18 73
19 92
20 89
21 91
22 61
23 47
24 39
25 21
26 17
27 19
28 15
29 14
30 11
31 13
32 9
33 10
34 5
35 9
36 2
37 1
38 2
39 1
40 0
41 0
last timestep 41
node 56 iteration 5
0 0
1 1
2 3
3 2
4 7
5 8
6 21
7 29
8 39
9 40
10 47
11 32
12 42
13 29
14 36
15 36
16 28
17 29
18 25
19 26
20 19
21 24
22 23
23 26
24 24
25 15
26 17
27 21
28 23
29 21
30 19
31 13
32 10
33 9
34 3
35 0
36 0
last timestep 36
node 56 iteration 6
0 0
1 0
2 0
last timestep 2
node 56 iteration 7
0 0
1 4
2 7
3 4
4 4
5 2
6 4
7 1
8 3
9 1
10 3
11 6
12 13
13 13
14 13
15 13
16 22
17 36
18 73
19 102
20 100
21 87
22 68
23 53
24 32
25 30
26 25
27 8
28 2
29 5
30 9
31 7
32 3
33 1
34 4
35 4
36 4
37 6
38 1
39 1
40 2
41 0
42 0
last timestep 42
node 56 iteration 8
0 0
1 2
2 5
3 4
4 1
5 1
6 0
7 0
last timestep 7
node 56 iteration 9
0 0
1 3
2 3
3 11
4 11
5 26
6 40
7 62
8 75
9 83
10 82
11 85
12 73
13 62
14 48
15 39
16 27
17 24
18 19
19 10
20 3
21 1
22 0
23 0
last timestep 23
