node 96 iteration 0
0 0
1 1
2 0
3 0
last timestep 3
node 96 iteration 1
0 0
1 1
2 1
3 0
4 0
last timestep 4
node 96 iteration 2
0 0
1 3
2 2
3 4
4 4
5 9
6 10
7 23
8 24
9 17
10 36
11 47
12 54
13 79
14 112
15 96
16 84
17 61
18 54
19 32
20 26
21 20
22 13
23 5
24 2
25 3
26 1
27 0
28 0
last timestep 28
node 96 iteration 3
0 0
1 2
2 1
3 4
4 18
5 13
6 12
7 22
8 44
9 51
10 67
11 74
12 75
13 88
14 65
15 57
16 44
17 43
18 31
19 32
20 22
21 20
22 8
23 14
24 10
25 7
26 5
27 11
28 4
29 2
30 1
31 1
32 1
33 0
34 0
last timestep 34
node 96 iteration 4
0 0
1 2
2 1
3 1
4 0
5 0
last timestep 5
node 96 iteration 5
0 0
1 1
2 2
3 2
4 4
5 6
6 13
7 33
8 42
9 54
10 59
11 73
12 64
13 59
14 72
15 63
16 61
17 57
18 25
19 34
20 17
21 8
22 3
23 0
24 0
last timestep 24
node 96 iteration 6
0 0
1 0
2 0
last timestep 2
node 96 iteration 7
0 0
1 4
2 4
3 9
4 11
5 21
6 15
7 28
8 50
9 56
10 63
11 78
12 75
13 84
14 78
15 66
16 51
17 37
18 22
19 29
20 19
21 14
22 12
23 12
24 2
25 2
26 0
27 2
28 0
last timestep 28
node 96 iteration 8
0 0
1 1
2 6
3 6
4 12
5 8
6 18
7 26
8 35
9 50
10 66
11 79
12 93
13 97
14 66
15 67
16 53
17 36
18 34
19 25
20 15
21 12
22 12
23 5
24 4
25 1
26 2
27 0
28 0
last timestep 28
node 96 iteration 9
0 0
1 1
2 13
3 15
4 37
5 40
6 41
7 47
8 52
9 67
10 56
11 59
12 60
13 76
14 61
15 47
16 27
17 16
18 12
19 3
20 1
21 0
22 0
last timestep 22
