node 863 iteration 0
0 0
1 2
2 2
3 1
4 1
5 1
6 2
7 3
8 7
9 11
10 24
11 36
12 65
13 73
14 86
15 64
16 71
17 63
18 46
19 48
20 47
21 33
22 31
23 15
24 9
25 11
26 14
27 11
28 5
29 1
30 2
31 0
32 0
last timestep 32
node 863 iteration 1
0 0
1 4
2 7
3 10
4 18
5 41
6 52
7 63
8 69
9 61
10 72
11 61
12 40
13 44
14 47
15 32
16 32
17 22
18 10
19 6
20 7
21 4
22 2
23 1
24 0
25 0
last timestep 25
node 863 iteration 2
0 0
1 3
2 3
3 8
4 17
5 16
6 32
7 53
8 66
9 105
10 91
11 86
12 65
13 64
14 69
15 52
16 17
17 19
18 11
19 5
20 4
21 3
22 1
23 0
24 0
last timestep 24
node 863 iteration 3
0 0
1 1
2 2
3 3
4 6
5 3
6 4
7 15
8 26
9 29
10 42
11 59
12 61
13 63
14 63
15 56
16 47
17 58
18 40
19 37
20 25
21 16
22 11
23 7
24 5
25 4
26 7
27 2
28 1
29 0
30 0
last timestep 30
node 863 iteration 4
0 0
1 4
2 8
3 14
4 33
5 44
6 59
7 91
8 93
9 87
10 72
11 57
12 47
13 39
14 25
15 16
16 17
17 9
18 5
19 1
20 2
21 4
22 1
23 1
24 0
25 0
last timestep 25
node 863 iteration 5
0 0
1 3
2 15
3 23
4 43
5 58
6 71
7 71
8 80
9 104
10 94
11 54
12 39
13 22
14 20
15 18
16 11
17 6
18 7
19 5
20 7
21 6
22 9
23 4
24 4
25 4
26 5
27 8
28 2
29 0
30 0
last timestep 30
node 863 iteration 6
0 0
1 2
2 4
3 6
4 19
5 16
6 35
7 60
8 85
9 122
10 144
11 114
12 93
13 62
14 36
15 27
16 18
17 17
18 10
19 2
20 2
21 2
22 0
23 0
last timestep 23
node 863 iteration 7
0 0
1 4
2 8
3 11
4 27
5 30
6 45
7 69
8 75
9 99
10 109
11 91
12 79
13 55
14 38
15 19
16 13
17 11
18 8
19 5
20 3
21 2
22 0
23 0
last timestep 23
node 863 iteration 8
0 0
1 2
2 2
3 0
4 2
5 1
6 0
last timestep 6
node 863 iteration 9
0 0
1 7
2 10
3 16
4 36
5 82
6 98
7 132
8 126
9 112
10 73
11 57
12 47
13 25
14 19
15 10
16 5
17 3
18 1
19 1
20 1
21 4
22 6
23 3
24 2
25 1
26 1
27 1
28 0
29 0
last timestep 29
