node 363 iteration 0
0 0
1 3
2 5
3 10
4 16
5 13
6 25
7 41
8 49
9 56
10 70
11 65
12 79
13 57
14 50
15 48
16 46
17 54
18 40
19 13
20 18
21 9
22 4
23 3
24 0
25 0
last timestep 25
node 363 iteration 1
0 0
1 3
2 1
3 0
4 0
last timestep 4
node 363 iteration 2
0 0
1 2
2 3
3 5
4 10
5 19
6 20
7 33
8 58
9 64
10 99
11 105
12 107
13 86
14 79
15 55
16 38
17 25
18 21
19 16
20 9
21 3
22 0
23 1
24 0
last timestep 24
node 363 iteration 3
0 0
1 4
2 0
3 2
4 4
5 5
6 8
7 5
8 3
9 5
10 11
11 18
12 29
13 46
14 45
15 53
16 65
17 63
18 74
19 59
20 53
21 32
22 34
23 33
24 17
25 10
26 9
27 2
28 5
29 4
30 2
31 2
32 1
33 0
last timestep 33
node 363 iteration 4
0 0
1 3
2 0
3 0
last timestep 3
node 363 iteration 5
0 0
1 1
2 0
3 0
last timestep 3
node 363 iteration 6
0 0
1 4
2 2
3 3
4 1
5 0
6 0
last timestep 6
node 363 iteration 7
0 0
1 1
2 1
3 0
4 0
last timestep 4
node 363 iteration 8
0 0
1 2
2 6
3 36
4 47
5 68
6 96
7 123
8 112
9 113
10 74
11 35
12 35
13 21
14 21
15 8
16 4
17 0
18 0
last timestep 18
node 363 iteration 9
0 0
1 2
2 1
3 2
4 5
5 12
6 16
7 37
8 63
9 83
10 113
11 119
12 117
13 101
14 90
15 66
16 35
17 19
18 16
19 7
20 11
21 5
22 2
23 1
24 0
25 0
last timestep 25
