node 1577 iteration 0
0 0
1 5
2 5
3 1
4 0
5 0
last timestep 5
node 1577 iteration 1
0 0
1 6
2 9
3 26
4 25
5 35
6 29
7 38
8 60
9 59
10 80
11 67
12 50
13 60
14 54
15 46
16 23
17 21
18 15
19 23
20 8
21 7
22 7
23 2
24 2
25 1
26 0
27 0
last timestep 27
node 1577 iteration 2
0 0
1 1
2 0
3 0
last timestep 3
node 1577 iteration 3
0 0
1 4
2 2
3 4
4 10
5 10
6 10
7 20
8 18
9 18
10 17
11 20
12 30
13 35
14 41
15 42
16 40
17 38
18 40
19 66
20 60
21 64
22 46
23 41
24 32
25 25
26 11
27 6
28 2
29 2
30 2
31 1
32 0
33 0
last timestep 33
node 1577 iteration 4
0 0
1 3
2 6
3 6
4 6
5 5
6 6
7 6
8 8
9 16
10 20
11 26
12 47
13 46
14 51
15 65
16 63
17 64
18 64
19 56
20 55
21 49
22 32
23 22
24 17
25 11
26 13
27 5
28 6
29 2
30 1
31 6
32 8
33 3
34 0
35 0
last timestep 35
node 1577 iteration 5
0 0
1 2
2 0
3 0
last timestep 3
node 1577 iteration 6
0 0
1 2
2 0
3 0
last timestep 3
node 1577 iteration 7
0 0
1 3
2 6
3 17
4 30
5 39
6 56
7 74
8 77
9 96
10 89
11 79
12 77
13 66
14 41
15 29
16 29
17 13
18 15
19 12
20 7
21 3
22 1
23 0
24 0
last timestep 24
node 1577 iteration 8
0 0
1 0
2 0
last timestep 2
node 1577 iteration 9
0 0
1 5
2 10
3 12
4 21
5 28
6 45
7 59
8 71
9 86
10 104
11 114
12 81
13 76
14 38
15 24
16 19
17 7
18 3
19 0
20 0
last timestep 20
