node 149 iteration 0
0 0
1 2
2 4
3 9
4 5
5 2
6 3
7 8
8 15
9 17
10 24
11 18
12 28
13 36
14 29
15 34
16 51
17 66
18 81
19 67
20 55
21 58
22 43
23 40
24 26
25 30
26 26
27 11
28 15
29 11
30 7
31 4
32 1
33 1
34 0
35 0
last timestep 35
node 149 iteration 1
0 0
1 4
2 8
3 17
4 32
5 62
6 96
7 90
8 63
9 80
10 62
11 62
12 45
13 36
14 30
15 14
16 15
17 12
18 3
19 3
20 0
21 0
last timestep 21
node 149 iteration 2
0 0
1 4
2 14
3 13
4 6
5 13
6 24
7 20
8 18
9 20
10 30
11 45
12 51
13 77
14 99
15 95
16 79
17 57
18 62
19 44
20 41
21 26
22 20
23 15
24 7
25 2
26 2
27 1
28 1
29 0
30 0
last timestep 30
node 149 iteration 3
0 0
1 0
2 0
last timestep 2
node 149 iteration 4
0 0
1 5
2 7
3 5
4 13
5 29
6 19
7 26
8 37
9 53
10 96
11 79
12 73
13 69
14 59
15 50
16 30
17 28
18 19
19 18
20 22
21 17
22 12
23 2
24 4
25 0
26 0
last timestep 26
node 149 iteration 5
0 0
1 2
2 3
3 1
4 1
5 0
6 0
last timestep 6
node 149 iteration 6
0 0
1 1
2 3
3 3
4 2
5 2
6 5
7 3
8 3
9 6
10 3
11 9
12 15
13 26
14 35
15 54
16 47
17 62
18 68
19 92
20 85
21 50
22 53
23 48
24 39
25 29
26 26
27 12
28 8
29 6
30 3
31 0
32 0
last timestep 32
node 149 iteration 7
0 0
1 0
2 0
last timestep 2
node 149 iteration 8
0 0
1 3
2 2
3 4
4 4
5 4
6 2
7 4
8 7
9 4
10 8
11 13
12 15
13 26
14 38
15 62
16 81
17 91
18 101
19 77
20 65
21 41
22 33
23 33
24 23
25 29
26 24
27 18
28 8
29 13
30 9
31 6
32 1
33 2
34 2
35 0
36 0
last timestep 36
node 149 iteration 9
0 0
1 2
2 9
3 12
4 15
5 21
6 23
7 36
8 46
9 41
10 57
11 61
12 66
13 71
14 68
15 70
16 38
17 51
18 35
19 26
20 13
21 13
22 6
23 5
24 3
25 3
26 0
27 0
last timestep 27
