node 819 iteration 0
0 0
1 4
2 8
3 12
4 15
5 25
6 28
7 34
8 43
9 51
10 67
11 68
12 64
13 64
14 70
15 59
16 48
17 29
18 21
19 13
20 5
21 7
22 3
23 5
24 9
25 1
26 2
27 1
28 1
29 0
30 0
last timestep 30
node 819 iteration 1
0 0
1 3
2 4
3 3
4 11
5 14
6 20
7 34
8 43
9 48
10 58
11 81
12 88
13 83
14 75
15 36
16 33
17 49
18 31
19 29
20 17
21 14
22 8
23 2
24 3
25 1
26 1
27 0
28 0
last timestep 28
node 819 iteration 2
0 0
1 5
2 13
3 20
4 47
5 68
6 87
7 91
8 98
9 122
10 93
11 64
12 44
13 30
14 24
15 19
16 16
17 7
18 4
19 0
20 1
21 0
last timestep 21
node 819 iteration 3
0 0
1 3
2 2
3 5
4 2
5 1
6 1
7 5
8 1
9 5
10 3
11 16
12 17
13 18
14 35
15 47
16 60
17 67
18 46
19 65
20 65
21 58
22 53
23 42
24 30
25 19
26 13
27 21
28 16
29 7
30 5
31 4
32 1
33 2
34 1
35 1
36 0
37 0
last timestep 37
node 819 iteration 4
0 0
1 5
2 2
3 4
4 7
5 12
6 14
7 8
8 15
9 16
10 40
11 36
12 27
13 45
14 42
15 61
16 64
17 77
18 51
19 56
20 52
21 39
22 31
23 35
24 32
25 10
26 13
27 10
28 8
29 6
30 9
31 8
32 9
33 3
34 5
35 5
36 6
37 1
38 1
39 3
40 1
41 1
42 2
43 3
44 3
45 2
46 3
47 1
48 1
49 0
50 0
last timestep 50
node 819 iteration 5
0 0
1 3
2 2
3 7
4 5
5 18
6 31
7 31
8 27
9 40
10 70
11 50
12 52
13 43
14 51
15 54
16 50
17 31
18 25
19 16
20 11
21 8
22 10
23 7
24 6
25 6
26 3
27 0
28 0
last timestep 28
node 819 iteration 6
0 0
1 4
2 2
3 7
4 8
5 12
6 16
7 25
8 37
9 69
10 77
11 88
12 86
13 80
14 64
15 68
16 53
17 47
18 40
19 27
20 18
21 12
22 8
23 8
24 10
25 5
26 9
27 1
28 1
29 0
30 0
last timestep 30
node 819 iteration 7
0 0
1 7
2 7
3 5
4 6
5 11
6 20
7 28
8 30
9 49
10 75
11 90
12 90
13 88
14 66
15 59
16 42
17 39
18 17
19 13
20 11
21 2
22 2
23 2
24 0
25 1
26 2
27 2
28 2
29 0
last timestep 29
node 819 iteration 8
0 0
1 5
2 4
3 8
4 15
5 25
6 31
7 50
8 47
9 59
10 80
11 94
12 88
13 82
14 42
15 47
16 36
17 19
18 5
19 5
20 2
21 1
22 2
23 1
24 0
25 0
last timestep 25
node 819 iteration 9
0 0
1 5
2 1
3 2
4 2
5 8
6 15
7 32
8 51
9 61
10 85
11 101
12 114
13 122
14 102
15 71
16 49
17 25
18 10
19 9
20 5
21 9
22 6
23 5
24 1
25 0
26 0
last timestep 26
