node 847 iteration 0
0 0
1 1
2 0
3 0
last timestep 3
node 847 iteration 1
0 0
1 3
2 4
3 2
4 0
5 0
last timestep 5
node 847 iteration 2
0 0
1 1
2 1
3 0
4 0
last timestep 4
node 847 iteration 3
0 0
1 6
2 11
3 21
4 37
5 47
6 72
7 125
8 121
9 143
10 121
11 73
12 66
13 27
14 26
15 8
16 5
17 4
18 0
19 0
last timestep 19
node 847 iteration 4
0 0
1 2
2 1
3 3
4 0
5 0
last timestep 5
node 847 iteration 5
0 0
1 3
2 5
3 11
4 19
5 44
6 77
7 93
8 107
9 100
10 98
11 66
12 36
13 23
14 15
15 13
16 12
17 7
18 6
19 5
20 6
21 3
22 1
23 0
24 0
last timestep 24
node 847 iteration 6
0 0
1 2
2 7
3 12
4 23
5 25
6 44
7 72
8 80
9 107
10 107
11 104
12 96
13 60
14 44
15 30
16 24
17 18
18 15
19 20
20 10
21 6
22 5
23 1
24 0
25 0
last timestep 25
node 847 iteration 7
0 0
1 1
2 5
3 6
4 3
5 3
6 4
7 4
8 6
9 4
10 14
11 26
12 22
13 29
14 49
15 67
16 79
17 81
18 67
19 63
20 53
21 25
22 25
23 19
24 12
25 14
26 11
27 5
28 2
29 4
30 4
31 1
32 0
33 0
last timestep 33
node 847 iteration 8
0 0
1 1
2 2
3 9
4 7
5 4
6 6
7 13
8 25
9 23
10 23
11 25
12 44
13 56
14 80
15 92
16 85
17 71
18 46
19 39
20 26
21 26
22 16
23 9
24 4
25 1
26 1
27 1
28 1
29 2
30 0
31 0
last timestep 31
node 847 iteration 9
0 0
1 2
2 8
3 11
4 17
5 18
6 28
7 46
8 61
9 83
10 85
11 77
12 80
13 57
14 56
15 38
16 32
17 26
18 13
19 12
20 5
21 2
22 0
23 0
last timestep 23
