node 767 iteration 0
0 0
1 5
2 8
3 21
4 39
5 54
6 79
7 110
8 105
9 123
10 85
11 73
12 51
13 37
14 20
15 14
16 14
17 14
18 4
19 0
20 0
last timestep 20
node 767 iteration 1
0 0
1 1
2 1
3 0
4 0
last timestep 4
node 767 iteration 2
0 0
1 0
2 0
last timestep 2
node 767 iteration 3
0 0
1 4
2 2
3 3
4 2
5 0
6 0
last timestep 6
node 767 iteration 4
0 0
1 2
2 11
3 7
4 6
5 8
6 13
7 20
8 18
9 23
10 29
11 47
12 52
13 65
14 82
15 89
16 89
17 44
18 44
19 29
20 14
21 9
22 8
23 1
24 1
25 2
26 0
27 0
last timestep 27
node 767 iteration 5
0 0
1 0
2 0
last timestep 2
node 767 iteration 6
0 0
1 3
2 12
3 10
4 23
5 29
6 51
7 49
8 86
9 97
10 88
11 103
12 83
13 65
14 39
15 30
16 15
17 16
18 11
19 8
20 11
21 6
22 4
23 5
24 4
25 1
26 0
27 0
last timestep 27
node 767 iteration 7
0 0
1 0
2 4
3 14
4 20
5 22
6 43
7 58
8 89
9 83
10 88
11 90
12 65
13 47
14 34
15 25
16 26
17 12
18 5
19 7
20 3
21 5
22 7
23 2
24 1
25 0
last timestep 25
node 767 iteration 8
0 0
1 2
2 5
3 7
4 18
5 18
6 22
7 29
8 29
9 37
10 47
11 44
12 51
13 70
14 47
15 65
16 54
17 58
18 54
19 53
20 20
21 17
22 14
23 21
24 12
25 6
26 1
27 0
28 0
last timestep 28
node 767 iteration 9
0 0
1 4
2 8
3 19
4 22
5 34
6 42
7 58
8 76
9 82
10 96
11 82
12 77
13 72
14 34
15 25
16 19
17 8
18 4
19 4
20 5
21 4
22 6
23 2
24 1
25 0
26 0
last timestep 26
