node 2018 iteration 0
0 0
1 1
2 1
3 0
4 0
last timestep 4
node 2018 iteration 1
0 0
1 1
2 7
3 7
4 15
5 28
6 32
7 58
8 79
9 77
10 97
11 89
12 84
13 57
14 59
15 32
16 23
17 9
18 6
19 9
20 11
21 3
22 5
23 2
24 2
25 1
26 4
27 0
28 0
last timestep 28
node 2018 iteration 2
0 0
1 2
2 4
3 6
4 13
5 15
6 20
7 43
8 63
9 74
10 102
11 102
12 90
13 67
14 49
15 46
16 34
17 36
18 27
19 20
20 20
21 13
22 5
23 8
24 1
25 0
26 0
last timestep 26
node 2018 iteration 3
0 0
1 1
2 0
3 0
last timestep 3
node 2018 iteration 4
0 0
1 2
2 2
3 4
4 3
5 2
6 6
7 8
8 20
9 24
10 30
11 35
12 36
13 50
14 74
15 72
16 65
17 71
18 55
19 55
20 47
21 38
22 32
23 13
24 9
25 8
26 3
27 1
28 2
29 1
30 0
31 0
last timestep 31
node 2018 iteration 5
0 0
1 1
2 3
3 10
4 12
5 13
6 14
7 32
8 62
9 84
10 105
11 97
12 90
13 82
14 71
15 58
16 43
17 29
18 26
19 17
20 13
21 4
22 1
23 1
24 0
25 0
last timestep 25
node 2018 iteration 6
0 0
1 2
2 6
3 7
4 6
5 8
6 19
7 32
8 36
9 52
10 56
11 84
12 97
13 91
14 72
15 78
16 47
17 49
18 27
19 16
20 11
21 7
22 1
23 0
24 0
last timestep 24
node 2018 iteration 7
0 0
1 6
2 11
3 21
4 39
5 38
6 56
7 52
8 60
9 63
10 74
11 69
12 61
13 68
14 52
15 33
16 24
17 12
18 10
19 3
20 5
21 2
22 1
23 3
24 0
25 0
last timestep 25
node 2018 iteration 8
0 0
1 2
2 3
3 4
4 13
5 25
6 37
7 43
8 74
9 103
10 94
11 84
12 94
13 81
14 57
15 34
16 30
17 14
18 16
19 10
20 13
21 12
22 6
23 2
24 3
25 2
26 0
27 0
last timestep 27
node 2018 iteration 9
0 0
1 2
2 2
3 7
4 9
5 14
6 13
7 30
8 32
9 35
10 46
11 59
12 103
13 107
14 105
15 100
16 71
17 57
18 45
19 31
20 24
21 15
22 14
23 1
24 0
25 0
last timestep 25
