node 1645 iteration 0
0 0
1 0
2 0
last timestep 2
node 1645 iteration 1
0 0
1 2
2 3
3 13
4 18
5 24
6 40
7 58
8 78
9 83
10 100
11 106
12 106
13 69
14 50
15 34
16 18
17 7
18 9
19 6
20 3
21 1
22 3
23 0
24 0
last timestep 24
node 1645 iteration 2
0 0
1 2
2 1
3 0
4 0
last timestep 4
node 1645 iteration 3
0 0
1 0
2 0
last timestep 2
node 1645 iteration 4
0 0
1 3
2 7
3 11
4 23
5 35
6 48
7 73
8 55
9 92
10 91
11 76
12 68
13 65
14 54
15 37
16 14
17 17
18 8
19 0
20 1
21 2
22 2
23 2
24 1
25 1
26 0
last timestep 26
node 1645 iteration 5
0 0
1 2
2 4
3 6
4 12
5 17
6 20
7 26
8 43
9 50
10 58
11 89
12 105
13 117
14 106
15 74
16 44
17 27
18 21
19 16
20 11
21 10
22 5
23 2
24 2
25 0
26 0
last timestep 26
node 1645 iteration 6
0 0
1 1
2 1
3 10
4 4
5 5
6 5
7 8
8 22
9 36
10 64
11 83
12 119
13 119
14 113
15 86
16 74
17 50
18 22
19 11
20 5
21 1
22 1
23 0
24 0
last timestep 24
node 1645 iteration 7
0 0
1 3
2 1
3 0
4 0
last timestep 4
node 1645 iteration 8
0 0
1 1
2 2
3 5
4 1
5 2
6 0
7 0
last timestep 7
node 1645 iteration 9
0 0
1 1
2 2
3 4
4 5
5 11
6 15
7 11
8 12
9 17
10 23
11 30
12 55
13 80
14 105
15 134
16 106
17 95
18 81
19 62
20 38
21 22
22 13
23 9
24 8
25 4
26 2
27 0
28 0
last timestep 28
