node 1864 iteration 0
0 0
1 3
2 2
3 10
4 10
5 18
6 41
7 42
8 40
9 49
10 65
11 68
12 58
13 58
14 66
15 56
16 38
17 34
18 22
19 15
20 13
21 7
22 7
23 8
24 2
25 0
26 0
last timestep 26
node 1864 iteration 1
0 0
1 3
2 1
3 3
4 3
5 4
6 12
7 12
8 10
9 30
10 54
11 53
12 104
13 129
14 117
15 117
16 72
17 60
18 35
19 13
20 11
21 2
22 3
23 1
24 2
25 1
26 0
27 0
last timestep 27
node 1864 iteration 2
0 0
1 4
2 1
3 1
4 4
5 12
6 9
7 8
8 3
9 7
10 9
11 12
12 18
13 36
14 32
15 46
16 40
17 40
18 36
19 24
20 20
21 24
22 33
23 38
24 33
25 33
26 28
27 29
28 22
29 23
30 19
31 8
32 14
33 9
34 7
35 2
36 2
37 1
38 2
39 1
40 0
41 0
last timestep 41
node 1864 iteration 3
0 0
1 2
2 3
3 7
4 9
5 14
6 24
7 42
8 58
9 59
10 54
11 78
12 81
13 88
14 80
15 67
16 55
17 42
18 31
19 25
20 15
21 6
22 3
23 4
24 8
25 5
26 1
27 1
28 0
29 0
last timestep 29
node 1864 iteration 4
0 0
1 1
2 5
3 3
4 3
5 6
6 5
7 17
8 20
9 50
10 52
11 49
12 38
13 45
14 47
15 49
16 32
17 36
18 31
19 21
20 23
21 21
22 19
23 17
24 19
25 8
26 7
27 5
28 1
29 0
30 0
last timestep 30
node 1864 iteration 5
0 0
1 3
2 0
3 2
4 4
5 16
6 15
7 16
8 26
9 20
10 27
11 21
12 45
13 57
14 79
15 96
16 87
17 69
18 77
19 46
20 43
21 17
22 24
23 10
24 12
25 6
26 5
27 4
28 2
29 1
30 0
last timestep 30
node 1864 iteration 6
0 0
1 2
2 2
3 3
4 4
5 8
6 4
7 7
8 5
9 9
10 25
11 43
12 57
13 76
14 106
15 119
16 103
17 87
18 55
19 47
20 33
21 16
22 10
23 9
24 5
25 4
26 0
27 0
last timestep 27
node 1864 iteration 7
0 0
1 3
2 2
3 2
4 0
5 0
last timestep 5
node 1864 iteration 8
0 0
1 2
2 2
3 3
4 2
5 11
6 9
7 21
8 19
9 27
10 31
11 49
12 53
13 69
14 88
15 90
16 84
17 73
18 48
19 43
20 26
21 17
22 16
23 11
24 2
25 2
26 2
27 2
28 3
29 1
30 0
31 0
last timestep 31
node 1864 iteration 9
0 0
1 0
2 0
last timestep 2
