node 862 iteration 0
0 0
1 0
2 0
last timestep 2
node 862 iteration 1
0 0
1 1
2 1
3 0
4 0
last timestep 4
node 862 iteration 2
0 0
1 1
2 2
3 1
4 0
5 0
last timestep 5
node 862 iteration 3
0 0
1 1
2 1
3 1
4 3
5 2
6 4
7 11
8 18
9 17
10 27
11 37
12 60
13 74
14 84
15 98
16 106
17 86
18 57
19 34
20 28
21 21
22 18
23 8
24 4
25 0
26 0
last timestep 26
node 862 iteration 4
0 0
1 1
2 1
3 10
4 11
5 16
6 19
7 20
8 30
9 33
10 38
11 48
12 64
13 79
14 88
15 95
16 82
17 81
18 82
19 60
20 43
21 21
22 20
23 8
24 4
25 1
26 0
27 0
last timestep 27
node 862 iteration 5
0 0
1 1
2 5
3 2
4 4
5 4
6 14
7 12
8 16
9 34
10 20
11 24
12 28
13 30
14 24
15 31
16 27
17 28
18 19
19 16
20 18
21 32
22 33
23 32
24 43
25 47
26 46
27 37
28 34
29 22
30 12
31 8
32 6
33 2
34 0
35 0
last timestep 35
node 862 iteration 6
0 0
1 3
2 6
3 14
4 9
5 6
6 8
7 15
8 23
9 35
10 46
11 55
12 71
13 79
14 79
15 91
16 88
17 65
18 38
19 32
20 20
21 16
22 7
23 2
24 0
25 0
last timestep 25
node 862 iteration 7
0 0
1 2
2 0
3 0
last timestep 3
node 862 iteration 8
0 0
1 1
2 7
3 6
4 4
5 4
6 5
7 17
8 17
9 28
10 35
11 62
12 74
13 78
14 81
15 75
16 82
17 60
18 39
19 22
20 12
21 4
22 4
23 0
24 0
last timestep 24
node 862 iteration 9
0 0
1 0
2 0
last timestep 2
