node 16 iteration 0
0 0
1 1
2 0
3 0
last timestep 3
node 16 iteration 1
0 0
1 2
2 0
3 0
last timestep 3
node 16 iteration 2
0 0
1 4
2 3
3 8
4 7
5 11
6 21
7 23
8 41
9 45
10 51
11 50
12 58
13 77
14 88
15 71
16 53
17 35
18 24
19 24
20 13
21 10
22 11
23 8
24 2
25 4
26 4
27 5
28 6
29 3
30 0
31 1
32 0
last timestep 32
node 16 iteration 3
0 0
1 4
2 11
3 9
4 10
5 9
6 14
7 18
8 22
9 28
10 35
11 58
12 59
13 72
14 98
15 72
16 59
17 40
18 24
19 18
20 20
21 19
22 19
23 13
24 9
25 7
26 5
27 1
28 3
29 3
30 1
31 0
32 0
last timestep 32
node 16 iteration 4
0 0
1 3
2 7
3 14
4 14
5 26
6 20
7 42
8 46
9 57
10 93
11 96
12 85
13 87
14 51
15 36
16 40
17 44
18 20
19 18
20 15
21 9
22 10
23 2
24 3
25 1
26 0
27 0
last timestep 27
node 16 iteration 5
0 0
1 0
2 0
last timestep 2
node 16 iteration 6
0 0
1 0
2 1
3 0
last timestep 3
node 16 iteration 7
0 0
1 2
2 0
3 0
last timestep 3
node 16 iteration 8
0 0
1 2
2 1
3 2
4 1
5 4
6 4
7 12
8 30
9 39
10 57
11 60
12 88
13 96
14 113
15 94
16 80
17 53
18 41
19 29
20 18
21 12
22 4
23 4
24 4
25 0
26 0
last timestep 26
node 16 iteration 9
0 0
1 2
2 3
3 4
4 2
5 5
6 15
7 19
8 27
9 32
10 43
11 54
12 79
13 94
14 95
15 82
16 71
17 48
18 43
19 40
20 49
21 33
22 17
23 2
24 3
25 3
26 1
27 0
28 0
last timestep 28
