node 408 iteration 0
0 0
1 1
2 0
3 0
last timestep 3
node 408 iteration 1
0 0
1 2
2 0
3 0
last timestep 3
node 408 iteration 2
0 0
1 6
2 9
3 21
4 25
5 21
6 42
7 50
8 66
9 64
10 76
11 84
12 71
13 68
14 52
15 39
16 23
17 21
18 26
19 17
20 14
21 9
22 9
23 6
24 4
25 0
26 0
last timestep 26
node 408 iteration 3
0 0
1 1
2 0
3 0
last timestep 3
node 408 iteration 4
0 0
1 4
2 6
3 8
4 10
5 16
6 16
7 13
8 14
9 21
10 23
11 22
12 24
13 29
14 40
15 47
16 70
17 70
18 66
19 66
20 49
21 37
22 34
23 27
24 21
25 21
26 11
27 3
28 3
29 3
30 2
31 0
32 0
last timestep 32
node 408 iteration 5
0 0
1 2
2 0
3 0
last timestep 3
node 408 iteration 6
0 0
1 2
2 2
3 3
4 3
5 2
6 2
7 5
8 18
9 24
10 50
11 90
12 115
13 114
14 100
15 77
16 80
17 45
18 36
19 20
20 21
21 11
22 6
23 4
24 2
25 0
26 0
last timestep 26
node 408 iteration 7
0 0
1 4
2 7
3 8
4 17
5 32
6 37
7 50
8 76
9 68
10 99
11 110
12 97
13 57
14 49
15 28
16 24
17 13
18 8
19 6
20 6
21 10
22 14
23 4
24 2
25 2
26 2
27 1
28 0
29 0
last timestep 29
node 408 iteration 8
0 0
1 1
2 4
3 2
4 2
5 2
6 2
7 12
8 14
9 23
10 35
11 44
12 52
13 55
14 68
15 70
16 98
17 91
18 69
19 64
20 65
21 43
22 32
23 22
24 7
25 8
26 6
27 8
28 3
29 0
30 0
last timestep 30
node 408 iteration 9
0 0
1 6
2 6
3 4
4 14
5 12
6 17
7 14
8 20
9 35
10 51
11 50
12 56
13 49
14 50
15 46
16 47
17 43
18 41
19 29
20 18
21 14
22 9
23 6
24 7
25 2
26 1
27 2
28 0
29 0
last timestep 29
