node 455 iteration 0
0 0
1 2
2 4
3 5
4 8
5 11
6 21
7 28
8 37
9 58
10 63
11 54
12 96
13 90
14 72
15 53
16 29
17 20
18 27
19 16
20 5
21 2
22 3
23 0
24 0
last timestep 24
node 455 iteration 1
0 0
1 2
2 10
3 14
4 16
5 32
6 37
7 72
8 85
9 131
10 115
11 107
12 85
13 58
14 46
15 32
16 19
17 8
18 8
19 9
20 4
21 8
22 7
23 2
24 0
25 0
last timestep 25
node 455 iteration 2
0 0
1 1
2 0
3 0
last timestep 3
node 455 iteration 3
0 0
1 2
2 1
3 8
4 2
5 8
6 6
7 8
8 13
9 14
10 21
11 36
12 42
13 48
14 66
15 77
16 68
17 100
18 103
19 59
20 39
21 26
22 14
23 7
24 3
25 4
26 1
27 1
28 0
29 0
last timestep 29
node 455 iteration 4
0 0
1 3
2 3
3 7
4 8
5 10
6 11
7 33
8 47
9 46
10 63
11 68
12 72
13 75
14 52
15 60
16 57
17 40
18 33
19 21
20 15
21 9
22 5
23 5
24 1
25 0
26 0
last timestep 26
node 455 iteration 5
0 0
1 2
2 0
3 0
last timestep 3
node 455 iteration 6
0 0
1 0
2 3
3 2
4 7
5 12
6 24
7 28
8 31
9 36
10 61
11 55
12 54
13 65
14 52
15 56
16 48
17 46
18 39
19 14
20 11
21 15
22 9
23 15
24 16
25 11
26 16
27 7
28 6
29 2
30 0
last timestep 30
node 455 iteration 7
0 0
1 1
2 11
3 15
4 22
5 25
6 47
7 57
8 82
9 85
10 68
11 74
12 61
13 47
14 35
15 29
16 24
17 35
18 30
19 30
20 23
21 9
22 3
23 3
24 4
25 0
26 2
27 0
last timestep 27
node 455 iteration 8
0 0
1 2
2 0
3 0
last timestep 3
node 455 iteration 9
0 0
1 3
2 9
3 16
4 19
5 21
6 30
7 33
8 65
9 81
10 71
11 92
12 70
13 58
14 48
15 34
16 29
17 16
18 20
19 22
20 12
21 9
22 7
23 5
24 4
25 3
26 2
27 3
28 1
29 0
30 0
last timestep 30
