node 664 iteration 0
0 0
1 2
2 5
3 4
4 4
5 0
6 0
last timestep 6
node 664 iteration 1
0 0
1 0
2 0
last timestep 2
node 664 iteration 2
0 0
1 1
2 2
3 1
4 11
5 19
6 15
7 27
8 48
9 54
10 75
11 82
12 80
13 86
14 84
15 85
16 63
17 47
18 35
19 13
20 11
21 7
22 3
23 0
24 0
last timestep 24
node 664 iteration 3
0 0
1 2
2 3
3 5
4 6
5 8
6 14
7 38
8 51
9 61
10 57
11 75
12 65
13 69
14 64
15 66
16 59
17 44
18 29
19 15
20 12
21 11
22 6
23 4
24 4
25 1
26 0
27 0
last timestep 27
node 664 iteration 4
0 0
1 5
2 4
3 4
4 8
5 12
6 30
7 43
8 63
9 77
10 88
11 94
12 111
13 85
14 56
15 36
16 30
17 20
18 20
19 3
20 8
21 3
22 3
23 1
24 3
25 3
26 1
27 0
28 1
29 0
last timestep 29
node 664 iteration 5
0 0
1 3
2 4
3 4
4 5
5 10
6 9
7 15
8 22
9 24
10 32
11 37
12 48
13 77
14 100
15 107
16 125
17 96
18 93
19 40
20 15
21 8
22 5
23 4
24 3
25 0
26 0
last timestep 26
node 664 iteration 6
0 0
1 3
2 3
3 17
4 28
5 35
6 53
7 56
8 70
9 96
10 95
11 84
12 92
13 64
14 41
15 30
16 15
17 9
18 16
19 10
20 5
21 7
22 0
23 0
last timestep 23
node 664 iteration 7
0 0
1 0
2 0
last timestep 2
node 664 iteration 8
0 0
1 0
2 0
last timestep 2
node 664 iteration 9
0 0
1 1
2 5
3 2
4 1
5 2
6 6
7 15
8 15
9 32
10 43
11 57
12 71
13 68
14 79
15 85
16 53
17 64
18 35
19 17
20 10
21 2
22 2
23 3
24 0
25 0
last timestep 25
