node 1057 iteration 0
0 0
1 7
2 8
3 17
4 25
5 33
6 33
7 55
8 66
9 68
10 67
11 77
12 79
13 75
14 59
15 53
16 38
17 20
18 15
19 12
20 8
21 2
22 2
23 2
24 1
25 1
26 0
27 0
last timestep 27
node 1057 iteration 1
0 0
1 15
2 18
3 30
4 52
5 55
6 68
7 67
8 89
9 93
10 77
11 62
12 50
13 39
14 31
15 26
16 17
17 15
18 10
19 6
20 3
21 3
22 4
23 3
24 0
25 0
last timestep 25
node 1057 iteration 2
0 0
1 6
2 9
3 10
4 8
5 9
6 20
7 39
8 48
9 76
10 76
11 73
12 60
13 52
14 61
15 39
16 23
17 21
18 20
19 21
20 13
21 10
22 5
23 1
24 6
25 6
26 2
27 3
28 5
29 2
30 6
31 6
32 5
33 3
34 2
35 3
36 1
37 1
38 0
39 0
last timestep 39
node 1057 iteration 3
0 0
1 11
2 19
3 42
4 66
5 86
6 105
7 115
8 96
9 78
10 56
11 50
12 41
13 26
14 18
15 15
16 6
17 4
18 3
19 5
20 3
21 4
22 3
23 4
24 2
25 1
26 3
27 1
28 0
29 0
last timestep 29
node 1057 iteration 4
0 0
1 13
2 20
3 22
4 51
5 69
6 98
7 104
8 89
9 85
10 89
11 65
12 46
13 32
14 17
15 12
16 10
17 9
18 5
19 2
20 8
21 1
22 1
23 0
24 0
last timestep 24
node 1057 iteration 5
0 0
1 9
2 8
3 22
4 19
5 15
6 11
7 14
8 17
9 17
10 26
11 47
12 62
13 51
14 51
15 63
16 56
17 66
18 44
19 29
20 25
21 13
22 11
23 4
24 7
25 3
26 3
27 1
28 3
29 3
30 1
31 0
32 0
last timestep 32
node 1057 iteration 6
0 0
1 10
2 10
3 15
4 18
5 37
6 47
7 45
8 49
9 53
10 74
11 73
12 84
13 69
14 61
15 49
16 34
17 27
18 18
19 6
20 6
21 7
22 3
23 4
24 2
25 4
26 3
27 5
28 1
29 2
30 1
31 0
32 0
last timestep 32
node 1057 iteration 7
0 0
1 5
2 9
3 13
4 15
5 33
6 46
7 75
8 65
9 89
10 100
11 80
12 67
13 51
14 40
15 32
16 14
17 22
18 20
19 16
20 8
21 4
22 3
23 1
24 1
25 3
26 3
27 1
28 0
29 0
last timestep 29
node 1057 iteration 8
0 0
1 7
2 13
3 8
4 10
5 27
6 20
7 35
8 48
9 78
10 83
11 93
12 82
13 78
14 71
15 55
16 43
17 33
18 22
19 15
20 5
21 3
22 1
23 0
24 0
last timestep 24
node 1057 iteration 9
0 0
1 8
2 11
3 22
4 19
5 20
6 30
7 24
8 43
9 48
10 48
11 67
12 75
13 77
14 68
15 70
16 38
17 43
18 31
19 17
20 11
21 9
22 6
23 3
24 3
25 5
26 2
27 2
28 1
29 0
30 0
last timestep 30
