node 17 iteration 0
0 0
1 2
2 0
3 0
last timestep 3
node 17 iteration 1
0 0
1 3
2 14
3 11
4 8
5 10
6 7
7 9
8 21
9 26
10 38
11 44
12 52
13 74
14 92
15 83
16 64
17 46
18 26
19 17
20 30
21 20
22 8
23 3
24 2
25 2
26 2
27 3
28 1
29 0
30 0
last timestep 30
node 17 iteration 2
0 0
1 1
2 0
3 0
last timestep 3
node 17 iteration 3
0 0
1 4
2 3
3 8
4 10
5 7
6 16
7 33
8 44
9 63
10 64
11 92
12 107
13 101
14 98
15 79
16 49
17 44
18 24
19 13
20 7
21 4
22 7
23 10
24 8
25 4
26 2
27 0
28 0
last timestep 28
node 17 iteration 4
0 0
1 1
2 1
3 0
4 0
last timestep 4
node 17 iteration 5
0 0
1 4
2 1
3 1
4 0
5 0
last timestep 5
node 17 iteration 6
0 0
1 1
2 1
3 1
4 4
5 8
6 9
7 12
8 13
9 23
10 35
11 42
12 56
13 72
14 67
15 71
16 78
17 103
18 72
19 43
20 24
21 13
22 12
23 14
24 7
25 4
26 3
27 1
28 0
29 0
last timestep 29
node 17 iteration 7
0 0
1 1
2 2
3 8
4 5
5 10
6 15
7 20
8 16
9 33
10 43
11 57
12 82
13 99
14 76
15 71
16 60
17 52
18 32
19 24
20 14
21 13
22 10
23 11
24 2
25 4
26 4
27 2
28 2
29 2
30 0
31 0
last timestep 31
node 17 iteration 8
0 0
1 0
2 0
last timestep 2
node 17 iteration 9
0 0
1 2
2 2
3 3
4 5
5 1
6 4
7 5
8 8
9 10
10 13
11 5
12 11
13 10
14 10
15 17
16 21
17 37
18 42
19 52
20 53
21 59
22 70
23 53
24 56
25 42
26 41
27 36
28 17
29 19
30 25
31 7
32 6
33 5
34 5
35 1
36 1
37 0
38 0
last timestep 38
