node 1354 iteration 0
0 0
1 2
2 6
3 4
4 10
5 18
6 15
7 20
8 21
9 41
10 36
11 54
12 53
13 69
14 67
15 61
16 56
17 40
18 20
19 13
20 12
21 2
22 0
23 0
last timestep 23
node 1354 iteration 1
0 0
1 1
2 2
3 5
4 5
5 1
6 0
7 0
last timestep 7
node 1354 iteration 2
0 0
1 2
2 1
3 0
4 0
last timestep 4
node 1354 iteration 3
0 0
1 1
2 0
3 0
last timestep 3
node 1354 iteration 4
0 0
1 0
2 1
3 0
last timestep 3
node 1354 iteration 5
0 0
1 1
2 2
3 9
4 17
5 34
6 49
7 57
8 78
9 88
10 99
11 115
12 101
13 81
14 66
15 42
16 37
17 25
18 2
19 5
20 4
21 6
22 2
23 6
24 1
25 0
26 0
last timestep 26
node 1354 iteration 6
0 0
1 2
2 2
3 1
4 5
5 5
6 6
7 12
8 22
9 34
10 30
11 36
12 37
13 32
14 49
15 42
16 45
17 50
18 34
19 38
20 42
21 60
22 60
23 52
24 26
25 21
26 13
27 5
28 3
29 4
30 6
31 7
32 1
33 1
34 0
35 2
36 2
37 0
last timestep 37
node 1354 iteration 7
0 0
1 1
2 2
3 1
4 0
5 0
last timestep 5
node 1354 iteration 8
0 0
1 3
2 5
3 12
4 23
5 27
6 54
7 74
8 79
9 105
10 96
11 62
12 55
13 48
14 33
15 25
16 25
17 16
18 11
19 9
20 8
21 2
22 3
23 3
24 2
25 2
26 3
27 1
28 0
29 0
last timestep 29
node 1354 iteration 9
0 0
1 1
2 2
3 7
4 11
5 17
6 23
7 36
8 22
9 45
10 48
11 50
12 47
13 44
14 59
15 69
16 60
17 51
18 42
19 37
20 27
21 17
22 16
23 10
24 11
25 5
26 12
27 8
28 12
29 5
30 0
31 0
last timestep 31
