node 770 iteration 0
0 0
1 5
2 2
3 6
4 9
5 12
6 10
7 11
8 30
9 33
10 65
11 63
12 87
13 99
14 81
15 61
16 54
17 37
18 27
19 19
20 20
21 15
22 7
23 4
24 2
25 1
26 1
27 2
28 3
29 1
30 0
31 1
32 1
33 0
last timestep 33
node 770 iteration 1
0 0
1 5
2 4
3 3
4 4
5 3
6 3
7 4
8 5
9 5
10 13
11 11
12 25
13 42
14 41
15 46
16 65
17 77
18 86
19 99
20 77
21 79
22 57
23 36
24 31
25 14
26 10
27 1
28 1
29 1
30 3
31 0
32 0
last timestep 32
node 770 iteration 2
0 0
1 4
2 10
3 13
4 19
5 26
6 42
7 61
8 86
9 102
10 103
11 103
12 88
13 67
14 47
15 40
16 19
17 20
18 17
19 3
20 4
21 3
22 0
23 0
last timestep 23
node 770 iteration 3
0 0
1 0
2 0
last timestep 2
node 770 iteration 4
0 0
1 7
2 4
3 9
4 13
5 12
6 12
7 11
8 18
9 27
10 28
11 42
12 50
13 50
14 79
15 78
16 63
17 46
18 32
19 35
20 24
21 26
22 16
23 9
24 3
25 7
26 5
27 4
28 1
29 1
30 1
31 2
32 0
33 0
last timestep 33
node 770 iteration 5
0 0
1 2
2 3
3 6
4 2
5 5
6 17
7 11
8 15
9 30
10 46
11 66
12 71
13 68
14 56
15 76
16 70
17 78
18 45
19 30
20 17
21 13
22 5
23 4
24 5
25 5
26 2
27 1
28 1
29 1
30 0
31 0
last timestep 31
node 770 iteration 6
0 0
1 8
2 17
3 28
4 73
5 91
6 99
7 122
8 122
9 84
10 62
11 59
12 31
13 19
14 13
15 12
16 4
17 3
18 0
19 0
last timestep 19
node 770 iteration 7
0 0
1 5
2 4
3 2
4 11
5 20
6 18
7 30
8 47
9 70
10 77
11 115
12 77
13 51
14 40
15 41
16 37
17 19
18 10
19 13
20 7
21 10
22 3
23 3
24 4
25 0
26 0
last timestep 26
node 770 iteration 8
0 0
1 6
2 7
3 13
4 22
5 26
6 33
7 40
8 42
9 49
10 53
11 75
12 64
13 67
14 49
15 44
16 31
17 22
18 19
19 15
20 15
21 21
22 15
23 11
24 7
25 4
26 2
27 0
28 0
last timestep 28
node 770 iteration 9
0 0
1 5
2 7
3 11
4 20
5 17
6 23
7 34
8 49
9 83
10 72
11 87
12 84
13 70
14 64
15 54
16 35
17 30
18 20
19 12
20 5
21 7
22 8
23 2
24 4
25 0
26 1
27 3
28 0
last timestep 28
