node 683 iteration 0
0 0
1 0
2 0
last timestep 2
node 683 iteration 1
0 0
1 1
2 2
3 1
4 1
5 0
6 0
last timestep 6
node 683 iteration 2
0 0
1 2
2 0
3 0
last timestep 3
node 683 iteration 3
0 0
1 3
2 1
3 2
4 1
5 1
6 0
7 0
last timestep 7
node 683 iteration 4
0 0
1 0
2 4
3 1
4 4
5 7
6 6
7 14
8 15
9 20
10 20
11 32
12 39
13 50
14 50
15 75
16 81
17 84
18 78
19 46
20 34
21 32
22 25
23 13
24 10
25 14
26 15
27 5
28 5
29 4
30 2
31 0
last timestep 31
node 683 iteration 5
0 0
1 0
2 0
last timestep 2
node 683 iteration 6
0 0
1 2
2 3
3 4
4 13
5 12
6 26
7 32
8 31
9 44
10 48
11 50
12 62
13 62
14 56
15 58
16 69
17 52
18 55
19 30
20 17
21 9
22 7
23 6
24 5
25 5
26 4
27 4
28 4
29 4
30 6
31 2
32 3
33 2
34 1
35 1
36 0
37 0
last timestep 37
node 683 iteration 7
0 0
1 1
2 3
3 1
4 11
5 7
6 10
7 10
8 10
9 21
10 47
11 68
12 73
13 100
14 92
15 81
16 74
17 55
18 53
19 37
20 22
21 15
22 6
23 4
24 3
25 1
26 0
27 0
last timestep 27
node 683 iteration 8
0 0
1 5
2 8
3 14
4 16
5 23
6 42
7 44
8 42
9 55
10 59
11 67
12 97
13 104
14 61
15 56
16 36
17 38
18 17
19 13
20 10
21 5
22 5
23 4
24 1
25 0
26 0
last timestep 26
node 683 iteration 9
0 0
1 2
2 1
3 2
4 5
5 6
6 3
7 2
8 3
9 5
10 12
11 16
12 23
13 41
14 54
15 53
16 74
17 90
18 116
19 87
20 64
21 54
22 36
23 31
24 22
25 13
26 9
27 7
28 3
29 1
30 2
31 0
32 0
last timestep 32
