node 1161 iteration 0
0 0
1 2
2 4
3 12
4 16
5 24
6 31
7 56
8 65
9 76
10 91
11 82
12 92
13 93
14 64
15 58
16 31
17 23
18 15
19 15
20 5
21 8
22 5
23 2
24 1
25 0
26 0
last timestep 26
node 1161 iteration 1
0 0
1 5
2 3
3 6
4 7
5 11
6 20
7 29
8 39
9 34
10 67
11 91
12 120
13 99
14 96
15 83
16 69
17 42
18 34
19 17
20 13
21 9
22 15
23 8
24 3
25 1
26 0
27 0
last timestep 27
node 1161 iteration 2
0 0
1 4
2 3
3 7
4 10
5 16
6 26
7 35
8 46
9 65
10 63
11 86
12 86
13 91
14 65
15 56
16 47
17 40
18 24
19 17
20 12
21 9
22 3
23 0
24 0
last timestep 24
node 1161 iteration 3
0 0
1 2
2 1
3 1
4 2
5 6
6 5
7 7
8 24
9 29
10 42
11 49
12 75
13 70
14 84
15 82
16 67
17 50
18 32
19 19
20 13
21 9
22 2
23 2
24 2
25 7
26 3
27 5
28 2
29 2
30 0
31 1
32 0
last timestep 32
node 1161 iteration 4
0 0
1 3
2 7
3 9
4 10
5 24
6 30
7 56
8 102
9 139
10 130
11 107
12 87
13 51
14 30
15 28
16 15
17 15
18 9
19 5
20 0
21 1
22 0
last timestep 22
node 1161 iteration 5
0 0
1 1
2 0
3 0
last timestep 3
node 1161 iteration 6
0 0
1 2
2 5
3 9
4 9
5 12
6 39
7 84
8 86
9 142
10 138
11 96
12 82
13 51
14 41
15 21
16 19
17 17
18 11
19 4
20 0
21 0
last timestep 21
node 1161 iteration 7
0 0
1 2
2 3
3 3
4 3
5 13
6 18
7 25
8 45
9 48
10 89
11 100
12 109
13 121
14 105
15 86
16 46
17 28
18 11
19 11
20 4
21 3
22 1
23 0
24 0
last timestep 24
node 1161 iteration 8
0 0
1 5
2 5
3 8
4 12
5 22
6 33
7 26
8 46
9 57
10 58
11 87
12 76
13 61
14 56
15 50
16 47
17 22
18 18
19 18
20 10
21 6
22 7
23 8
24 7
25 4
26 2
27 0
28 0
last timestep 28
node 1161 iteration 9
0 0
1 1
2 1
3 2
4 3
5 5
6 5
7 18
8 23
9 36
10 56
11 77
12 87
13 78
14 87
15 86
16 62
17 52
18 38
19 37
20 26
21 26
22 15
23 6
24 0
25 1
26 1
27 1
28 0
last timestep 28
