node 711 iteration 0
0 0
1 5
2 6
3 10
4 18
5 30
6 33
7 57
8 51
9 77
10 93
11 92
12 80
13 63
14 63
15 36
16 30
17 25
18 26
19 11
20 8
21 4
22 0
23 0
last timestep 23
node 711 iteration 1
0 0
1 11
2 17
3 11
4 16
5 21
6 21
7 43
8 51
9 65
10 66
11 76
12 75
13 66
14 59
15 44
16 40
17 27
18 9
19 12
20 15
21 9
22 2
23 0
24 0
last timestep 24
node 711 iteration 2
0 0
1 7
2 7
3 10
4 26
5 31
6 58
7 74
8 89
9 125
10 122
11 81
12 54
13 30
14 26
15 16
16 18
17 14
18 17
19 7
20 4
21 3
22 1
23 0
24 0
last timestep 24
node 711 iteration 3
0 0
1 4
2 2
3 1
4 1
5 1
6 4
7 7
8 3
9 5
10 0
11 0
last timestep 11
node 711 iteration 4
0 0
1 6
2 5
3 14
4 14
5 26
6 32
7 68
8 98
9 100
10 86
11 72
12 58
13 33
14 37
15 25
16 23
17 18
18 17
19 7
20 4
21 4
22 7
23 4
24 4
25 0
26 0
last timestep 26
node 711 iteration 5
0 0
1 3
2 2
3 2
4 1
5 1
6 1
7 1
8 1
9 0
10 0
last timestep 10
node 711 iteration 6
0 0
1 1
2 5
3 7
4 12
5 21
6 40
7 41
8 61
9 46
10 55
11 74
12 89
13 76
14 67
15 52
16 59
17 43
18 41
19 21
20 17
21 6
22 2
23 1
24 0
25 0
last timestep 25
node 711 iteration 7
0 0
1 3
2 9
3 11
4 28
5 28
6 39
7 59
8 70
9 52
10 57
11 51
12 44
13 43
14 46
15 43
16 31
17 17
18 20
19 10
20 2
21 1
22 0
23 0
last timestep 23
node 711 iteration 8
0 0
1 7
2 7
3 6
4 8
5 13
6 20
7 38
8 71
9 80
10 92
11 107
12 91
13 82
14 65
15 56
16 45
17 29
18 21
19 17
20 6
21 9
22 2
23 3
24 1
25 1
26 0
27 0
last timestep 27
node 711 iteration 9
0 0
1 8
2 10
3 7
4 14
5 21
6 30
7 32
8 48
9 60
10 57
11 59
12 59
13 88
14 66
15 61
16 46
17 39
18 24
19 14
20 12
21 3
22 3
23 0
24 1
25 4
26 1
27 1
28 1
29 1
30 0
last timestep 30
