node 2035 iteration 0
0 0
1 1
2 1
3 1
4 1
5 1
6 0
7 0
last timestep 7
node 2035 iteration 1
0 0
1 0
2 0
last timestep 2
node 2035 iteration 2
0 0
1 1
2 5
3 9
4 15
5 21
6 20
7 25
8 40
9 72
10 84
11 94
12 89
13 84
14 63
15 39
16 22
17 21
18 15
19 11
20 5
21 5
22 4
23 0
24 2
25 1
26 2
27 0
last timestep 27
node 2035 iteration 3
0 0
1 1
2 6
3 8
4 10
5 16
6 21
7 39
8 40
9 38
10 41
11 65
12 65
13 75
14 54
15 48
16 58
17 40
18 29
19 22
20 11
21 4
22 4
23 2
24 2
25 2
26 0
27 0
last timestep 27
node 2035 iteration 4
0 0
1 1
2 1
3 0
4 0
last timestep 4
node 2035 iteration 5
0 0
1 2
2 4
3 13
4 10
5 9
6 17
7 30
8 37
9 59
10 79
11 83
12 100
13 81
14 76
15 60
16 40
17 27
18 15
19 15
20 15
21 17
22 14
23 2
24 1
25 1
26 0
27 0
last timestep 27
node 2035 iteration 6
0 0
1 2
2 6
3 4
4 6
5 12
6 6
7 12
8 20
9 20
10 29
11 41
12 65
13 92
14 92
15 84
16 74
17 72
18 51
19 40
20 30
21 25
22 14
23 15
24 10
25 3
26 0
27 0
last timestep 27
node 2035 iteration 7
0 0
1 2
2 8
3 2
4 1
5 0
6 0
last timestep 6
node 2035 iteration 8
0 0
1 1
2 3
3 4
4 6
5 8
6 10
7 11
8 34
9 39
10 44
11 64
12 65
13 96
14 87
15 74
16 64
17 62
18 57
19 23
20 18
21 8
22 1
23 1
24 4
25 0
26 0
last timestep 26
node 2035 iteration 9
0 0
1 3
2 6
3 4
4 9
5 7
6 13
7 9
8 18
9 34
10 52
11 78
12 95
13 117
14 110
15 93
16 73
17 56
18 26
19 17
20 11
21 6
22 4
23 0
24 0
last timestep 24
