node 91 iteration 0
0 0
1 6
2 8
3 11
4 20
5 19
6 23
7 26
8 35
9 39
10 64
11 53
12 44
13 38
14 49
15 46
16 46
17 41
18 35
19 36
20 26
21 21
22 10
23 11
24 10
25 6
26 3
27 5
28 5
29 1
30 4
31 0
32 0
last timestep 32
node 91 iteration 1
0 0
1 11
2 9
3 9
4 16
5 18
6 42
7 43
8 53
9 50
10 56
11 52
12 57
13 62
14 55
15 55
16 43
17 27
18 27
19 20
20 12
21 10
22 9
23 9
24 7
25 0
26 2
27 2
28 0
last timestep 28
node 91 iteration 2
0 0
1 8
2 3
3 14
4 22
5 43
6 70
7 71
8 89
9 107
10 102
11 63
12 53
13 52
14 32
15 22
16 16
17 15
18 11
19 12
20 4
21 3
22 0
23 1
24 0
last timestep 24
node 91 iteration 3
0 0
1 12
2 25
3 42
4 64
5 83
6 88
7 124
8 98
9 78
10 53
11 35
12 34
13 8
14 9
15 4
16 3
17 1
18 1
19 0
20 0
last timestep 20
node 91 iteration 4
0 0
1 8
2 9
3 12
4 20
5 30
6 41
7 53
8 81
9 84
10 103
11 128
12 107
13 74
14 56
15 38
16 23
17 10
18 6
19 3
20 1
21 3
22 0
23 0
last timestep 23
node 91 iteration 5
0 0
1 8
2 10
3 11
4 22
5 25
6 37
7 57
8 61
9 70
10 62
11 54
12 47
13 27
14 20
15 22
16 38
17 25
18 22
19 16
20 22
21 13
22 16
23 14
24 12
25 3
26 2
27 7
28 5
29 0
30 0
last timestep 30
node 91 iteration 6
0 0
1 8
2 1
3 2
4 4
5 8
6 5
7 8
8 17
9 21
10 28
11 59
12 85
13 80
14 87
15 98
16 95
17 79
18 51
19 49
20 24
21 16
22 13
23 3
24 1
25 0
26 0
last timestep 26
node 91 iteration 7
0 0
1 9
2 4
3 8
4 8
5 6
6 5
7 8
8 12
9 10
10 44
11 53
12 67
13 83
14 75
15 91
16 88
17 67
18 62
19 38
20 21
21 9
22 5
23 7
24 4
25 3
26 1
27 0
28 0
last timestep 28
node 91 iteration 8
0 0
1 5
2 3
3 3
4 6
5 10
6 18
7 16
8 35
9 53
10 61
11 65
12 73
13 71
14 93
15 69
16 71
17 50
18 31
19 27
20 12
21 7
22 3
23 3
24 7
25 1
26 0
27 0
last timestep 27
node 91 iteration 9
0 0
1 7
2 2
3 2
4 0
5 0
last timestep 5
