node 999 iteration 0
0 0
1 1
2 1
3 4
4 6
5 10
6 7
7 1
8 1
9 0
10 1
11 3
12 3
13 6
14 5
15 4
16 6
17 6
18 9
19 11
20 26
21 27
22 30
23 41
24 51
25 47
26 45
27 47
28 46
29 43
30 36
31 37
32 24
33 27
34 22
35 21
36 12
37 6
38 5
39 2
40 2
41 1
42 3
43 1
44 0
last timestep 44
node 999 iteration 1
0 0
1 2
2 5
3 5
4 6
5 16
6 22
7 42
8 63
9 101
10 114
11 105
12 76
13 71
14 54
15 31
16 19
17 15
18 10
19 15
20 13
21 3
22 3
23 0
24 0
last timestep 24
node 999 iteration 2
0 0
1 0
2 0
last timestep 2
node 999 iteration 3
0 0
1 3
2 4
3 1
4 3
5 6
6 3
7 8
8 7
9 7
10 13
11 25
12 31
13 51
14 57
15 67
16 71
17 68
18 64
19 55
20 42
21 35
22 31
23 21
24 21
25 20
26 8
27 5
28 2
29 6
30 1
31 3
32 3
33 0
34 0
last timestep 34
node 999 iteration 4
0 0
1 3
2 10
3 4
4 9
5 7
6 11
7 8
8 6
9 4
10 4
11 9
12 17
13 18
14 14
15 15
16 14
17 9
18 13
19 18
20 25
21 31
22 35
23 62
24 53
25 49
26 57
27 67
28 81
29 80
30 56
31 39
32 20
33 15
34 6
35 1
36 0
37 0
last timestep 37
node 999 iteration 5
0 0
1 6
2 7
3 17
4 31
5 34
6 47
7 51
8 58
9 65
10 81
11 82
12 87
13 52
14 52
15 33
16 21
17 15
18 10
19 5
20 2
21 5
22 1
23 1
24 4
25 1
26 0
27 0
last timestep 27
node 999 iteration 6
0 0
1 2
2 0
3 0
last timestep 3
node 999 iteration 7
0 0
1 0
2 0
last timestep 2
node 999 iteration 8
0 0
1 3
2 6
3 8
4 19
5 31
6 46
7 61
8 69
9 68
10 68
11 100
12 92
13 77
14 45
15 36
16 23
17 14
18 11
19 4
20 2
21 1
22 2
23 0
24 0
last timestep 24
node 999 iteration 9
0 0
1 1
2 2
3 6
4 7
5 8
6 13
7 18
8 26
9 58
10 84
11 80
12 98
13 109
14 87
15 73
16 78
17 66
18 47
19 24
20 15
21 9
22 11
23 5
24 0
25 1
26 0
last timestep 26
