node 701 iteration 0
0 0
1 4
2 15
3 26
4 47
5 60
6 76
7 79
8 81
9 110
10 89
11 78
12 52
13 41
14 41
15 26
16 30
17 9
18 5
19 2
20 0
21 0
last timestep 21
node 701 iteration 1
0 0
1 2
2 1
3 6
4 12
5 12
6 18
7 19
8 21
9 19
10 19
11 29
12 56
13 67
14 95
15 96
16 98
17 70
18 50
19 33
20 25
21 17
22 6
23 2
24 1
25 0
26 0
last timestep 26
node 701 iteration 2
0 0
1 3
2 3
3 5
4 9
5 17
6 23
7 26
8 40
9 61
10 94
11 96
12 115
13 115
14 90
15 65
16 62
17 22
18 19
19 6
20 3
21 4
22 1
23 2
24 1
25 1
26 0
27 0
last timestep 27
node 701 iteration 3
0 0
1 1
2 1
3 0
4 0
last timestep 4
node 701 iteration 4
0 0
1 1
2 2
3 4
4 4
5 4
6 9
7 6
8 8
9 7
10 4
11 3
12 5
13 24
14 40
15 37
16 51
17 60
18 86
19 83
20 67
21 44
22 41
23 28
24 16
25 10
26 8
27 5
28 1
29 4
30 2
31 0
32 0
last timestep 32
node 701 iteration 5
0 0
1 1
2 0
3 1
4 4
5 6
6 20
7 13
8 15
9 23
10 26
11 41
12 57
13 58
14 64
15 55
16 44
17 41
18 34
19 36
20 38
21 34
22 23
23 20
24 13
25 14
26 10
27 7
28 7
29 4
30 1
31 0
last timestep 31
node 701 iteration 6
0 0
1 2
2 0
3 0
last timestep 3
node 701 iteration 7
0 0
1 1
2 1
3 3
4 5
5 3
6 7
7 5
8 6
9 8
10 12
11 21
12 19
13 29
14 31
15 58
16 69
17 90
18 76
19 74
20 60
21 51
22 39
23 18
24 31
25 25
26 15
27 10
28 4
29 5
30 1
31 1
32 1
33 0
34 0
last timestep 34
node 701 iteration 8
0 0
1 2
2 3
3 3
4 12
5 11
6 9
7 21
8 37
9 53
10 65
11 79
12 95
13 92
14 98
15 73
16 63
17 59
18 33
19 14
20 11
21 11
22 7
23 2
24 2
25 0
26 0
last timestep 26
node 701 iteration 9
0 0
1 1
2 0
3 0
last timestep 3
