node 1006 iteration 0
0 0
1 1
2 0
3 0
last timestep 3
node 1006 iteration 1
0 0
1 2
2 2
3 1
4 2
5 7
6 15
7 34
8 34
9 55
10 80
11 85
12 91
13 67
14 60
15 55
16 25
17 24
18 21
19 19
20 18
21 18
22 13
23 10
24 7
25 5
26 0
27 1
28 0
last timestep 28
node 1006 iteration 2
0 0
1 1
2 1
3 6
4 10
5 24
6 39
7 36
8 63
9 83
10 116
11 124
12 104
13 66
14 45
15 36
16 28
17 30
18 28
19 22
20 20
21 11
22 12
23 9
24 4
25 2
26 0
27 3
28 0
last timestep 28
node 1006 iteration 3
0 0
1 2
2 6
3 11
4 13
5 20
6 37
7 35
8 45
9 53
10 73
11 66
12 70
13 66
14 57
15 50
16 54
17 31
18 31
19 13
20 4
21 4
22 6
23 4
24 2
25 0
26 0
last timestep 26
node 1006 iteration 4
0 0
1 4
2 4
3 7
4 13
5 19
6 32
7 45
8 56
9 94
10 100
11 94
12 79
13 81
14 62
15 54
16 57
17 39
18 29
19 13
20 10
21 10
22 7
23 3
24 0
25 0
last timestep 25
node 1006 iteration 5
0 0
1 0
2 0
last timestep 2
node 1006 iteration 6
0 0
1 2
2 3
3 3
4 3
5 11
6 21
7 33
8 35
9 52
10 66
11 61
12 71
13 69
14 62
15 70
16 73
17 73
18 50
19 48
20 22
21 24
22 8
23 6
24 4
25 7
26 1
27 2
28 4
29 2
30 3
31 0
32 0
last timestep 32
node 1006 iteration 7
0 0
1 3
2 5
3 3
4 0
5 0
last timestep 5
node 1006 iteration 8
0 0
1 3
2 1
3 3
4 5
5 7
6 10
7 16
8 22
9 23
10 33
11 44
12 54
13 67
14 73
15 92
16 77
17 74
18 77
19 49
20 37
21 29
22 10
23 9
24 4
25 3
26 1
27 0
28 0
last timestep 28
node 1006 iteration 9
0 0
1 2
2 7
3 12
4 24
5 48
6 54
7 68
8 76
9 109
10 90
11 102
12 83
13 58
14 50
15 31
16 20
17 11
18 7
19 5
20 2
21 0
22 0
last timestep 22
