node 119 iteration 0
0 0
1 3
2 7
3 13
4 10
5 12
6 18
7 38
8 48
9 52
10 51
11 80
12 89
13 76
14 62
15 63
16 66
17 37
18 19
19 21
20 10
21 4
22 1
23 1
24 1
25 0
26 0
last timestep 26
node 119 iteration 1
0 0
1 2
2 2
3 5
4 2
5 4
6 2
7 0
8 0
last timestep 8
node 119 iteration 2
0 0
1 0
2 0
last timestep 2
node 119 iteration 3
0 0
1 3
2 1
3 0
4 0
last timestep 4
node 119 iteration 4
0 0
1 2
2 8
3 5
4 14
5 10
6 16
7 13
8 15
9 20
10 30
11 35
12 48
13 63
14 84
15 101
16 97
17 106
18 64
19 64
20 39
21 22
22 14
23 9
24 14
25 7
26 6
27 2
28 2
29 4
30 3
31 7
32 1
33 0
34 0
last timestep 34
node 119 iteration 5
0 0
1 4
2 7
3 18
4 17
5 29
6 21
7 32
8 49
9 61
10 68
11 96
12 82
13 80
14 49
15 39
16 40
17 31
18 20
19 14
20 8
21 5
22 5
23 2
24 2
25 2
26 2
27 3
28 3
29 3
30 1
31 0
32 0
last timestep 32
node 119 iteration 6
0 0
1 3
2 6
3 17
4 6
5 16
6 19
7 31
8 56
9 70
10 93
11 110
12 103
13 81
14 53
15 52
16 31
17 21
18 23
19 15
20 7
21 4
22 1
23 2
24 1
25 0
26 0
last timestep 26
node 119 iteration 7
0 0
1 4
2 2
3 4
4 11
5 14
6 17
7 9
8 4
9 4
10 8
11 10
12 11
13 13
14 19
15 36
16 66
17 86
18 107
19 110
20 100
21 69
22 47
23 23
24 19
25 12
26 9
27 3
28 1
29 0
30 0
last timestep 30
node 119 iteration 8
0 0
1 1
2 1
3 0
4 0
last timestep 4
node 119 iteration 9
0 0
1 4
2 7
3 17
4 17
5 25
6 43
7 57
8 71
9 68
10 87
11 85
12 91
13 68
14 67
15 48
16 31
17 24
18 11
19 3
20 4
21 3
22 2
23 0
24 0
last timestep 24
