node 1134 iteration 0
0 0
1 4
2 13
3 32
4 23
5 39
6 44
7 51
8 64
9 58
10 53
11 59
12 49
13 55
14 49
15 40
16 27
17 27
18 17
19 9
20 6
21 6
22 4
23 8
24 9
25 5
26 3
27 0
28 0
last timestep 28
node 1134 iteration 1
0 0
1 3
2 2
3 0
4 1
5 2
6 5
7 12
8 13
9 25
10 34
11 51
12 49
13 77
14 59
15 50
16 73
17 65
18 66
19 37
20 51
21 38
22 31
23 17
24 10
25 9
26 2
27 2
28 2
29 2
30 3
31 3
32 1
33 0
last timestep 33
node 1134 iteration 2
0 0
1 7
2 10
3 35
4 63
5 88
6 107
7 132
8 134
9 101
10 59
11 39
12 23
13 24
14 21
15 10
16 6
17 0
18 0
last timestep 18
node 1134 iteration 3
0 0
1 2
2 6
3 1
4 0
5 0
last timestep 5
node 1134 iteration 4
0 0
1 6
2 3
3 9
4 12
5 33
6 56
7 73
8 74
9 60
10 74
11 63
12 58
13 60
14 30
15 24
16 13
17 14
18 21
19 22
20 16
21 12
22 15
23 14
24 6
25 2
26 1
27 0
28 0
last timestep 28
node 1134 iteration 5
0 0
1 2
2 0
3 0
last timestep 3
node 1134 iteration 6
0 0
1 3
2 2
3 7
4 5
5 13
6 21
7 37
8 37
9 44
10 42
11 55
12 53
13 85
14 82
15 72
16 48
17 40
18 27
19 20
20 16
21 15
22 5
23 6
24 7
25 5
26 3
27 2
28 0
29 0
last timestep 29
node 1134 iteration 7
0 0
1 5
2 15
3 21
4 34
5 46
6 53
7 90
8 82
9 75
10 64
11 54
12 48
13 44
14 39
15 25
16 20
17 23
18 13
19 11
20 5
21 2
22 1
23 1
24 0
25 0
last timestep 25
node 1134 iteration 8
0 0
1 2
2 2
3 6
4 9
5 6
6 6
7 7
8 15
9 24
10 35
11 56
12 62
13 78
14 81
15 82
16 66
17 71
18 49
19 50
20 29
21 29
22 16
23 15
24 14
25 7
26 8
27 8
28 3
29 4
30 1
31 0
32 0
last timestep 32
node 1134 iteration 9
0 0
1 6
2 15
3 13
4 25
5 31
6 56
7 53
8 68
9 93
10 84
11 95
12 70
13 65
14 48
15 31
16 16
17 14
18 12
19 5
20 2
21 2
22 3
23 0
24 0
last timestep 24
