node 473 iteration 0
0 0
1 2
2 1
3 7
4 10
5 16
6 24
7 35
8 41
9 45
10 64
11 57
12 52
13 40
14 40
15 51
16 56
17 46
18 48
19 39
20 30
21 22
22 20
23 10
24 6
25 1
26 0
27 0
last timestep 27
node 473 iteration 1
0 0
1 0
2 0
last timestep 2
node 473 iteration 2
0 0
1 2
2 0
3 4
4 15
5 14
6 8
7 13
8 18
9 17
10 21
11 28
12 49
13 59
14 76
15 129
16 114
17 96
18 88
19 46
20 40
21 14
22 2
23 0
last timestep 23
node 473 iteration 3
0 0
1 2
2 6
3 20
4 37
5 37
6 60
7 69
8 74
9 86
10 77
11 78
12 71
13 64
14 45
15 29
16 19
17 11
18 11
19 8
20 6
21 1
22 0
23 1
24 1
25 2
26 3
27 1
28 5
29 3
30 0
last timestep 30
node 473 iteration 4
0 0
1 2
2 3
3 4
4 11
5 7
6 8
7 12
8 7
9 8
10 9
11 17
12 34
13 50
14 68
15 96
16 106
17 98
18 90
19 65
20 52
21 35
22 19
23 15
24 8
25 4
26 2
27 2
28 1
29 0
30 0
last timestep 30
node 473 iteration 5
0 0
1 3
2 1
3 2
4 4
5 2
6 9
7 7
8 12
9 21
10 18
11 19
12 23
13 41
14 50
15 50
16 49
17 73
18 80
19 61
20 51
21 35
22 21
23 31
24 24
25 16
26 14
27 14
28 5
29 3
30 1
31 3
32 0
33 4
34 5
35 3
36 2
37 0
last timestep 37
node 473 iteration 6
0 0
1 5
2 14
3 14
4 19
5 39
6 60
7 67
8 83
9 94
10 84
11 74
12 49
13 57
14 48
15 36
16 26
17 15
18 6
19 5
20 1
21 0
22 0
last timestep 22
node 473 iteration 7
0 0
1 3
2 15
3 24
4 29
5 42
6 44
7 65
8 66
9 80
10 79
11 72
12 72
13 50
14 42
15 42
16 22
17 19
18 11
19 12
20 10
21 12
22 4
23 2
24 0
25 0
last timestep 25
node 473 iteration 8
0 0
1 5
2 9
3 12
4 16
5 37
6 63
7 87
8 72
9 118
10 111
11 79
12 59
13 45
14 32
15 17
16 12
17 7
18 3
19 0
20 0
last timestep 20
node 473 iteration 9
0 0
1 1
2 2
3 5
4 5
5 12
6 17
7 38
8 56
9 81
10 94
11 104
12 99
13 100
14 72
15 65
16 58
17 31
18 16
19 12
20 6
21 1
22 0
23 0
last timestep 23
