node 660 iteration 0
0 0
1 5
2 15
3 16
4 31
5 42
6 56
7 62
8 80
9 84
10 97
11 95
12 80
13 63
14 54
15 43
16 33
17 14
18 6
19 6
20 2
21 3
22 0
23 0
last timestep 23
node 660 iteration 1
0 0
1 1
2 1
3 1
4 1
5 0
6 1
7 0
last timestep 7
node 660 iteration 2
0 0
1 1
2 1
3 2
4 12
5 22
6 48
7 35
8 52
9 64
10 80
11 99
12 99
13 96
14 90
15 70
16 46
17 27
18 14
19 8
20 6
21 4
22 0
23 0
last timestep 23
node 660 iteration 3
0 0
1 1
2 1
3 0
4 0
last timestep 4
node 660 iteration 4
0 0
1 0
2 8
3 10
4 26
5 26
6 22
7 44
8 48
9 58
10 63
11 62
12 83
13 69
14 60
15 53
16 42
17 25
18 17
19 12
20 7
21 7
22 2
23 4
24 4
25 1
26 0
last timestep 26
node 660 iteration 5
0 0
1 1
2 3
3 2
4 6
5 7
6 8
7 7
8 19
9 25
10 47
11 73
12 90
13 97
14 81
15 83
16 62
17 44
18 35
19 33
20 15
21 9
22 11
23 5
24 4
25 4
26 4
27 5
28 6
29 7
30 4
31 0
32 0
last timestep 32
node 660 iteration 6
0 0
1 0
2 0
last timestep 2
node 660 iteration 7
0 0
1 0
2 0
last timestep 2
node 660 iteration 8
0 0
1 1
2 4
3 3
4 2
5 4
6 6
7 8
8 8
9 7
10 11
11 10
12 8
13 6
14 8
15 10
16 18
17 43
18 68
19 96
20 110
21 110
22 89
23 80
24 39
25 36
26 20
27 11
28 4
29 6
30 1
31 2
32 0
33 0
last timestep 33
node 660 iteration 9
0 0
1 3
2 4
3 7
4 11
5 24
6 35
7 59
8 62
9 101
10 102
11 84
12 80
13 53
14 50
15 53
16 24
17 11
18 12
19 10
20 12
21 2
22 2
23 0
24 0
last timestep 24
