node 89 iteration 0
0 0
1 0
2 0
last timestep 2
node 89 iteration 1
0 0
1 1
2 1
3 1
4 2
5 3
6 1
7 0
8 0
last timestep 8
node 89 iteration 2
0 0
1 3
2 1
3 2
4 2
5 2
6 0
7 3
8 1
9 0
last timestep 9
node 89 iteration 3
0 0
1 4
2 5
3 5
4 8
5 6
6 7
7 16
8 19
9 38
10 85
11 96
12 99
13 115
14 99
15 75
16 64
17 35
18 22
19 14
20 6
21 7
22 6
23 4
24 1
25 0
26 0
last timestep 26
node 89 iteration 4
0 0
1 1
2 1
3 0
4 0
last timestep 4
node 89 iteration 5
0 0
1 1
2 6
3 2
4 1
5 2
6 5
7 5
8 6
9 11
10 19
11 25
12 41
13 56
14 79
15 128
16 114
17 112
18 108
19 73
20 48
21 26
22 16
23 5
24 6
25 1
26 2
27 1
28 0
29 0
last timestep 29
node 89 iteration 6
0 0
1 1
2 0
3 0
last timestep 3
node 89 iteration 7
0 0
1 2
2 3
3 11
4 9
5 21
6 42
7 61
8 63
9 64
10 67
11 69
12 81
13 70
14 58
15 42
16 39
17 29
18 15
19 13
20 10
21 14
22 5
23 4
24 1
25 0
26 0
last timestep 26
node 89 iteration 8
0 0
1 1
2 3
3 3
4 15
5 12
6 17
7 21
8 25
9 37
10 31
11 33
12 31
13 37
14 39
15 46
16 48
17 52
18 56
19 49
20 42
21 32
22 25
23 16
24 17
25 14
26 7
27 1
28 0
29 0
last timestep 29
node 89 iteration 9
0 0
1 1
2 1
3 1
4 4
5 7
6 6
7 7
8 13
9 20
10 22
11 27
12 36
13 58
14 81
15 67
16 78
17 68
18 72
19 67
20 49
21 28
22 17
23 11
24 10
25 4
26 3
27 2
28 2
29 2
30 3
31 2
32 0
33 0
last timestep 33
