node 768 iteration 0
0 0
1 2
2 2
3 4
4 14
5 13
6 16
7 26
8 30
9 45
10 42
11 51
12 45
13 84
14 68
15 71
16 65
17 38
18 23
19 21
20 22
21 11
22 4
23 3
24 1
25 2
26 0
27 1
28 0
last timestep 28
node 768 iteration 1
0 0
1 2
2 5
3 3
4 13
5 18
6 17
7 20
8 38
9 70
10 72
11 81
12 86
13 102
14 109
15 90
16 57
17 56
18 26
19 12
20 7
21 7
22 5
23 3
24 4
25 4
26 2
27 5
28 1
29 0
30 0
last timestep 30
node 768 iteration 2
0 0
1 1
2 2
3 5
4 6
5 10
6 12
7 13
8 23
9 35
10 37
11 47
12 65
13 77
14 80
15 96
16 119
17 71
18 41
19 27
20 20
21 14
22 4
23 3
24 1
25 0
26 0
last timestep 26
node 768 iteration 3
0 0
1 3
2 4
3 7
4 12
5 11
6 18
7 12
8 25
9 27
10 23
11 38
12 31
13 70
14 84
15 79
16 61
17 58
18 35
19 40
20 32
21 16
22 12
23 8
24 10
25 9
26 5
27 4
28 2
29 5
30 1
31 0
32 0
last timestep 32
node 768 iteration 4
0 0
1 4
2 7
3 15
4 14
5 28
6 14
7 19
8 39
9 50
10 54
11 68
12 72
13 91
14 90
15 57
16 53
17 30
18 21
19 33
20 22
21 10
22 8
23 4
24 5
25 1
26 1
27 1
28 1
29 0
30 0
last timestep 30
node 768 iteration 5
0 0
1 0
2 1
3 0
last timestep 3
node 768 iteration 6
0 0
1 2
2 0
3 0
last timestep 3
node 768 iteration 7
0 0
1 4
2 13
3 23
4 52
5 62
6 87
7 85
8 100
9 84
10 65
11 64
12 38
13 26
14 14
15 14
16 12
17 13
18 5
19 0
20 1
21 0
last timestep 21
node 768 iteration 8
0 0
1 0
2 2
3 16
4 6
5 6
6 9
7 27
8 20
9 33
10 47
11 67
12 52
13 59
14 56
15 41
16 41
17 35
18 19
19 30
20 31
21 14
22 20
23 19
24 28
25 31
26 16
27 10
28 3
29 3
30 4
31 1
32 0
last timestep 32
node 768 iteration 9
0 0
1 2
2 1
3 2
4 3
5 2
6 12
7 11
8 23
9 19
10 32
11 40
12 71
13 74
14 88
15 98
16 75
17 65
18 52
19 36
20 31
21 19
22 13
23 13
24 6
25 6
26 3
27 0
28 0
last timestep 28
