node 285 iteration 0
0 0
1 0
2 0
last timestep 2
node 285 iteration 1
0 0
1 1
2 0
3 0
last timestep 3
node 285 iteration 2
0 0
1 1
2 0
3 0
last timestep 3
node 285 iteration 3
0 0
1 1
2 2
3 1
4 1
5 0
6 0
last timestep 6
node 285 iteration 4
0 0
1 1
2 1
3 0
4 0
last timestep 4
node 285 iteration 5
0 0
1 3
2 5
3 2
4 10
5 8
6 14
7 19
8 23
9 29
10 48
11 76
12 65
13 89
14 105
15 82
16 64
17 48
18 45
19 33
20 24
21 10
22 8
23 10
24 5
25 3
26 0
27 0
last timestep 27
node 285 iteration 6
0 0
1 2
2 4
3 3
4 2
5 1
6 3
7 10
8 14
9 12
10 19
11 24
12 42
13 57
14 66
15 92
16 75
17 79
18 62
19 44
20 42
21 40
22 27
23 22
24 15
25 15
26 11
27 11
28 6
29 1
30 2
31 0
32 0
last timestep 32
node 285 iteration 7
0 0
1 1
2 4
3 9
4 8
5 7
6 11
7 15
8 16
9 15
10 25
11 23
12 46
13 61
14 66
15 64
16 62
17 70
18 65
19 56
20 41
21 29
22 22
23 23
24 14
25 5
26 4
27 2
28 0
29 0
last timestep 29
node 285 iteration 8
0 0
1 1
2 0
3 0
last timestep 3
node 285 iteration 9
0 0
1 4
2 11
3 9
4 16
5 11
6 16
7 14
8 26
9 33
10 50
11 57
12 56
13 57
14 74
15 52
16 58
17 48
18 45
19 40
20 25
21 15
22 13
23 10
24 5
25 0
26 1
27 0
last timestep 27
