node 794 iteration 0
0 0
1 2
2 2
3 1
4 2
5 1
6 1
7 4
8 5
9 3
10 14
11 33
12 43
13 54
14 67
15 78
16 66
17 71
18 55
19 48
20 52
21 43
22 33
23 41
24 18
25 19
26 13
27 13
28 6
29 8
30 7
31 3
32 2
33 3
34 1
35 0
36 0
last timestep 36
node 794 iteration 1
0 0
1 2
2 7
3 13
4 27
5 41
6 62
7 73
8 64
9 71
10 72
11 57
12 60
13 48
14 45
15 34
16 27
17 20
18 11
19 12
20 6
21 3
22 3
23 2
24 0
25 0
last timestep 25
node 794 iteration 2
0 0
1 2
2 11
3 13
4 14
5 31
6 26
7 47
8 82
9 92
10 89
11 69
12 74
13 76
14 40
15 27
16 13
17 13
18 7
19 5
20 0
21 2
22 0
last timestep 22
node 794 iteration 3
0 0
1 2
2 3
3 5
4 9
5 12
6 13
7 21
8 23
9 31
10 39
11 66
12 82
13 74
14 54
15 53
16 52
17 38
18 35
19 26
20 15
21 9
22 9
23 12
24 3
25 6
26 9
27 7
28 6
29 10
30 6
31 5
32 1
33 0
34 0
last timestep 34
node 794 iteration 4
0 0
1 4
2 14
3 7
4 13
5 10
6 22
7 32
8 57
9 56
10 68
11 62
12 63
13 50
14 38
15 42
16 24
17 12
18 16
19 10
20 9
21 6
22 1
23 3
24 6
25 7
26 7
27 3
28 1
29 0
30 0
last timestep 30
node 794 iteration 5
0 0
1 3
2 6
3 14
4 16
5 33
6 57
7 74
8 85
9 108
10 116
11 106
12 71
13 58
14 50
15 34
16 28
17 17
18 16
19 6
20 3
21 4
22 6
23 3
24 2
25 1
26 0
27 0
last timestep 27
node 794 iteration 6
0 0
1 2
2 6
3 10
4 14
5 18
6 16
7 26
8 42
9 53
10 65
11 75
12 93
13 100
14 94
15 76
16 71
17 46
18 28
19 11
20 9
21 12
22 9
23 3
24 1
25 1
26 0
27 0
last timestep 27
node 794 iteration 7
0 0
1 2
2 3
3 2
4 3
5 2
6 4
7 11
8 23
9 29
10 36
11 38
12 51
13 65
14 79
15 85
16 83
17 64
18 49
19 39
20 29
21 26
22 12
23 15
24 9
25 6
26 1
27 0
28 0
last timestep 28
node 794 iteration 8
0 0
1 3
2 8
3 15
4 8
5 6
6 9
7 16
8 35
9 32
10 56
11 52
12 77
13 82
14 73
15 73
16 52
17 67
18 44
19 27
20 20
21 23
22 20
23 19
24 17
25 9
26 3
27 0
28 0
last timestep 28
node 794 iteration 9
0 0
1 3
2 3
3 3
4 6
5 7
6 17
7 30
8 45
9 45
10 58
11 58
12 45
13 60
14 78
15 80
16 72
17 36
18 35
19 29
20 26
21 20
22 9
23 7
24 1
25 1
26 0
27 0
last timestep 27
