node 1514 iteration 0
0 0
1 1
2 0
3 0
last timestep 3
node 1514 iteration 1
0 0
1 1
2 1
3 0
4 0
last timestep 4
node 1514 iteration 2
0 0
1 0
2 0
last timestep 2
node 1514 iteration 3
0 0
1 3
2 11
3 13
4 25
5 29
6 41
7 74
8 78
9 114
10 118
11 92
12 75
13 61
14 46
15 32
16 16
17 8
18 2
19 4
20 1
21 0
22 0
last timestep 22
node 1514 iteration 4
0 0
1 3
2 0
3 0
last timestep 3
node 1514 iteration 5
0 0
1 3
2 4
3 4
4 10
5 22
6 36
7 53
8 65
9 78
10 95
11 104
12 97
13 73
14 74
15 56
16 49
17 37
18 24
19 11
20 10
21 2
22 0
23 0
last timestep 23
node 1514 iteration 6
0 0
1 0
2 0
last timestep 2
node 1514 iteration 7
0 0
1 4
2 4
3 5
4 6
5 4
6 6
7 7
8 12
9 8
10 4
11 4
12 1
13 8
14 7
15 16
16 19
17 17
18 26
19 36
20 30
21 23
22 27
23 25
24 31
25 35
26 41
27 34
28 37
29 43
30 50
31 32
32 29
33 11
34 8
35 7
36 3
37 1
38 3
39 0
40 0
last timestep 40
node 1514 iteration 8
0 0
1 1
2 0
3 0
last timestep 3
node 1514 iteration 9
0 0
1 4
2 4
3 5
4 11
5 5
6 11
7 12
8 24
9 38
10 60
11 75
12 79
13 73
14 73
15 87
16 91
17 79
18 78
19 57
20 25
21 22
22 11
23 3
24 3
25 4
26 3
27 2
28 1
29 0
30 0
last timestep 30
