node 1039 iteration 0
0 0
1 0
2 0
last timestep 2
node 1039 iteration 1
0 0
1 1
2 2
3 1
4 0
5 0
last timestep 5
node 1039 iteration 2
0 0
1 3
2 0
3 0
last timestep 3
node 1039 iteration 3
0 0
1 3
2 3
3 7
4 29
5 28
6 30
7 49
8 48
9 43
10 49
11 65
12 59
13 47
14 40
15 28
16 28
17 18
18 20
19 12
20 5
21 4
22 3
23 1
24 0
25 0
last timestep 25
node 1039 iteration 4
0 0
1 2
2 9
3 8
4 14
5 26
6 47
7 62
8 80
9 77
10 66
11 74
12 76
13 49
14 48
15 48
16 43
17 26
18 10
19 11
20 11
21 7
22 2
23 1
24 0
25 0
last timestep 25
node 1039 iteration 5
0 0
1 1
2 0
3 0
last timestep 3
node 1039 iteration 6
0 0
1 1
2 2
3 2
4 3
5 7
6 21
7 23
8 31
9 31
10 63
11 58
12 79
13 79
14 79
15 85
16 58
17 37
18 32
19 33
20 32
21 17
22 18
23 12
24 6
25 6
26 12
27 10
28 9
29 5
30 3
31 4
32 4
33 2
34 4
35 1
36 0
37 0
last timestep 37
node 1039 iteration 7
0 0
1 5
2 9
3 12
4 17
5 23
6 18
7 28
8 53
9 56
10 54
11 69
12 59
13 52
14 68
15 64
16 76
17 56
18 23
19 23
20 25
21 14
22 6
23 1
24 1
25 1
26 0
27 0
last timestep 27
node 1039 iteration 8
0 0
1 0
2 0
last timestep 2
node 1039 iteration 9
0 0
1 3
2 1
3 2
4 1
5 1
6 0
7 0
last timestep 7
