node 2197 iteration 0
0 0
1 1
2 0
3 0
last timestep 3
node 2197 iteration 1
0 0
1 1
2 1
3 0
4 0
last timestep 4
node 2197 iteration 2
0 0
1 3
2 2
3 5
4 15
5 16
6 18
7 18
8 17
9 26
10 35
11 41
12 49
13 78
14 65
15 70
16 62
17 55
18 38
19 27
20 24
21 26
22 12
23 16
24 6
25 6
26 5
27 5
28 3
29 2
30 4
31 2
32 0
33 1
34 0
last timestep 34
node 2197 iteration 3
0 0
1 0
2 0
last timestep 2
node 2197 iteration 4
0 0
1 1
2 4
3 11
4 16
5 27
6 42
7 62
8 76
9 93
10 111
11 93
12 78
13 60
14 30
15 20
16 20
17 9
18 2
19 6
20 1
21 0
22 0
last timestep 22
node 2197 iteration 5
0 0
1 4
2 7
3 7
4 13
5 24
6 32
7 48
8 61
9 72
10 68
11 82
12 70
13 61
14 60
15 58
16 64
17 47
18 42
19 28
20 10
21 13
22 11
23 6
24 2
25 0
26 0
last timestep 26
node 2197 iteration 6
0 0
1 3
2 1
3 2
4 2
5 3
6 1
7 0
8 0
last timestep 8
node 2197 iteration 7
0 0
1 3
2 7
3 6
4 4
5 9
6 14
7 22
8 32
9 68
10 73
11 68
12 92
13 85
14 93
15 87
16 64
17 54
18 41
19 26
20 19
21 14
22 11
23 3
24 2
25 3
26 0
27 0
last timestep 27
node 2197 iteration 8
0 0
1 4
2 5
3 6
4 11
5 20
6 31
7 37
8 61
9 88
10 90
11 108
12 75
13 69
14 55
15 32
16 39
17 16
18 12
19 5
20 4
21 2
22 0
23 0
last timestep 23
node 2197 iteration 9
0 0
1 2
2 3
3 12
4 27
5 41
6 59
7 72
8 93
9 93
10 90
11 88
12 73
13 34
14 31
15 15
16 12
17 8
18 2
19 0
20 0
last timestep 20
