node 1458 iteration 0
0 0
1 1
2 3
3 6
4 7
5 5
6 7
7 7
8 18
9 17
10 34
11 24
12 35
13 38
14 64
15 54
16 59
17 58
18 57
19 54
20 37
21 37
22 37
23 30
24 21
25 19
26 20
27 12
28 8
29 4
30 6
31 4
32 1
33 2
34 0
35 0
last timestep 35
node 1458 iteration 1
0 0
1 3
2 4
3 8
4 10
5 23
6 27
7 56
8 64
9 69
10 62
11 59
12 50
13 58
14 62
15 48
16 39
17 38
18 22
19 16
20 13
21 7
22 2
23 2
24 1
25 0
26 0
last timestep 26
node 1458 iteration 2
0 0
1 2
2 9
3 7
4 9
5 18
6 29
7 40
8 57
9 69
10 80
11 104
12 105
13 116
14 66
15 46
16 44
17 18
18 12
19 4
20 3
21 3
22 5
23 1
24 0
25 0
last timestep 25
node 1458 iteration 3
0 0
1 2
2 1
3 0
4 1
5 6
6 14
7 17
8 23
9 38
10 63
11 68
12 79
13 92
14 106
15 101
16 77
17 71
18 47
19 37
20 17
21 13
22 11
23 3
24 1
25 0
last timestep 25
node 1458 iteration 4
0 0
1 4
2 6
3 3
4 7
5 5
6 8
7 12
8 17
9 18
10 34
11 47
12 42
13 67
14 79
15 62
16 70
17 44
18 33
19 22
20 22
21 17
22 21
23 6
24 4
25 2
26 6
27 7
28 6
29 4
30 4
31 4
32 3
33 0
34 0
last timestep 34
node 1458 iteration 5
0 0
1 1
2 3
3 0
4 0
last timestep 4
node 1458 iteration 6
0 0
1 1
2 2
3 3
4 7
5 13
6 24
7 20
8 37
9 52
10 64
11 54
12 74
13 106
14 97
15 72
16 69
17 42
18 24
19 10
20 9
21 7
22 11
23 5
24 6
25 0
26 2
27 4
28 4
29 5
30 5
31 2
32 0
last timestep 32
node 1458 iteration 7
0 0
1 2
2 4
3 8
4 16
5 33
6 39
7 49
8 73
9 84
10 100
11 117
12 97
13 90
14 68
15 33
16 27
17 8
18 0
19 1
20 0
last timestep 20
node 1458 iteration 8
0 0
1 1
2 0
3 0
last timestep 3
node 1458 iteration 9
0 0
1 2
2 6
3 11
4 29
5 34
6 45
7 65
8 108
9 122
10 105
11 88
12 75
13 56
14 40
15 25
16 13
17 12
18 3
19 6
20 4
21 0
22 0
last timestep 22
