node 1283 iteration 0
0 0
1 5
2 14
3 32
4 32
5 53
6 72
7 107
8 104
9 90
10 86
11 68
12 68
13 53
14 43
15 28
16 19
17 9
18 7
19 2
20 2
21 2
22 0
23 0
last timestep 23
node 1283 iteration 1
0 0
1 2
2 0
3 0
last timestep 3
node 1283 iteration 2
0 0
1 3
2 1
3 0
4 0
last timestep 4
node 1283 iteration 3
0 0
1 2
2 4
3 7
4 16
5 19
6 38
7 37
8 69
9 89
10 98
11 115
12 113
13 93
14 72
15 46
16 37
17 23
18 14
19 9
20 7
21 3
22 6
23 6
24 1
25 0
26 0
last timestep 26
node 1283 iteration 4
0 0
1 1
2 2
3 7
4 4
5 4
6 5
7 4
8 3
9 5
10 4
11 9
12 17
13 33
14 44
15 48
16 56
17 71
18 95
19 71
20 69
21 59
22 54
23 28
24 28
25 19
26 15
27 6
28 8
29 3
30 3
31 1
32 0
33 0
last timestep 33
node 1283 iteration 5
0 0
1 0
2 0
last timestep 2
node 1283 iteration 6
0 0
1 1
2 1
3 0
4 0
last timestep 4
node 1283 iteration 7
0 0
1 1
2 0
3 0
last timestep 3
node 1283 iteration 8
0 0
1 2
2 1
3 3
4 1
5 1
6 3
7 6
8 19
9 19
10 39
11 50
12 60
13 71
14 89
15 101
16 90
17 74
18 51
19 41
20 22
21 22
22 12
23 13
24 2
25 3
26 6
27 3
28 0
29 1
30 1
31 1
32 1
33 0
last timestep 33
node 1283 iteration 9
0 0
1 1
2 4
3 8
4 19
5 35
6 61
7 78
8 100
9 120
10 110
11 108
12 98
13 60
14 39
15 30
16 12
17 14
18 8
19 1
20 1
21 1
22 2
23 1
24 0
25 0
last timestep 25
