node 1542 iteration 0
0 0
1 3
2 6
3 16
4 11
5 15
6 30
7 47
8 39
9 79
10 84
11 85
12 104
13 104
14 83
15 57
16 35
17 30
18 26
19 15
20 7
21 1
22 3
23 1
24 0
25 0
last timestep 25
node 1542 iteration 1
0 0
1 0
2 2
3 4
4 2
5 8
6 5
7 9
8 8
9 8
10 12
11 20
12 21
13 41
14 50
15 50
16 83
17 81
18 82
19 78
20 82
21 53
22 49
23 29
24 21
25 11
26 16
27 10
28 6
29 1
30 2
31 0
last timestep 31
node 1542 iteration 2
0 0
1 2
2 5
3 2
4 4
5 2
6 1
7 0
8 2
9 5
10 4
11 12
12 12
13 7
14 13
15 19
16 31
17 51
18 68
19 77
20 92
21 93
22 82
23 63
24 54
25 31
26 26
27 22
28 8
29 3
30 1
31 2
32 0
last timestep 32
node 1542 iteration 3
0 0
1 1
2 0
3 0
last timestep 3
node 1542 iteration 4
0 0
1 3
2 4
3 9
4 38
5 39
6 73
7 79
8 94
9 84
10 83
11 71
12 64
13 47
14 30
15 20
16 13
17 5
18 6
19 2
20 0
21 1
22 1
23 1
24 0
last timestep 24
node 1542 iteration 5
0 0
1 3
2 3
3 5
4 10
5 11
6 19
7 30
8 45
9 79
10 91
11 110
12 99
13 70
14 63
15 57
16 26
17 21
18 11
19 9
20 5
21 5
22 5
23 3
24 0
25 0
last timestep 25
node 1542 iteration 6
0 0
1 4
2 6
3 9
4 13
5 24
6 36
7 49
8 69
9 64
10 78
11 58
12 58
13 73
14 49
15 33
16 25
17 10
18 8
19 3
20 1
21 0
22 0
last timestep 22
node 1542 iteration 7
0 0
1 3
2 5
3 4
4 4
5 9
6 14
7 13
8 20
9 33
10 37
11 59
12 55
13 55
14 67
15 88
16 65
17 54
18 49
19 48
20 29
21 30
22 14
23 13
24 6
25 3
26 4
27 6
28 9
29 8
30 0
31 2
32 5
33 1
34 1
35 1
36 2
37 1
38 1
39 0
last timestep 39
node 1542 iteration 8
0 0
1 4
2 0
3 0
last timestep 3
node 1542 iteration 9
0 0
1 0
2 0
last timestep 2
