node 364 iteration 0
0 0
1 5
2 3
3 8
4 10
5 15
6 18
7 29
8 49
9 40
10 58
11 68
12 107
13 67
14 82
15 66
16 47
17 34
18 24
19 22
20 16
21 10
22 6
23 1
24 4
25 5
26 4
27 2
28 1
29 0
30 0
last timestep 30
node 364 iteration 1
0 0
1 2
2 2
3 3
4 7
5 3
6 5
7 8
8 14
9 12
10 9
11 9
12 13
13 13
14 17
15 24
16 45
17 44
18 67
19 56
20 78
21 70
22 69
23 55
24 47
25 35
26 22
27 11
28 4
29 1
30 0
31 0
last timestep 31
node 364 iteration 2
0 0
1 4
2 9
3 15
4 20
5 21
6 33
7 34
8 37
9 40
10 48
11 64
12 70
13 70
14 61
15 65
16 65
17 52
18 42
19 30
20 8
21 9
22 11
23 12
24 12
25 5
26 4
27 3
28 1
29 0
30 0
last timestep 30
node 364 iteration 3
0 0
1 2
2 4
3 4
4 7
5 3
6 3
7 1
8 5
9 5
10 16
11 17
12 25
13 44
14 43
15 45
16 60
17 60
18 68
19 87
20 58
21 55
22 50
23 41
24 39
25 21
26 30
27 18
28 9
29 8
30 4
31 13
32 9
33 9
34 6
35 3
36 5
37 0
38 3
39 2
40 1
41 0
last timestep 41
node 364 iteration 4
0 0
1 4
2 11
3 12
4 28
5 32
6 36
7 48
8 61
9 68
10 90
11 90
12 55
13 42
14 42
15 17
16 21
17 6
18 6
19 6
20 5
21 3
22 2
23 0
24 0
last timestep 24
node 364 iteration 5
0 0
1 1
2 3
3 4
4 10
5 11
6 15
7 28
8 39
9 63
10 70
11 81
12 109
13 101
14 101
15 60
16 53
17 36
18 19
19 15
20 8
21 4
22 2
23 0
24 0
last timestep 24
node 364 iteration 6
0 0
1 2
2 2
3 2
4 4
5 9
6 13
7 20
8 33
9 43
10 54
11 61
12 64
13 74
14 69
15 77
16 83
17 57
18 35
19 17
20 10
21 6
22 7
23 2
24 2
25 2
26 1
27 0
28 0
last timestep 28
node 364 iteration 7
0 0
1 3
2 1
3 2
4 14
5 20
6 22
7 46
8 63
9 80
10 94
11 99
12 86
13 78
14 61
15 42
16 26
17 35
18 19
19 14
20 7
21 5
22 4
23 6
24 1
25 4
26 0
27 0
last timestep 27
node 364 iteration 8
0 0
1 1
2 4
3 8
4 5
5 3
6 2
7 2
8 5
9 15
10 7
11 13
12 10
13 16
14 24
15 36
16 39
17 62
18 70
19 79
20 68
21 77
22 60
23 52
24 57
25 32
26 30
27 20
28 20
29 8
30 3
31 0
32 0
last timestep 32
node 364 iteration 9
0 0
1 8
2 10
3 13
4 11
5 26
6 22
7 32
8 39
9 46
10 75
11 87
12 109
13 97
14 84
15 55
16 63
17 40
18 34
19 10
20 7
21 3
22 5
23 2
24 0
25 0
last timestep 25
