node 1152 iteration 0
0 0
1 2
2 3
3 8
4 21
5 37
6 47
7 48
8 73
9 108
10 97
11 93
12 79
13 65
14 44
15 35
16 24
17 16
18 8
19 9
20 8
21 4
22 4
23 1
24 0
25 0
last timestep 25
node 1152 iteration 1
0 0
1 0
2 0
last timestep 2
node 1152 iteration 2
0 0
1 2
2 4
3 12
4 12
5 26
6 20
7 37
8 63
9 72
10 92
11 109
12 119
13 100
14 59
15 46
16 31
17 18
18 7
19 12
20 5
21 3
22 1
23 3
24 0
25 0
last timestep 25
node 1152 iteration 3
0 0
1 0
2 0
last timestep 2
node 1152 iteration 4
0 0
1 2
2 8
3 9
4 11
5 13
6 30
7 29
8 40
9 64
10 64
11 83
12 91
13 87
14 90
15 83
16 53
17 35
18 33
19 17
20 11
21 11
22 5
23 0
24 0
last timestep 24
node 1152 iteration 5
0 0
1 1
2 0
3 0
last timestep 3
node 1152 iteration 6
0 0
1 2
2 1
3 2
4 0
5 0
last timestep 5
node 1152 iteration 7
0 0
1 2
2 3
3 5
4 12
5 18
6 29
7 36
8 46
9 53
10 91
11 79
12 94
13 84
14 63
15 53
16 29
17 25
18 19
19 13
20 10
21 10
22 9
23 5
24 6
25 6
26 1
27 2
28 1
29 2
30 4
31 5
32 3
33 2
34 0
35 0
last timestep 35
node 1152 iteration 8
0 0
1 2
2 6
3 10
4 6
5 9
6 28
7 41
8 55
9 67
10 93
11 94
12 102
13 86
14 85
15 48
16 26
17 10
18 11
19 11
20 9
21 6
22 4
23 2
24 0
25 0
last timestep 25
node 1152 iteration 9
0 0
1 0
2 0
last timestep 2
