node 213 iteration 0
0 0
1 5
2 4
3 9
4 12
5 21
6 21
7 24
8 27
9 30
10 53
11 58
12 71
13 91
14 60
15 71
16 51
17 43
18 26
19 20
20 15
21 8
22 9
23 7
24 4
25 5
26 4
27 4
28 0
29 0
last timestep 29
node 213 iteration 1
0 0
1 2
2 3
3 4
4 13
5 13
6 22
7 31
8 20
9 11
10 15
11 17
12 30
13 41
14 37
15 36
16 47
17 49
18 52
19 50
20 49
21 48
22 29
23 25
24 22
25 12
26 11
27 6
28 4
29 4
30 4
31 2
32 2
33 5
34 11
35 7
36 2
37 2
38 2
39 1
40 0
41 0
last timestep 41
node 213 iteration 2
0 0
1 5
2 13
3 17
4 18
5 32
6 58
7 56
8 65
9 70
10 84
11 72
12 65
13 49
14 44
15 33
16 19
17 10
18 5
19 0
20 0
last timestep 20
node 213 iteration 3
0 0
1 5
2 9
3 18
4 29
5 30
6 57
7 81
8 112
9 101
10 106
11 107
12 73
13 52
14 25
15 22
16 22
17 13
18 8
19 1
20 1
21 2
22 3
23 0
24 0
last timestep 24
node 213 iteration 4
0 0
1 3
2 2
3 0
4 2
5 0
last timestep 5
node 213 iteration 5
0 0
1 2
2 1
3 0
4 0
last timestep 4
node 213 iteration 6
0 0
1 3
2 4
3 6
4 22
5 33
6 40
7 66
8 80
9 80
10 115
11 119
12 110
13 72
14 53
15 24
16 13
17 6
18 0
19 2
20 0
last timestep 20
node 213 iteration 7
0 0
1 1
2 5
3 9
4 7
5 8
6 16
7 19
8 42
9 44
10 57
11 70
12 92
13 97
14 83
15 75
16 61
17 56
18 44
19 27
20 14
21 13
22 13
23 5
24 0
25 1
26 3
27 4
28 6
29 4
30 1
31 2
32 1
33 0
last timestep 33
node 213 iteration 8
0 0
1 4
2 4
3 4
4 3
5 11
6 20
7 48
8 69
9 76
10 86
11 79
12 73
13 99
14 71
15 46
16 46
17 24
18 16
19 10
20 7
21 0
22 0
last timestep 22
node 213 iteration 9
0 0
1 5
2 13
3 25
4 28
5 55
6 80
7 111
8 117
9 88
10 63
11 41
12 30
13 23
14 15
15 9
16 5
17 2
18 0
19 0
last timestep 19
