node 797 iteration 0
0 0
1 2
2 4
3 2
4 13
5 9
6 14
7 34
8 70
9 85
10 80
11 86
12 73
13 53
14 60
15 55
16 33
17 37
18 27
19 17
20 12
21 11
22 7
23 7
24 4
25 1
26 0
27 0
last timestep 27
node 797 iteration 1
0 0
1 4
2 9
3 9
4 10
5 10
6 9
7 12
8 25
9 36
10 50
11 82
12 68
13 81
14 67
15 55
16 64
17 51
18 57
19 37
20 27
21 15
22 8
23 12
24 5
25 5
26 6
27 1
28 0
29 0
last timestep 29
node 797 iteration 2
0 0
1 4
2 5
3 10
4 20
5 25
6 49
7 63
8 96
9 104
10 111
11 103
12 105
13 102
14 74
15 54
16 23
17 14
18 2
19 0
20 0
last timestep 20
node 797 iteration 3
0 0
1 0
2 0
last timestep 2
node 797 iteration 4
0 0
1 9
2 14
3 14
4 18
5 19
6 27
7 30
8 40
9 54
10 75
11 82
12 85
13 91
14 71
15 52
16 41
17 34
18 28
19 15
20 15
21 16
22 3
23 4
24 3
25 1
26 0
27 0
last timestep 27
node 797 iteration 5
0 0
1 2
2 0
3 0
last timestep 3
node 797 iteration 6
0 0
1 3
2 3
3 3
4 3
5 4
6 9
7 8
8 15
9 13
10 14
11 19
12 33
13 37
14 47
15 52
16 71
17 67
18 60
19 78
20 47
21 44
22 25
23 20
24 18
25 16
26 8
27 8
28 9
29 4
30 9
31 3
32 0
33 0
last timestep 33
node 797 iteration 7
0 0
1 1
2 0
3 0
last timestep 3
node 797 iteration 8
0 0
1 0
2 0
last timestep 2
node 797 iteration 9
0 0
1 0
2 0
last timestep 2
