node 1089 iteration 0
0 0
1 5
2 15
3 32
4 60
5 74
6 90
7 113
8 96
9 95
10 76
11 54
12 44
13 39
14 33
15 17
16 13
17 7
18 1
19 1
20 0
21 0
last timestep 21
node 1089 iteration 1
0 0
1 1
2 9
3 4
4 4
5 5
6 5
7 11
8 12
9 42
10 52
11 40
12 59
13 75
14 79
15 75
16 75
17 83
18 79
19 44
20 36
21 19
22 6
23 3
24 1
25 1
26 0
27 0
last timestep 27
node 1089 iteration 2
0 0
1 2
2 3
3 7
4 8
5 21
6 28
7 42
8 56
9 94
10 79
11 80
12 92
13 65
14 41
15 33
16 32
17 20
18 19
19 18
20 14
21 8
22 3
23 1
24 2
25 0
26 2
27 0
last timestep 27
node 1089 iteration 3
0 0
1 2
2 0
3 0
last timestep 3
node 1089 iteration 4
0 0
1 1
2 1
3 0
4 0
last timestep 4
node 1089 iteration 5
0 0
1 3
2 2
3 5
4 13
5 11
6 8
7 23
8 41
9 42
10 73
11 91
12 109
13 95
14 85
15 69
16 50
17 32
18 21
19 17
20 11
21 9
22 6
23 1
24 0
25 0
last timestep 25
node 1089 iteration 6
0 0
1 3
2 2
3 4
4 2
5 2
6 6
7 7
8 15
9 13
10 26
11 15
12 23
13 35
14 67
15 75
16 85
17 104
18 105
19 105
20 85
21 53
22 46
23 26
24 12
25 9
26 8
27 6
28 2
29 3
30 0
31 1
32 0
last timestep 32
node 1089 iteration 7
0 0
1 0
2 0
last timestep 2
node 1089 iteration 8
0 0
1 2
2 2
3 0
4 0
last timestep 4
node 1089 iteration 9
0 0
1 1
2 0
3 0
last timestep 3
