node 1054 iteration 0
0 0
1 3
2 8
3 15
4 10
5 12
6 29
7 53
8 57
9 45
10 46
11 55
12 77
13 70
14 52
15 49
16 42
17 58
18 27
19 19
20 10
21 10
22 12
23 9
24 4
25 2
26 2
27 2
28 1
29 0
30 0
last timestep 30
node 1054 iteration 1
0 0
1 5
2 5
3 15
4 17
5 23
6 24
7 44
8 62
9 104
10 104
11 118
12 94
13 80
14 58
15 59
16 32
17 18
18 11
19 4
20 7
21 1
22 0
23 0
last timestep 23
node 1054 iteration 2
0 0
1 1
2 5
3 8
4 16
5 16
6 50
7 56
8 73
9 74
10 84
11 87
12 59
13 44
14 48
15 40
16 18
17 12
18 3
19 4
20 5
21 6
22 6
23 2
24 6
25 8
26 8
27 10
28 17
29 14
30 8
31 4
32 5
33 3
34 0
35 0
last timestep 35
node 1054 iteration 3
0 0
1 2
2 1
3 0
4 0
last timestep 4
node 1054 iteration 4
0 0
1 5
2 9
3 12
4 19
5 27
6 29
7 42
8 64
9 68
10 89
11 113
12 77
13 69
14 42
15 26
16 13
17 16
18 8
19 6
20 3
21 0
22 0
last timestep 22
node 1054 iteration 5
0 0
1 3
2 8
3 11
4 14
5 15
6 22
7 41
8 51
9 73
10 110
11 115
12 107
13 102
14 71
15 60
16 28
17 22
18 12
19 5
20 3
21 1
22 0
23 0
last timestep 23
node 1054 iteration 6
0 0
1 3
2 5
3 3
4 3
5 6
6 10
7 12
8 24
9 29
10 42
11 52
12 63
13 75
14 78
15 90
16 81
17 81
18 64
19 39
20 39
21 24
22 8
23 7
24 8
25 3
26 5
27 3
28 2
29 1
30 3
31 3
32 0
33 0
last timestep 33
node 1054 iteration 7
0 0
1 1
2 0
3 0
last timestep 3
node 1054 iteration 8
0 0
1 6
2 5
3 13
4 16
5 19
6 48
7 66
8 80
9 83
10 88
11 101
12 68
13 51
14 34
15 29
16 19
17 12
18 7
19 17
20 10
21 9
22 8
23 4
24 3
25 1
26 0
27 1
28 0
last timestep 28
node 1054 iteration 9
0 0
1 3
2 1
3 2
4 1
5 0
6 0
last timestep 6
