node 1309 iteration 0
0 0
1 2
2 6
3 14
4 10
5 15
6 12
7 22
8 25
9 30
10 30
11 28
12 42
13 43
14 51
15 69
16 58
17 68
18 55
19 40
20 18
21 4
22 13
23 17
24 15
25 11
26 6
27 5
28 1
29 1
30 2
31 0
32 0
last timestep 32
node 1309 iteration 1
0 0
1 2
2 5
3 16
4 19
5 33
6 37
7 76
8 63
9 75
10 79
11 77
12 87
13 80
14 76
15 44
16 29
17 29
18 11
19 11
20 4
21 1
22 0
23 0
last timestep 23
node 1309 iteration 2
0 0
1 1
2 1
3 2
4 0
5 0
last timestep 5
node 1309 iteration 3
0 0
1 0
2 1
3 2
4 3
5 4
6 13
7 24
8 28
9 27
10 53
11 74
12 80
13 96
14 91
15 94
16 84
17 48
18 37
19 15
20 4
21 1
22 0
last timestep 22
node 1309 iteration 4
0 0
1 0
2 0
last timestep 2
node 1309 iteration 5
0 0
1 2
2 5
3 10
4 13
5 14
6 29
7 61
8 79
9 93
10 109
11 93
12 74
13 64
14 43
15 37
16 25
17 12
18 12
19 2
20 0
21 0
last timestep 21
node 1309 iteration 6
0 0
1 1
2 1
3 3
4 10
5 11
6 15
7 22
8 43
9 32
10 65
11 77
12 84
13 85
14 89
15 69
16 46
17 40
18 36
19 24
20 20
21 24
22 4
23 5
24 3
25 3
26 2
27 2
28 2
29 1
30 1
31 0
32 0
last timestep 32
node 1309 iteration 7
0 0
1 0
2 0
last timestep 2
node 1309 iteration 8
0 0
1 0
2 0
last timestep 2
node 1309 iteration 9
0 0
1 2
2 5
3 12
4 15
5 17
6 20
7 30
8 35
9 56
10 72
11 44
12 85
13 73
14 58
15 45
16 39
17 36
18 32
19 22
20 24
21 15
22 6
23 6
24 7
25 4
26 2
27 2
28 1
29 0
30 0
last timestep 30
