node 828 iteration 0
0 0
1 0
2 0
last timestep 2
node 828 iteration 1
0 0
1 1
2 3
3 2
4 0
5 0
last timestep 5
node 828 iteration 2
0 0
1 1
2 1
3 5
4 2
5 5
6 3
7 2
8 5
9 5
10 8
11 27
12 18
13 44
14 49
15 55
16 50
17 51
18 78
19 81
20 64
21 48
22 38
23 34
24 26
25 24
26 15
27 6
28 2
29 2
30 0
31 0
last timestep 31
node 828 iteration 3
0 0
1 3
2 0
3 0
last timestep 3
node 828 iteration 4
0 0
1 0
2 0
last timestep 2
node 828 iteration 5
0 0
1 2
2 3
3 2
4 0
5 0
last timestep 5
node 828 iteration 6
0 0
1 3
2 6
3 12
4 14
5 22
6 35
7 48
8 62
9 75
10 60
11 65
12 73
13 76
14 104
15 79
16 58
17 49
18 21
19 19
20 13
21 14
22 11
23 10
24 7
25 4
26 1
27 0
28 0
last timestep 28
node 828 iteration 7
0 0
1 3
2 4
3 20
4 13
5 23
6 25
7 50
8 61
9 100
10 121
11 146
12 100
13 85
14 50
15 39
16 28
17 19
18 6
19 5
20 3
21 2
22 2
23 2
24 2
25 3
26 1
27 0
28 0
last timestep 28
node 828 iteration 8
0 0
1 2
2 4
3 6
4 16
5 10
6 16
7 34
8 53
9 64
10 83
11 94
12 117
13 90
14 73
15 48
16 36
17 20
18 15
19 13
20 12
21 7
22 5
23 4
24 5
25 3
26 3
27 1
28 0
29 0
last timestep 29
node 828 iteration 9
0 0
1 3
2 2
3 5
4 1
5 3
6 4
7 18
8 27
9 55
10 74
11 113
12 105
13 96
14 96
15 79
16 56
17 38
18 36
19 27
20 12
21 7
22 4
23 7
24 11
25 7
26 3
27 1
28 0
29 0
last timestep 29
