node 318 iteration 0
0 0
1 2
2 6
3 7
4 12
5 5
6 6
7 8
8 9
9 15
10 14
11 30
12 42
13 60
14 60
15 72
16 80
17 73
18 60
19 44
20 16
21 14
22 5
23 4
24 3
25 5
26 7
27 10
28 11
29 8
30 5
31 0
32 1
33 1
34 0
last timestep 34
node 318 iteration 1
0 0
1 2
2 4
3 2
4 1
5 1
6 1
7 3
8 1
9 0
10 2
11 3
12 2
13 1
14 1
15 1
16 1
17 1
18 1
19 1
20 1
21 1
22 3
23 10
24 11
25 3
26 9
27 11
28 21
29 30
30 47
31 57
32 68
33 84
34 101
35 97
36 65
37 59
38 48
39 23
40 16
41 21
42 12
43 12
44 4
45 3
46 1
47 2
48 0
last timestep 48
node 318 iteration 2
0 0
1 2
2 0
3 0
last timestep 3
node 318 iteration 3
0 0
1 0
2 0
last timestep 2
node 318 iteration 4
0 0
1 0
2 0
last timestep 2
node 318 iteration 5
0 0
1 0
2 0
last timestep 2
node 318 iteration 6
0 0
1 0
2 0
last timestep 2
node 318 iteration 7
0 0
1 5
2 12
3 22
4 39
5 47
6 54
7 79
8 104
9 98
10 64
11 71
12 73
13 50
14 26
15 17
16 15
17 5
18 4
19 7
20 2
21 2
22 1
23 2
24 0
25 0
last timestep 25
node 318 iteration 8
0 0
1 0
2 0
last timestep 2
node 318 iteration 9
0 0
1 1
2 2
3 1
4 2
5 5
6 2
7 3
8 4
9 12
10 15
11 31
12 43
13 59
14 54
15 68
16 80
17 85
18 65
19 38
20 48
21 38
22 27
23 22
24 13
25 8
26 11
27 10
28 1
29 0
30 0
last timestep 30
