node 492 iteration 0
0 0
1 2
2 4
3 3
4 7
5 8
6 20
7 30
8 65
9 89
10 94
11 105
12 83
13 79
14 77
15 58
16 43
17 39
18 23
19 13
20 10
21 2
22 4
23 0
24 0
last timestep 24
node 492 iteration 1
0 0
1 2
2 2
3 2
4 13
5 8
6 26
7 38
8 63
9 71
10 59
11 58
12 61
13 60
14 74
15 62
16 39
17 32
18 22
19 12
20 8
21 1
22 2
23 1
24 1
25 1
26 1
27 0
28 0
last timestep 28
node 492 iteration 2
0 0
1 1
2 1
3 4
4 4
5 11
6 15
7 18
8 39
9 63
10 90
11 83
12 102
13 103
14 77
15 81
16 72
17 62
18 38
19 34
20 19
21 6
22 5
23 8
24 5
25 1
26 0
27 0
last timestep 27
node 492 iteration 3
0 0
1 2
2 3
3 3
4 4
5 3
6 7
7 11
8 13
9 8
10 18
11 36
12 62
13 56
14 67
15 76
16 77
17 91
18 82
19 63
20 49
21 25
22 19
23 14
24 10
25 3
26 2
27 1
28 1
29 0
30 0
last timestep 30
node 492 iteration 4
0 0
1 1
2 1
3 6
4 6
5 11
6 5
7 10
8 14
9 23
10 43
11 32
12 37
13 53
14 42
15 36
16 45
17 39
18 42
19 53
20 37
21 48
22 32
23 21
24 9
25 2
26 2
27 0
28 0
last timestep 28
node 492 iteration 5
0 0
1 1
2 3
3 2
4 7
5 7
6 29
7 30
8 48
9 57
10 67
11 91
12 93
13 105
14 84
15 52
16 30
17 26
18 13
19 15
20 4
21 5
22 6
23 6
24 4
25 2
26 1
27 0
28 0
last timestep 28
node 492 iteration 6
0 0
1 1
2 0
3 0
last timestep 3
node 492 iteration 7
0 0
1 2
2 0
3 0
last timestep 3
node 492 iteration 8
0 0
1 2
2 2
3 4
4 9
5 14
6 18
7 30
8 43
9 52
10 65
11 95
12 91
13 93
14 64
15 61
16 46
17 33
18 23
19 12
20 7
21 7
22 5
23 1
24 0
25 0
last timestep 25
node 492 iteration 9
0 0
1 5
2 14
3 16
4 37
5 45
6 72
7 92
8 106
9 116
10 108
11 72
12 50
13 57
14 34
15 22
16 16
17 14
18 7
19 10
20 2
21 5
22 1
23 0
24 0
last timestep 24
