node 120 iteration 0
0 0
1 2
2 1
3 2
4 3
5 4
6 11
7 10
8 7
9 13
10 6
11 12
12 12
13 14
14 18
15 20
16 26
17 40
18 48
19 64
20 89
21 106
22 115
23 72
24 70
25 54
26 33
27 27
28 13
29 8
30 3
31 5
32 4
33 1
34 3
35 1
36 0
37 0
last timestep 37
node 120 iteration 1
0 0
1 2
2 3
3 9
4 11
5 21
6 33
7 46
8 70
9 109
10 94
11 119
12 109
13 103
14 71
15 47
16 41
17 22
18 15
19 15
20 7
21 4
22 1
23 0
24 0
last timestep 24
node 120 iteration 2
0 0
1 8
2 4
3 7
4 6
5 13
6 29
7 26
8 51
9 50
10 70
11 93
12 84
13 65
14 57
15 48
16 34
17 32
18 30
19 29
20 16
21 7
22 3
23 1
24 0
25 0
last timestep 25
node 120 iteration 3
0 0
1 6
2 4
3 12
4 18
5 25
6 27
7 28
8 38
9 64
10 67
11 70
12 87
13 68
14 55
15 38
16 28
17 34
18 22
19 13
20 18
21 12
22 11
23 15
24 7
25 3
26 2
27 1
28 1
29 1
30 1
31 0
32 0
last timestep 32
node 120 iteration 4
0 0
1 3
2 5
3 8
4 30
5 49
6 78
7 93
8 100
9 127
10 97
11 81
12 66
13 28
14 26
15 24
16 13
17 11
18 9
19 10
20 6
21 5
22 7
23 11
24 4
25 2
26 0
27 0
last timestep 27
node 120 iteration 5
0 0
1 7
2 16
3 30
4 33
5 56
6 103
7 120
8 117
9 108
10 72
11 64
12 44
13 37
14 30
15 14
16 11
17 7
18 4
19 2
20 1
21 0
22 0
last timestep 22
node 120 iteration 6
0 0
1 1
2 2
3 5
4 4
5 2
6 7
7 15
8 34
9 31
10 51
11 71
12 84
13 108
14 110
15 94
16 78
17 54
18 33
19 24
20 7
21 3
22 1
23 0
24 0
last timestep 24
node 120 iteration 7
0 0
1 5
2 2
3 4
4 5
5 6
6 3
7 13
8 15
9 31
10 36
11 36
12 42
13 58
14 69
15 60
16 75
17 82
18 51
19 49
20 31
21 35
22 12
23 5
24 7
25 1
26 2
27 4
28 2
29 1
30 2
31 0
32 0
last timestep 32
node 120 iteration 8
0 0
1 4
2 9
3 11
4 23
5 30
6 35
7 58
8 55
9 64
10 82
11 88
12 83
13 89
14 88
15 60
16 44
17 26
18 15
19 14
20 11
21 11
22 4
23 2
24 1
25 3
26 0
27 0
last timestep 27
node 120 iteration 9
0 0
1 5
2 5
3 17
4 28
5 20
6 32
7 57
8 76
9 91
10 91
11 113
12 114
13 67
14 46
15 40
16 31
17 17
18 19
19 22
20 7
21 3
22 2
23 0
24 0
last timestep 24
