node 1482 iteration 0
0 0
1 4
2 7
3 13
4 13
5 26
6 37
7 54
8 84
9 92
10 107
11 111
12 82
13 65
14 56
15 39
16 32
17 30
18 10
19 9
20 2
21 3
22 3
23 0
24 1
25 1
26 2
27 2
28 3
29 0
last timestep 29
node 1482 iteration 1
0 0
1 1
2 1
3 0
4 0
last timestep 4
node 1482 iteration 2
0 0
1 2
2 6
3 7
4 8
5 12
6 15
7 27
8 36
9 52
10 81
11 94
12 113
13 95
14 66
15 45
16 27
17 16
18 11
19 10
20 7
21 5
22 4
23 1
24 1
25 0
26 0
last timestep 26
node 1482 iteration 3
0 0
1 1
2 2
3 3
4 2
5 2
6 8
7 20
8 34
9 33
10 45
11 63
12 97
13 91
14 106
15 97
16 63
17 49
18 29
19 34
20 28
21 28
22 11
23 3
24 3
25 4
26 1
27 0
28 0
last timestep 28
node 1482 iteration 4
0 0
1 2
2 7
3 12
4 6
5 11
6 14
7 22
8 33
9 65
10 60
11 55
12 45
13 56
14 58
15 44
16 36
17 29
18 25
19 28
20 22
21 24
22 19
23 16
24 11
25 5
26 2
27 6
28 2
29 2
30 4
31 0
32 0
last timestep 32
node 1482 iteration 5
0 0
1 0
2 0
last timestep 2
node 1482 iteration 6
0 0
1 2
2 3
3 7
4 11
5 12
6 19
7 22
8 27
9 34
10 48
11 49
12 74
13 67
14 75
15 63
16 60
17 54
18 38
19 27
20 16
21 5
22 1
23 2
24 0
25 0
last timestep 25
node 1482 iteration 7
0 0
1 2
2 1
3 1
4 2
5 3
6 1
7 5
8 2
9 0
10 0
last timestep 10
node 1482 iteration 8
0 0
1 3
2 2
3 1
4 6
5 8
6 13
7 11
8 13
9 22
10 28
11 40
12 46
13 70
14 67
15 64
16 65
17 58
18 47
19 39
20 20
21 15
22 5
23 3
24 7
25 14
26 10
27 10
28 9
29 4
30 3
31 1
32 0
33 0
last timestep 33
node 1482 iteration 9
0 0
1 1
2 1
3 4
4 2
5 2
6 12
7 13
8 16
9 17
10 16
11 27
12 29
13 29
14 32
15 34
16 42
17 54
18 73
19 79
20 72
21 64
22 40
23 45
24 28
25 12
26 15
27 6
28 8
29 7
30 2
31 2
32 1
33 5
34 4
35 4
36 2
37 0
38 1
39 1
40 2
41 1
42 0
last timestep 42
