node 92 iteration 0
0 0
1 3
2 5
3 11
4 18
5 26
6 48
7 59
8 68
9 56
10 81
11 85
12 79
13 76
14 53
15 43
16 25
17 8
18 4
19 4
20 2
21 0
22 0
last timestep 22
node 92 iteration 1
0 0
1 2
2 9
3 7
4 5
5 12
6 13
7 20
8 32
9 43
10 45
11 46
12 43
13 56
14 73
15 51
16 38
17 46
18 41
19 35
20 33
21 28
22 10
23 8
24 10
25 5
26 6
27 3
28 0
29 0
last timestep 29
node 92 iteration 2
0 0
1 0
2 0
last timestep 2
node 92 iteration 3
0 0
1 2
2 4
3 5
4 4
5 1
6 1
7 1
8 5
9 3
10 7
11 16
12 16
13 17
14 22
15 23
16 26
17 52
18 67
19 78
20 93
21 105
22 96
23 69
24 46
25 39
26 29
27 10
28 7
29 3
30 8
31 5
32 0
33 0
last timestep 33
node 92 iteration 4
0 0
1 0
2 0
last timestep 2
node 92 iteration 5
0 0
1 2
2 2
3 1
4 4
5 3
6 4
7 8
8 5
9 15
10 24
11 40
12 47
13 56
14 65
15 80
16 103
17 81
18 77
19 53
20 41
21 34
22 23
23 17
24 11
25 6
26 2
27 1
28 1
29 0
30 0
last timestep 30
node 92 iteration 6
0 0
1 5
2 7
3 21
4 33
5 57
6 66
7 101
8 101
9 101
10 131
11 125
12 103
13 62
14 47
15 29
16 10
17 3
18 1
19 3
20 0
21 0
last timestep 21
node 92 iteration 7
0 0
1 0
2 0
last timestep 2
node 92 iteration 8
0 0
1 3
2 5
3 5
4 3
5 4
6 9
7 11
8 17
9 24
10 38
11 44
12 62
13 95
14 107
15 94
16 70
17 81
18 61
19 32
20 26
21 12
22 15
23 10
24 9
25 5
26 1
27 1
28 0
29 0
last timestep 29
node 92 iteration 9
0 0
1 2
2 8
3 9
4 14
5 18
6 35
7 47
8 60
9 63
10 72
11 55
12 68
13 53
14 58
15 43
16 42
17 35
18 35
19 24
20 14
21 12
22 1
23 0
24 0
last timestep 24
