node 1008 iteration 0
0 0
1 2
2 1
3 3
4 6
5 9
6 12
7 8
8 16
9 23
10 36
11 38
12 58
13 78
14 88
15 83
16 88
17 91
18 77
19 62
20 30
21 22
22 12
23 7
24 4
25 5
26 4
27 3
28 2
29 2
30 0
31 0
last timestep 31
node 1008 iteration 1
0 0
1 5
2 9
3 10
4 13
5 9
6 20
7 30
8 42
9 29
10 58
11 74
12 87
13 71
14 81
15 73
16 65
17 68
18 42
19 19
20 19
21 11
22 6
23 5
24 3
25 2
26 1
27 1
28 0
29 0
last timestep 29
node 1008 iteration 2
0 0
1 4
2 1
3 6
4 4
5 8
6 27
7 50
8 63
9 91
10 118
11 114
12 107
13 81
14 65
15 35
16 22
17 11
18 10
19 3
20 6
21 1
22 1
23 0
24 0
last timestep 24
node 1008 iteration 3
0 0
1 3
2 4
3 9
4 18
5 31
6 55
7 73
8 79
9 93
10 111
11 94
12 69
13 35
14 22
15 11
16 6
17 6
18 2
19 0
20 0
last timestep 20
node 1008 iteration 4
0 0
1 3
2 5
3 22
4 27
5 42
6 54
7 98
8 109
9 120
10 126
11 99
12 76
13 52
14 29
15 19
16 9
17 7
18 2
19 1
20 1
21 0
22 0
last timestep 22
node 1008 iteration 5
0 0
1 4
2 4
3 8
4 21
5 31
6 51
7 71
8 94
9 124
10 121
11 103
12 76
13 53
14 34
15 14
16 15
17 12
18 15
19 9
20 3
21 1
22 0
23 1
24 1
25 0
last timestep 25
node 1008 iteration 6
0 0
1 4
2 10
3 24
4 37
5 60
6 89
7 105
8 130
9 127
10 93
11 83
12 51
13 27
14 12
15 10
16 7
17 4
18 1
19 0
20 0
last timestep 20
node 1008 iteration 7
0 0
1 2
2 6
3 9
4 17
5 29
6 36
7 33
8 50
9 46
10 61
11 61
12 77
13 89
14 73
15 55
16 40
17 29
18 25
19 10
20 9
21 3
22 8
23 5
24 7
25 7
26 5
27 2
28 0
29 0
last timestep 29
node 1008 iteration 8
0 0
1 1
2 1
3 0
4 0
last timestep 4
node 1008 iteration 9
0 0
1 2
2 6
3 4
4 12
5 9
6 4
7 7
8 19
9 29
10 31
11 37
12 54
13 45
14 61
15 71
16 64
17 64
18 55
19 54
20 50
21 43
22 35
23 17
24 9
25 10
26 3
27 3
28 2
29 7
30 2
31 0
32 0
last timestep 32
