node 598 iteration 0
0 0
1 3
2 2
3 4
4 6
5 10
6 27
7 43
8 56
9 95
10 119
11 90
12 86
13 67
14 56
15 40
16 28
17 24
18 24
19 12
20 8
21 7
22 5
23 8
24 6
25 2
26 1
27 1
28 0
29 1
30 1
31 1
32 2
33 1
34 1
35 0
last timestep 35
node 598 iteration 1
0 0
1 2
2 9
3 12
4 15
5 17
6 10
7 14
8 19
9 34
10 48
11 49
12 43
13 53
14 65
15 68
16 61
17 57
18 61
19 52
20 42
21 24
22 16
23 11
24 11
25 5
26 6
27 7
28 1
29 0
30 0
last timestep 30
node 598 iteration 2
0 0
1 1
2 1
3 3
4 8
5 10
6 25
7 31
8 39
9 48
10 60
11 67
12 67
13 76
14 83
15 64
16 53
17 43
18 27
19 16
20 13
21 11
22 8
23 8
24 7
25 0
26 1
27 0
last timestep 27
node 598 iteration 3
0 0
1 2
2 1
3 1
4 0
5 0
last timestep 5
node 598 iteration 4
0 0
1 3
2 2
3 2
4 1
5 2
6 3
7 3
8 9
9 13
10 26
11 38
12 69
13 107
14 128
15 124
16 106
17 78
18 58
19 31
20 16
21 3
22 4
23 3
24 1
25 0
26 1
27 0
last timestep 27
node 598 iteration 5
0 0
1 1
2 2
3 3
4 2
5 3
6 1
7 1
8 1
9 0
10 1
11 0
last timestep 11
node 598 iteration 6
0 0
1 1
2 5
3 1
4 3
5 8
6 10
7 21
8 24
9 30
10 43
11 51
12 71
13 99
14 101
15 92
16 69
17 49
18 31
19 22
20 11
21 7
22 8
23 3
24 3
25 0
26 2
27 1
28 0
last timestep 28
node 598 iteration 7
0 0
1 0
2 0
last timestep 2
node 598 iteration 8
0 0
1 2
2 4
3 4
4 5
5 10
6 14
7 18
8 28
9 40
10 44
11 69
12 61
13 80
14 80
15 75
16 66
17 48
18 33
19 15
20 5
21 6
22 5
23 3
24 7
25 8
26 9
27 5
28 2
29 0
30 0
last timestep 30
node 598 iteration 9
0 0
1 4
2 3
3 1
4 2
5 8
6 11
7 30
8 49
9 65
10 72
11 77
12 109
13 101
14 86
15 65
16 51
17 29
18 18
19 10
20 6
21 2
22 1
23 1
24 0
25 0
last timestep 25
