node 859 iteration 0
0 0
1 1
2 1
3 1
4 3
5 9
6 11
7 22
8 18
9 21
10 30
11 25
12 53
13 61
14 75
15 68
16 71
17 58
18 60
19 46
20 30
21 15
22 13
23 14
24 13
25 5
26 3
27 1
28 0
29 0
last timestep 29
node 859 iteration 1
0 0
1 2
2 7
3 18
4 23
5 37
6 64
7 86
8 94
9 115
10 97
11 90
12 79
13 33
14 25
15 8
16 6
17 8
18 3
19 3
20 1
21 2
22 2
23 3
24 3
25 1
26 1
27 1
28 1
29 0
30 0
last timestep 30
node 859 iteration 2
0 0
1 0
2 0
last timestep 2
node 859 iteration 3
0 0
1 2
2 6
3 3
4 7
5 14
6 20
7 36
8 49
9 82
10 85
11 101
12 111
13 89
14 77
15 68
16 44
17 31
18 20
19 13
20 11
21 6
22 4
23 2
24 2
25 1
26 0
27 0
last timestep 27
node 859 iteration 4
0 0
1 2
2 2
3 1
4 1
5 1
6 1
7 4
8 0
9 0
last timestep 9
node 859 iteration 5
0 0
1 0
2 0
last timestep 2
node 859 iteration 6
0 0
1 3
2 3
3 5
4 6
5 30
6 45
7 64
8 86
9 98
10 108
11 98
12 91
13 78
14 53
15 38
16 20
17 7
18 6
19 3
20 0
21 0
last timestep 21
node 859 iteration 7
0 0
1 0
2 0
last timestep 2
node 859 iteration 8
0 0
1 3
2 3
3 3
4 4
5 8
6 10
7 8
8 11
9 19
10 28
11 47
12 74
13 95
14 97
15 81
16 85
17 56
18 48
19 44
20 31
21 25
22 22
23 15
24 11
25 11
26 3
27 3
28 6
29 3
30 2
31 1
32 2
33 0
34 1
35 0
last timestep 35
node 859 iteration 9
0 0
1 2
2 1
3 2
4 0
5 0
last timestep 5
