node 13 iteration 0
0 0
1 5
2 12
3 7
4 13
5 12
6 28
7 28
8 51
9 72
10 74
11 111
12 105
13 82
14 61
15 41
16 39
17 22
18 12
19 6
20 0
21 0
last timestep 21
node 13 iteration 1
0 0
1 3
2 5
3 7
4 9
5 7
6 8
7 12
8 10
9 9
10 10
11 7
12 5
13 4
14 7
15 4
16 7
17 6
18 8
19 10
20 11
21 15
22 22
23 23
24 23
25 41
26 55
27 72
28 80
29 67
30 65
31 48
32 36
33 30
34 17
35 10
36 6
37 4
38 2
39 1
40 1
41 5
42 5
43 3
44 3
45 2
46 2
47 3
48 0
49 0
last timestep 49
node 13 iteration 2
0 0
1 4
2 5
3 4
4 1
5 2
6 2
7 2
8 1
9 0
10 0
last timestep 10
node 13 iteration 3
0 0
1 1
2 0
3 0
last timestep 3
node 13 iteration 4
0 0
1 4
2 3
3 3
4 8
5 10
6 10
7 15
8 21
9 23
10 18
11 24
12 19
13 27
14 32
15 31
16 49
17 58
18 59
19 81
20 93
21 75
22 46
23 29
24 38
25 17
26 15
27 11
28 6
29 9
30 4
31 3
32 2
33 2
34 0
35 0
last timestep 35
node 13 iteration 5
0 0
1 1
2 0
3 0
last timestep 3
node 13 iteration 6
0 0
1 5
2 2
3 4
4 2
5 9
6 16
7 24
8 39
9 35
10 41
11 55
12 64
13 79
14 77
15 92
16 73
17 45
18 43
19 34
20 17
21 9
22 5
23 3
24 3
25 1
26 1
27 0
28 0
last timestep 28
node 13 iteration 7
0 0
1 8
2 7
3 18
4 22
5 37
6 53
7 69
8 104
9 121
10 123
11 87
12 68
13 42
14 36
15 38
16 20
17 13
18 6
19 4
20 1
21 2
22 1
23 0
24 0
last timestep 24
node 13 iteration 8
0 0
1 3
2 0
3 0
last timestep 3
node 13 iteration 9
0 0
1 6
2 5
3 14
4 23
5 34
6 56
7 98
8 109
9 112
10 93
11 73
12 68
13 41
14 23
15 17
16 5
17 12
18 4
19 1
20 0
21 0
last timestep 21
