node 901 iteration 0
0 0
1 2
2 1
3 3
4 2
5 1
6 2
7 1
8 2
9 2
10 5
11 3
12 6
13 11
14 9
15 19
16 29
17 59
18 70
19 73
20 76
21 95
22 65
23 74
24 52
25 49
26 42
27 28
28 16
29 18
30 16
31 13
32 6
33 3
34 2
35 0
36 0
last timestep 36
node 901 iteration 1
0 0
1 2
2 1
3 2
4 0
5 1
6 3
7 6
8 15
9 14
10 27
11 30
12 46
13 58
14 78
15 96
16 96
17 107
18 79
19 62
20 44
21 37
22 24
23 16
24 15
25 7
26 3
27 6
28 2
29 0
last timestep 29
node 901 iteration 2
0 0
1 3
2 4
3 10
4 28
5 30
6 43
7 45
8 58
9 79
10 95
11 93
12 87
13 78
14 76
15 66
16 41
17 20
18 14
19 9
20 5
21 1
22 2
23 0
24 0
last timestep 24
node 901 iteration 3
0 0
1 1
2 2
3 5
4 6
5 17
6 27
7 33
8 45
9 43
10 65
11 96
12 97
13 100
14 97
15 70
16 52
17 46
18 17
19 17
20 5
21 4
22 2
23 1
24 2
25 1
26 0
27 0
last timestep 27
node 901 iteration 4
0 0
1 2
2 2
3 1
4 2
5 3
6 2
7 4
8 4
9 6
10 2
11 0
12 0
last timestep 12
node 901 iteration 5
0 0
1 1
2 1
3 1
4 0
5 2
6 2
7 4
8 5
9 21
10 24
11 28
12 29
13 26
14 33
15 31
16 40
17 42
18 52
19 49
20 56
21 37
22 34
23 26
24 21
25 11
26 5
27 4
28 4
29 4
30 1
31 2
32 1
33 1
34 0
last timestep 34
node 901 iteration 6
0 0
1 3
2 1
3 2
4 1
5 8
6 8
7 14
8 16
9 20
10 22
11 26
12 30
13 54
14 71
15 100
16 101
17 85
18 63
19 54
20 36
21 32
22 25
23 19
24 11
25 4
26 6
27 2
28 2
29 1
30 0
31 0
last timestep 31
node 901 iteration 7
0 0
1 1
2 2
3 2
4 3
5 3
6 3
7 4
8 6
9 10
10 13
11 26
12 60
13 71
14 83
15 102
16 75
17 80
18 54
19 64
20 43
21 30
22 28
23 24
24 15
25 7
26 13
27 9
28 9
29 5
30 0
31 1
32 1
33 0
last timestep 33
node 901 iteration 8
0 0
1 1
2 1
3 1
4 0
5 1
6 0
last timestep 6
node 901 iteration 9
0 0
1 1
2 0
3 0
last timestep 3
