node 670 iteration 0
0 0
1 5
2 15
3 28
4 35
5 40
6 45
7 64
8 118
9 104
10 94
11 93
12 73
13 63
14 52
15 41
16 16
17 10
18 2
19 1
20 0
21 0
last timestep 21
node 670 iteration 1
0 0
1 2
2 4
3 8
4 16
5 34
6 40
7 42
8 68
9 92
10 98
11 107
12 90
13 82
14 55
15 44
16 29
17 21
18 18
19 11
20 5
21 4
22 5
23 1
24 0
25 0
last timestep 25
node 670 iteration 2
0 0
1 0
2 0
last timestep 2
node 670 iteration 3
0 0
1 1
2 7
3 6
4 21
5 31
6 36
7 59
8 60
9 84
10 82
11 80
12 70
13 71
14 65
15 43
16 35
17 24
18 17
19 8
20 5
21 2
22 4
23 3
24 0
25 0
last timestep 25
node 670 iteration 4
0 0
1 1
2 3
3 1
4 0
5 0
last timestep 5
node 670 iteration 5
0 0
1 1
2 0
3 0
last timestep 3
node 670 iteration 6
0 0
1 1
2 1
3 0
4 0
last timestep 4
node 670 iteration 7
0 0
1 1
2 6
3 13
4 18
5 29
6 51
7 60
8 79
9 88
10 93
11 93
12 81
13 68
14 46
15 29
16 21
17 14
18 11
19 8
20 1
21 2
22 0
23 0
last timestep 23
node 670 iteration 8
0 0
1 0
2 1
3 2
4 8
5 8
6 24
7 38
8 61
9 91
10 108
11 123
12 119
13 83
14 87
15 54
16 30
17 27
18 18
19 14
20 2
21 1
22 1
23 0
last timestep 23
node 670 iteration 9
0 0
1 2
2 11
3 13
4 18
5 21
6 19
7 41
8 79
9 89
10 99
11 82
12 100
13 66
14 40
15 25
16 14
17 7
18 3
19 1
20 1
21 0
22 0
last timestep 22
