node 925 iteration 0
0 0
1 0
2 0
last timestep 2
node 925 iteration 1
0 0
1 2
2 11
3 20
4 25
5 37
6 70
7 96
8 125
9 120
10 119
11 87
12 73
13 33
14 23
15 13
16 4
17 5
18 8
19 0
20 0
last timestep 20
node 925 iteration 2
0 0
1 3
2 13
3 22
4 17
5 30
6 39
7 41
8 32
9 43
10 46
11 55
12 58
13 56
14 65
15 53
16 68
17 64
18 33
19 25
20 26
21 17
22 10
23 10
24 1
25 2
26 3
27 6
28 0
29 0
last timestep 29
node 925 iteration 3
0 0
1 1
2 1
3 2
4 0
5 0
last timestep 5
node 925 iteration 4
0 0
1 0
2 0
last timestep 2
node 925 iteration 5
0 0
1 0
2 0
last timestep 2
node 925 iteration 6
0 0
1 0
2 0
last timestep 2
node 925 iteration 7
0 0
1 3
2 5
3 18
4 38
5 53
6 67
7 86
8 102
9 106
10 95
11 59
12 47
13 30
14 23
15 13
16 10
17 9
18 5
19 4
20 2
21 4
22 1
23 1
24 0
25 0
last timestep 25
node 925 iteration 8
0 0
1 2
2 9
3 16
4 37
5 62
6 91
7 120
8 123
9 114
10 81
11 60
12 49
13 37
14 12
15 9
16 8
17 1
18 2
19 0
20 0
last timestep 20
node 925 iteration 9
0 0
1 3
2 2
3 3
4 2
5 10
6 15
7 15
8 16
9 19
10 31
11 55
12 76
13 76
14 82
15 97
16 74
17 70
18 56
19 40
20 27
21 17
22 14
23 8
24 2
25 5
26 4
27 0
28 0
last timestep 28
