node 593 iteration 0
0 0
1 1
2 3
3 13
4 14
5 23
6 19
7 30
8 40
9 26
10 40
11 47
12 36
13 40
14 41
15 48
16 46
17 39
18 34
19 33
20 22
21 24
22 18
23 22
24 23
25 12
26 4
27 4
28 1
29 0
30 0
last timestep 30
node 593 iteration 1
0 0
1 2
2 12
3 28
4 44
5 53
6 76
7 95
8 84
9 73
10 48
11 51
12 45
13 30
14 28
15 21
16 18
17 13
18 4
19 6
20 10
21 3
22 8
23 1
24 2
25 0
26 0
last timestep 26
node 593 iteration 2
0 0
1 2
2 0
3 1
4 0
last timestep 4
node 593 iteration 3
0 0
1 3
2 3
3 5
4 4
5 5
6 2
7 4
8 12
9 10
10 19
11 30
12 36
13 46
14 69
15 80
16 86
17 79
18 81
19 74
20 71
21 42
22 29
23 19
24 8
25 2
26 0
27 0
last timestep 27
node 593 iteration 4
0 0
1 1
2 3
3 6
4 8
5 12
6 35
7 53
8 63
9 83
10 70
11 83
12 77
13 88
14 96
15 72
16 49
17 28
18 24
19 12
20 9
21 7
22 2
23 1
24 0
25 2
26 2
27 0
last timestep 27
node 593 iteration 5
0 0
1 1
2 0
3 0
last timestep 3
node 593 iteration 6
0 0
1 3
2 1
3 3
4 5
5 4
6 3
7 3
8 8
9 10
10 15
11 16
12 26
13 51
14 72
15 81
16 79
17 83
18 55
19 64
20 48
21 46
22 27
23 20
24 10
25 6
26 9
27 9
28 4
29 4
30 1
31 0
32 0
last timestep 32
node 593 iteration 7
0 0
1 4
2 4
3 1
4 3
5 3
6 0
7 0
last timestep 7
node 593 iteration 8
0 0
1 0
2 0
last timestep 2
node 593 iteration 9
0 0
1 3
2 5
3 6
4 13
5 19
6 21
7 30
8 52
9 68
10 72
11 117
12 86
13 72
14 60
15 60
16 40
17 32
18 18
19 10
20 18
21 6
22 8
23 11
24 9
25 9
26 1
27 3
28 1
29 0
30 0
last timestep 30
