node 809 iteration 0
0 0
1 1
2 2
3 0
4 0
last timestep 4
node 809 iteration 1
0 0
1 5
2 10
3 18
4 22
5 14
6 19
7 33
8 42
9 59
10 65
11 72
12 94
13 87
14 76
15 54
16 39
17 32
18 21
19 16
20 10
21 10
22 2
23 3
24 4
25 3
26 3
27 0
28 0
last timestep 28
node 809 iteration 2
0 0
1 1
2 0
3 0
last timestep 3
node 809 iteration 3
0 0
1 3
2 1
3 0
4 0
last timestep 4
node 809 iteration 4
0 0
1 4
2 4
3 14
4 34
5 43
6 58
7 98
8 111
9 80
10 86
11 61
12 44
13 41
14 33
15 23
16 23
17 10
18 7
19 2
20 0
21 0
last timestep 21
node 809 iteration 5
0 0
1 4
2 4
3 1
4 0
5 2
6 3
7 4
8 8
9 15
10 13
11 18
12 28
13 51
14 76
15 92
16 89
17 109
18 67
19 68
20 55
21 41
22 26
23 14
24 24
25 18
26 11
27 6
28 6
29 2
30 1
31 2
32 4
33 0
last timestep 33
node 809 iteration 6
0 0
1 1
2 0
3 0
last timestep 3
node 809 iteration 7
0 0
1 2
2 0
3 0
last timestep 3
node 809 iteration 8
0 0
1 4
2 4
3 12
4 16
5 17
6 29
7 37
8 60
9 53
10 69
11 88
12 74
13 73
14 61
15 35
16 35
17 24
18 35
19 16
20 12
21 10
22 5
23 3
24 1
25 0
26 0
last timestep 26
node 809 iteration 9
0 0
1 7
2 9
3 5
4 3
5 5
6 6
7 17
8 15
9 21
10 35
11 52
12 59
13 52
14 65
15 85
16 75
17 52
18 48
19 31
20 21
21 19
22 25
23 14
24 11
25 3
26 2
27 0
28 0
last timestep 28
