node 1975 iteration 0
0 0
1 0
2 0
last timestep 2
node 1975 iteration 1
0 0
1 2
2 7
3 2
4 3
5 3
6 1
7 0
8 0
last timestep 8
node 1975 iteration 2
0 0
1 1
2 3
3 1
4 2
5 4
6 2
7 2
8 1
9 7
10 10
11 13
12 20
13 43
14 68
15 92
16 91
17 104
18 89
19 91
20 76
21 52
22 45
23 50
24 30
25 12
26 4
27 5
28 1
29 0
30 0
last timestep 30
node 1975 iteration 3
0 0
1 1
2 2
3 4
4 7
5 14
6 24
7 28
8 65
9 72
10 85
11 94
12 96
13 89
14 77
15 65
16 45
17 32
18 18
19 9
20 7
21 10
22 14
23 14
24 4
25 2
26 2
27 0
28 0
last timestep 28
node 1975 iteration 4
0 0
1 3
2 3
3 1
4 3
5 8
6 18
7 40
8 69
9 88
10 92
11 122
12 108
13 103
14 79
15 41
16 36
17 25
18 10
19 9
20 5
21 3
22 1
23 0
24 0
last timestep 24
node 1975 iteration 5
0 0
1 1
2 0
3 0
last timestep 3
node 1975 iteration 6
0 0
1 1
2 1
3 0
4 0
last timestep 4
node 1975 iteration 7
0 0
1 1
2 7
3 16
4 35
5 67
6 75
7 71
8 100
9 110
10 85
11 67
12 63
13 48
14 26
15 26
16 18
17 12
18 8
19 2
20 1
21 1
22 1
23 0
24 0
last timestep 24
node 1975 iteration 8
0 0
1 3
2 3
3 4
4 4
5 8
6 27
7 39
8 59
9 87
10 80
11 82
12 79
13 65
14 70
15 40
16 34
17 25
18 20
19 22
20 16
21 20
22 10
23 13
24 9
25 6
26 5
27 7
28 3
29 4
30 2
31 1
32 2
33 0
34 0
last timestep 34
node 1975 iteration 9
0 0
1 0
2 0
last timestep 2
