node 929 iteration 0
0 0
1 4
2 6
3 2
4 17
5 20
6 21
7 35
8 55
9 53
10 60
11 55
12 64
13 64
14 59
15 61
16 49
17 45
18 32
19 20
20 13
21 8
22 11
23 5
24 7
25 6
26 5
27 1
28 0
29 0
last timestep 29
node 929 iteration 1
0 0
1 6
2 8
3 19
4 34
5 47
6 50
7 59
8 74
9 74
10 72
11 75
12 59
13 33
14 35
15 23
16 15
17 18
18 20
19 8
20 5
21 2
22 0
23 0
last timestep 23
node 929 iteration 2
0 0
1 9
2 5
3 16
4 37
5 66
6 84
7 91
8 109
9 128
10 108
11 71
12 49
13 34
14 27
15 22
16 13
17 7
18 7
19 3
20 2
21 1
22 0
23 0
last timestep 23
node 929 iteration 3
0 0
1 1
2 0
3 0
last timestep 3
node 929 iteration 4
0 0
1 1
2 1
3 4
4 5
5 5
6 7
7 13
8 29
9 40
10 52
11 64
12 55
13 55
14 65
15 57
16 30
17 30
18 31
19 33
20 19
21 15
22 8
23 10
24 6
25 5
26 4
27 4
28 2
29 3
30 1
31 0
32 0
last timestep 32
node 929 iteration 5
0 0
1 7
2 4
3 7
4 8
5 25
6 29
7 45
8 42
9 63
10 60
11 75
12 102
13 111
14 76
15 59
16 40
17 22
18 12
19 12
20 6
21 3
22 1
23 1
24 0
25 0
last timestep 25
node 929 iteration 6
0 0
1 5
2 2
3 2
4 3
5 7
6 4
7 12
8 10
9 9
10 6
11 10
12 14
13 23
14 29
15 32
16 32
17 51
18 41
19 57
20 61
21 54
22 39
23 24
24 18
25 19
26 14
27 15
28 14
29 11
30 16
31 6
32 8
33 3
34 2
35 1
36 0
37 0
last timestep 37
node 929 iteration 7
0 0
1 6
2 5
3 9
4 18
5 18
6 38
7 39
8 54
9 54
10 66
11 76
12 85
13 63
14 64
15 66
16 38
17 30
18 13
19 15
20 8
21 16
22 14
23 6
24 0
25 2
26 0
last timestep 26
node 929 iteration 8
0 0
1 7
2 6
3 4
4 6
5 10
6 17
7 45
8 48
9 59
10 77
11 105
12 102
13 94
14 66
15 43
16 46
17 43
18 19
19 11
20 10
21 5
22 9
23 4
24 1
25 4
26 0
27 0
last timestep 27
node 929 iteration 9
0 0
1 6
2 6
3 9
4 15
5 23
6 21
7 34
8 42
9 65
10 67
11 65
12 76
13 94
14 73
15 70
16 44
17 38
18 15
19 10
20 6
21 3
22 7
23 5
24 3
25 5
26 6
27 5
28 1
29 0
30 0
last timestep 30
