node 630 iteration 0
0 0
1 1
2 3
3 6
4 9
5 8
6 3
7 5
8 6
9 12
10 16
11 19
12 33
13 40
14 49
15 64
16 86
17 87
18 64
19 58
20 56
21 46
22 34
23 27
24 15
25 13
26 6
27 8
28 6
29 1
30 0
31 0
last timestep 31
node 630 iteration 1
0 0
1 2
2 10
3 12
4 21
5 28
6 51
7 59
8 85
9 89
10 75
11 89
12 72
13 48
14 40
15 21
16 12
17 11
18 4
19 2
20 1
21 1
22 0
23 0
last timestep 23
node 630 iteration 2
0 0
1 3
2 1
3 1
4 0
5 0
last timestep 5
node 630 iteration 3
0 0
1 3
2 6
3 4
4 10
5 15
6 32
7 40
8 59
9 63
10 73
11 64
12 63
13 68
14 66
15 57
16 55
17 24
18 17
19 5
20 7
21 8
22 11
23 2
24 5
25 3
26 3
27 2
28 0
29 0
last timestep 29
node 630 iteration 4
0 0
1 0
2 0
last timestep 2
node 630 iteration 5
0 0
1 1
2 1
3 2
4 0
5 0
last timestep 5
node 630 iteration 6
0 0
1 2
2 8
3 15
4 38
5 54
6 83
7 102
8 118
9 122
10 114
11 100
12 54
13 31
14 23
15 14
16 4
17 1
18 0
19 0
last timestep 19
node 630 iteration 7
0 0
1 4
2 4
3 3
4 2
5 6
6 12
7 20
8 33
9 33
10 43
11 60
12 75
13 94
14 92
15 88
16 56
17 42
18 27
19 23
20 23
21 7
22 11
23 7
24 3
25 3
26 2
27 3
28 1
29 0
30 0
last timestep 30
node 630 iteration 8
0 0
1 4
2 4
3 1
4 3
5 3
6 1
7 2
8 5
9 2
10 5
11 1
12 6
13 7
14 14
15 20
16 34
17 54
18 57
19 59
20 77
21 72
22 78
23 88
24 74
25 60
26 40
27 21
28 21
29 19
30 18
31 8
32 7
33 8
34 2
35 1
36 0
37 0
last timestep 37
node 630 iteration 9
0 0
1 2
2 3
3 4
4 6
5 9
6 15
7 25
8 28
9 50
10 86
11 85
12 107
13 106
14 102
15 80
16 47
17 15
18 13
19 13
20 5
21 0
22 1
23 2
24 0
last timestep 24
