node 692 iteration 0
0 0
1 3
2 5
3 8
4 14
5 22
6 38
7 66
8 95
9 88
10 93
11 81
12 79
13 49
14 30
15 19
16 13
17 13
18 7
19 4
20 2
21 2
22 2
23 1
24 0
25 0
last timestep 25
node 692 iteration 1
0 0
1 0
2 0
last timestep 2
node 692 iteration 2
0 0
1 3
2 1
3 1
4 1
5 4
6 3
7 10
8 21
9 27
10 44
11 35
12 41
13 38
14 48
15 55
16 54
17 58
18 44
19 40
20 39
21 25
22 22
23 15
24 16
25 17
26 12
27 14
28 6
29 2
30 2
31 0
32 0
last timestep 32
node 692 iteration 3
0 0
1 1
2 4
3 9
4 18
5 25
6 31
7 37
8 46
9 59
10 73
11 80
12 63
13 58
14 61
15 43
16 46
17 27
18 12
19 10
20 7
21 5
22 1
23 1
24 0
25 0
last timestep 25
node 692 iteration 4
0 0
1 3
2 5
3 9
4 11
5 18
6 36
7 45
8 29
9 52
10 53
11 54
12 73
13 80
14 78
15 90
16 66
17 31
18 23
19 22
20 20
21 12
22 5
23 4
24 1
25 0
26 0
last timestep 26
node 692 iteration 5
0 0
1 2
2 0
3 0
last timestep 3
node 692 iteration 6
0 0
1 0
2 0
last timestep 2
node 692 iteration 7
0 0
1 1
2 4
3 1
4 0
5 0
last timestep 5
node 692 iteration 8
0 0
1 3
2 4
3 8
4 16
5 23
6 31
7 44
8 62
9 89
10 92
11 88
12 62
13 68
14 49
15 54
16 33
17 31
18 16
19 18
20 8
21 3
22 2
23 3
24 0
25 0
last timestep 25
node 692 iteration 9
0 0
1 2
2 3
3 4
4 11
5 14
6 20
7 31
8 58
9 85
10 124
11 120
12 131
13 127
14 71
15 32
16 23
17 14
18 12
19 9
20 4
21 2
22 0
23 0
last timestep 23
