node 1662 iteration 0
0 0
1 2
2 4
3 6
4 4
5 3
6 7
7 23
8 23
9 40
10 52
11 72
12 96
13 83
14 65
15 67
16 68
17 68
18 40
19 32
20 22
21 24
22 6
23 5
24 1
25 0
26 0
last timestep 26
node 1662 iteration 1
0 0
1 4
2 13
3 11
4 14
5 19
6 36
7 65
8 63
9 62
10 56
11 65
12 71
13 51
14 58
15 57
16 45
17 44
18 26
19 15
20 9
21 6
22 6
23 7
24 4
25 2
26 6
27 1
28 0
29 0
last timestep 29
node 1662 iteration 2
0 0
1 3
2 0
3 0
last timestep 3
node 1662 iteration 3
0 0
1 1
2 0
3 0
last timestep 3
node 1662 iteration 4
0 0
1 0
2 0
last timestep 2
node 1662 iteration 5
0 0
1 3
2 6
3 6
4 12
5 16
6 29
7 59
8 76
9 106
10 111
11 95
12 85
13 62
14 43
15 26
16 16
17 15
18 7
19 4
20 2
21 7
22 5
23 7
24 4
25 1
26 1
27 2
28 4
29 3
30 4
31 3
32 1
33 4
34 0
35 1
36 0
last timestep 36
node 1662 iteration 6
0 0
1 3
2 3
3 5
4 9
5 14
6 17
7 21
8 25
9 44
10 50
11 55
12 89
13 93
14 91
15 116
16 78
17 63
18 56
19 32
20 18
21 12
22 9
23 4
24 1
25 3
26 0
27 0
last timestep 27
node 1662 iteration 7
0 0
1 2
2 10
3 6
4 12
5 22
6 24
7 41
8 63
9 61
10 91
11 81
12 84
13 82
14 63
15 58
16 36
17 18
18 11
19 10
20 0
21 4
22 2
23 1
24 0
last timestep 24
node 1662 iteration 8
0 0
1 3
2 4
3 5
4 7
5 7
6 10
7 21
8 39
9 45
10 47
11 56
12 50
13 52
14 44
15 56
16 47
17 29
18 26
19 18
20 19
21 28
22 18
23 12
24 10
25 3
26 3
27 0
28 0
last timestep 28
node 1662 iteration 9
0 0
1 1
2 1
3 4
4 2
5 2
6 4
7 3
8 2
9 2
10 3
11 2
12 0
13 0
last timestep 13
