node 580 iteration 0
0 0
1 0
2 0
last timestep 2
node 580 iteration 1
0 0
1 1
2 3
3 3
4 4
5 9
6 27
7 34
8 45
9 58
10 64
11 63
12 89
13 58
14 65
15 49
16 33
17 18
18 13
19 12
20 5
21 3
22 0
23 0
last timestep 23
node 580 iteration 2
0 0
1 1
2 4
3 12
4 22
5 42
6 69
7 87
8 97
9 92
10 80
11 58
12 74
13 71
14 42
15 36
16 28
17 9
18 4
19 6
20 3
21 0
22 1
23 0
last timestep 23
node 580 iteration 3
0 0
1 2
2 2
3 9
4 7
5 13
6 25
7 51
8 66
9 97
10 114
11 111
12 85
13 94
14 60
15 53
16 34
17 14
18 5
19 0
20 0
last timestep 20
node 580 iteration 4
0 0
1 2
2 5
3 6
4 13
5 22
6 42
7 41
8 55
9 73
10 88
11 69
12 104
13 108
14 70
15 52
16 28
17 30
18 19
19 9
20 0
21 0
last timestep 21
node 580 iteration 5
0 0
1 0
2 0
last timestep 2
node 580 iteration 6
0 0
1 2
2 2
3 0
4 0
last timestep 4
node 580 iteration 7
0 0
1 0
2 3
3 9
4 19
5 20
6 25
7 34
8 49
9 64
10 74
11 74
12 75
13 53
14 59
15 54
16 57
17 38
18 40
19 28
20 16
21 15
22 6
23 5
24 11
25 5
26 3
27 2
28 2
29 1
30 0
last timestep 30
node 580 iteration 8
0 0
1 1
2 3
3 6
4 9
5 16
6 15
7 24
8 42
9 77
10 108
11 115
12 116
13 127
14 79
15 54
16 36
17 20
18 13
19 4
20 5
21 3
22 3
23 4
24 3
25 0
26 0
last timestep 26
node 580 iteration 9
0 0
1 1
2 0
3 0
last timestep 3
