node 1278 iteration 0
0 0
1 1
2 4
3 4
4 4
5 5
6 3
7 7
8 2
9 7
10 10
11 13
12 29
13 46
14 54
15 78
16 68
17 64
18 65
19 44
20 44
21 34
22 41
23 40
24 26
25 27
26 21
27 17
28 10
29 8
30 7
31 2
32 5
33 5
34 6
35 1
36 0
37 0
last timestep 37
node 1278 iteration 1
0 0
1 0
2 1
3 4
4 6
5 18
6 25
7 39
8 48
9 76
10 77
11 68
12 46
13 55
14 55
15 52
16 30
17 27
18 33
19 20
20 16
21 8
22 10
23 5
24 1
25 0
last timestep 25
node 1278 iteration 2
0 0
1 1
2 1
3 1
4 0
5 0
last timestep 5
node 1278 iteration 3
0 0
1 3
2 6
3 13
4 22
5 34
6 59
7 77
8 92
9 99
10 95
11 92
12 79
13 47
14 33
15 19
16 11
17 12
18 7
19 0
20 0
last timestep 20
node 1278 iteration 4
0 0
1 1
2 12
3 10
4 10
5 20
6 33
7 34
8 53
9 80
10 74
11 96
12 96
13 90
14 82
15 53
16 40
17 36
18 20
19 12
20 9
21 6
22 3
23 3
24 3
25 1
26 1
27 1
28 0
29 0
last timestep 29
node 1278 iteration 5
0 0
1 6
2 5
3 7
4 11
5 21
6 28
7 36
8 59
9 66
10 75
11 84
12 71
13 66
14 61
15 48
16 33
17 29
18 22
19 17
20 11
21 5
22 5
23 1
24 1
25 0
26 0
last timestep 26
node 1278 iteration 6
0 0
1 3
2 6
3 9
4 20
5 36
6 61
7 83
8 100
9 111
10 117
11 82
12 71
13 46
14 21
15 21
16 20
17 11
18 9
19 8
20 4
21 7
22 3
23 1
24 1
25 0
26 1
27 0
last timestep 27
node 1278 iteration 7
0 0
1 3
2 6
3 10
4 19
5 25
6 31
7 56
8 76
9 105
10 101
11 103
12 101
13 74
14 46
15 16
16 16
17 12
18 3
19 1
20 0
21 0
last timestep 21
node 1278 iteration 8
0 0
1 2
2 3
3 2
4 2
5 6
6 9
7 29
8 40
9 60
10 61
11 92
12 99
13 82
14 62
15 42
16 40
17 30
18 18
19 16
20 11
21 2
22 2
23 1
24 0
25 0
last timestep 25
node 1278 iteration 9
0 0
1 4
2 6
3 8
4 16
5 15
6 25
7 30
8 53
9 77
10 71
11 94
12 102
13 66
14 57
15 49
16 42
17 26
18 15
19 13
20 13
21 8
22 5
23 5
24 1
25 1
26 0
27 0
last timestep 27
