node 511 iteration 0
0 0
1 2
2 0
3 1
4 4
5 1
6 0
last timestep 6
node 511 iteration 1
0 0
1 2
2 3
3 5
4 24
5 26
6 30
7 54
8 68
9 80
10 72
11 78
12 66
13 56
14 44
15 39
16 26
17 31
18 13
19 7
20 1
21 1
22 1
23 0
24 0
last timestep 24
node 511 iteration 2
0 0
1 2
2 2
3 7
4 13
5 29
6 33
7 57
8 64
9 79
10 73
11 81
12 63
13 38
14 45
15 36
16 34
17 15
18 15
19 15
20 7
21 5
22 2
23 4
24 0
25 1
26 0
last timestep 26
node 511 iteration 3
0 0
1 1
2 2
3 1
4 4
5 5
6 6
7 4
8 10
9 14
10 20
11 13
12 25
13 28
14 50
15 48
16 76
17 82
18 94
19 64
20 59
21 54
22 65
23 40
24 15
25 11
26 5
27 8
28 6
29 4
30 0
31 0
last timestep 31
node 511 iteration 4
0 0
1 2
2 1
3 0
4 1
5 1
6 7
7 16
8 24
9 25
10 53
11 68
12 67
13 84
14 75
15 55
16 47
17 46
18 39
19 30
20 34
21 21
22 13
23 7
24 5
25 12
26 21
27 9
28 6
29 4
30 3
31 0
last timestep 31
node 511 iteration 5
0 0
1 1
2 8
3 11
4 12
5 26
6 35
7 40
8 51
9 57
10 77
11 72
12 60
13 45
14 43
15 44
16 26
17 16
18 17
19 11
20 17
21 18
22 12
23 8
24 12
25 8
26 2
27 0
28 0
last timestep 28
node 511 iteration 6
0 0
1 3
2 0
3 0
last timestep 3
node 511 iteration 7
0 0
1 1
2 1
3 3
4 2
5 5
6 13
7 29
8 61
9 67
10 91
11 112
12 94
13 80
14 59
15 57
16 46
17 36
18 17
19 14
20 22
21 14
22 11
23 7
24 2
25 1
26 0
27 0
last timestep 27
node 511 iteration 8
0 0
1 3
2 8
3 7
4 8
5 14
6 30
7 46
8 65
9 71
10 91
11 74
12 94
13 83
14 71
15 53
16 35
17 21
18 12
19 11
20 4
21 3
22 3
23 1
24 0
25 0
last timestep 25
node 511 iteration 9
0 0
1 3
2 2
3 1
4 2
5 1
6 0
7 0
last timestep 7
