node 1030 iteration 0
0 0
1 2
2 12
3 10
4 19
5 23
6 25
7 35
8 52
9 49
10 78
11 102
12 77
13 68
14 66
15 51
16 39
17 26
18 23
19 23
20 7
21 2
22 3
23 0
24 1
25 1
26 5
27 1
28 0
last timestep 28
node 1030 iteration 1
0 0
1 7
2 15
3 20
4 27
5 57
6 86
7 87
8 85
9 69
10 63
11 53
12 56
13 50
14 28
15 21
16 10
17 9
18 8
19 11
20 1
21 1
22 0
23 0
last timestep 23
node 1030 iteration 2
0 0
1 0
2 0
last timestep 2
node 1030 iteration 3
0 0
1 1
2 0
3 0
last timestep 3
node 1030 iteration 4
0 0
1 1
2 1
3 2
4 6
5 9
6 13
7 27
8 34
9 41
10 72
11 88
12 89
13 109
14 102
15 68
16 54
17 37
18 35
19 25
20 16
21 8
22 3
23 0
24 0
last timestep 24
node 1030 iteration 5
0 0
1 1
2 0
3 0
last timestep 3
node 1030 iteration 6
0 0
1 2
2 10
3 19
4 29
5 42
6 33
7 43
8 48
9 79
10 100
11 63
12 77
13 58
14 42
15 30
16 35
17 36
18 39
19 26
20 6
21 4
22 4
23 2
24 2
25 2
26 0
27 0
last timestep 27
node 1030 iteration 7
0 0
1 3
2 2
3 3
4 4
5 3
6 4
7 2
8 3
9 5
10 17
11 21
12 32
13 41
14 52
15 34
16 49
17 62
18 74
19 91
20 63
21 60
22 50
23 38
24 22
25 11
26 10
27 4
28 5
29 1
30 1
31 0
32 0
last timestep 32
node 1030 iteration 8
0 0
1 1
2 2
3 4
4 10
5 8
6 8
7 8
8 8
9 3
10 7
11 10
12 14
13 13
14 13
15 14
16 18
17 21
18 35
19 49
20 44
21 56
22 73
23 82
24 60
25 55
26 28
27 10
28 13
29 7
30 1
31 0
32 0
last timestep 32
node 1030 iteration 9
0 0
1 3
2 12
3 6
4 19
5 48
6 82
7 99
8 103
9 97
10 67
11 77
12 69
13 69
14 50
15 28
16 9
17 7
18 2
19 3
20 4
21 3
22 3
23 0
24 0
last timestep 24
