node 853 iteration 0
0 0
1 3
2 3
3 5
4 5
5 5
6 9
7 18
8 37
9 41
10 32
11 63
12 68
13 69
14 54
15 56
16 66
17 55
18 38
19 26
20 30
21 14
22 11
23 8
24 3
25 2
26 0
27 0
last timestep 27
node 853 iteration 1
0 0
1 2
2 7
3 5
4 11
5 12
6 15
7 23
8 47
9 48
10 62
11 69
12 68
13 88
14 76
15 81
16 60
17 40
18 34
19 28
20 15
21 13
22 4
23 7
24 3
25 2
26 1
27 1
28 0
29 0
last timestep 29
node 853 iteration 2
0 0
1 3
2 3
3 2
4 3
5 2
6 1
7 3
8 1
9 2
10 7
11 4
12 4
13 5
14 6
15 14
16 12
17 16
18 15
19 28
20 25
21 38
22 60
23 46
24 55
25 44
26 61
27 60
28 53
29 44
30 30
31 33
32 26
33 19
34 20
35 10
36 4
37 7
38 9
39 2
40 0
41 0
last timestep 41
node 853 iteration 3
0 0
1 5
2 2
3 4
4 11
5 18
6 13
7 25
8 37
9 45
10 39
11 60
12 50
13 63
14 69
15 75
16 64
17 61
18 55
19 45
20 22
21 11
22 10
23 5
24 3
25 0
26 0
last timestep 26
node 853 iteration 4
0 0
1 1
2 3
3 8
4 2
5 6
6 8
7 10
8 26
9 32
10 49
11 63
12 61
13 82
14 81
15 72
16 68
17 48
18 28
19 20
20 11
21 4
22 5
23 5
24 1
25 1
26 3
27 0
28 1
29 0
last timestep 29
node 853 iteration 5
0 0
1 3
2 9
3 10
4 17
5 20
6 26
7 40
8 52
9 91
10 105
11 106
12 100
13 70
14 54
15 39
16 21
17 18
18 6
19 7
20 5
21 3
22 1
23 1
24 1
25 2
26 1
27 1
28 2
29 2
30 0
31 0
last timestep 31
node 853 iteration 6
0 0
1 3
2 2
3 10
4 20
5 29
6 51
7 77
8 101
9 90
10 81
11 65
12 55
13 29
14 33
15 22
16 21
17 13
18 8
19 6
20 3
21 2
22 3
23 1
24 1
25 0
26 0
last timestep 26
node 853 iteration 7
0 0
1 3
2 5
3 6
4 20
5 20
6 33
7 25
8 32
9 41
10 54
11 63
12 74
13 73
14 72
15 55
16 48
17 52
18 38
19 19
20 21
21 11
22 6
23 4
24 7
25 5
26 7
27 7
28 2
29 2
30 1
31 0
32 0
last timestep 32
node 853 iteration 8
0 0
1 4
2 5
3 4
4 8
5 13
6 31
7 29
8 42
9 37
10 40
11 37
12 43
13 60
14 57
15 49
16 62
17 65
18 41
19 44
20 35
21 40
22 42
23 29
24 18
25 10
26 7
27 2
28 0
29 0
last timestep 29
node 853 iteration 9
0 0
1 2
2 1
3 4
4 7
5 7
6 13
7 12
8 21
9 36
10 63
11 77
12 102
13 97
14 84
15 69
16 55
17 64
18 32
19 30
20 26
21 16
22 11
23 7
24 1
25 3
26 2
27 1
28 1
29 0
30 0
last timestep 30
