node 629 iteration 0
0 0
1 4
2 9
3 16
4 26
5 33
6 40
7 55
8 55
9 65
10 72
11 71
12 71
13 63
14 63
15 44
16 22
17 13
18 17
19 13
20 20
21 7
22 9
23 9
24 8
25 6
26 4
27 4
28 4
29 6
30 3
31 0
32 1
33 1
34 1
35 1
36 1
37 0
last timestep 37
node 629 iteration 1
0 0
1 2
2 5
3 6
4 8
5 21
6 26
7 39
8 45
9 70
10 69
11 86
12 80
13 59
14 66
15 50
16 45
17 39
18 38
19 29
20 24
21 22
22 12
23 13
24 6
25 4
26 2
27 1
28 0
29 0
last timestep 29
node 629 iteration 2
0 0
1 5
2 5
3 4
4 12
5 9
6 18
7 30
8 41
9 51
10 48
11 72
12 93
13 84
14 66
15 57
16 34
17 37
18 34
19 21
20 16
21 10
22 7
23 6
24 5
25 0
26 1
27 2
28 0
last timestep 28
node 629 iteration 3
0 0
1 2
2 4
3 6
4 5
5 21
6 30
7 56
8 55
9 72
10 95
11 86
12 87
13 60
14 71
15 49
16 29
17 22
18 11
19 6
20 11
21 14
22 7
23 0
24 0
last timestep 24
node 629 iteration 4
0 0
1 5
2 7
3 10
4 9
5 18
6 22
7 52
8 65
9 91
10 103
11 83
12 76
13 59
14 58
15 64
16 36
17 18
18 19
19 13
20 12
21 5
22 1
23 1
24 0
25 2
26 0
last timestep 26
node 629 iteration 5
0 0
1 2
2 1
3 6
4 8
5 9
6 12
7 13
8 12
9 20
10 27
11 39
12 54
13 46
14 30
15 30
16 48
17 52
18 50
19 42
20 45
21 42
22 29
23 20
24 13
25 13
26 12
27 8
28 3
29 4
30 3
31 3
32 0
33 1
34 0
last timestep 34
node 629 iteration 6
0 0
1 6
2 9
3 18
4 30
5 43
6 52
7 63
8 72
9 80
10 102
11 83
12 93
13 63
14 53
15 36
16 26
17 9
18 11
19 2
20 1
21 0
22 0
last timestep 22
node 629 iteration 7
0 0
1 6
2 7
3 4
4 5
5 15
6 26
7 34
8 65
9 75
10 78
11 80
12 77
13 77
14 71
15 49
16 30
17 28
18 23
19 15
20 7
21 2
22 0
23 0
last timestep 23
node 629 iteration 8
0 0
1 7
2 16
3 18
4 21
5 27
6 26
7 53
8 71
9 86
10 81
11 92
12 59
13 59
14 24
15 11
16 4
17 3
18 3
19 0
20 0
last timestep 20
node 629 iteration 9
0 0
1 4
2 16
3 31
4 48
5 57
6 98
7 111
8 106
9 103
10 77
11 79
12 57
13 39
14 17
15 9
16 6
17 3
18 3
19 5
20 3
21 4
22 2
23 1
24 0
25 0
last timestep 25
