node 238 iteration 0
0 0
1 2
2 1
3 3
4 4
5 6
6 6
7 4
8 12
9 15
10 19
11 27
12 18
13 24
14 34
15 46
16 66
17 78
18 113
19 87
20 68
21 53
22 37
23 38
24 31
25 17
26 14
27 13
28 6
29 1
30 2
31 0
32 0
last timestep 32
node 238 iteration 1
0 0
1 4
2 2
3 0
4 1
5 0
last timestep 5
node 238 iteration 2
0 0
1 3
2 2
3 1
4 1
5 0
6 0
last timestep 6
node 238 iteration 3
0 0
1 3
2 2
3 1
4 3
5 4
6 5
7 3
8 2
9 4
10 7
11 15
12 33
13 51
14 88
15 92
16 62
17 89
18 90
19 78
20 39
21 27
22 14
23 8
24 8
25 4
26 0
27 0
last timestep 27
node 238 iteration 4
0 0
1 2
2 3
3 3
4 2
5 6
6 12
7 22
8 31
9 39
10 63
11 81
12 79
13 96
14 100
15 70
16 65
17 49
18 41
19 27
20 17
21 10
22 14
23 6
24 11
25 3
26 2
27 2
28 2
29 0
30 0
last timestep 30
node 238 iteration 5
0 0
1 2
2 3
3 10
4 19
5 39
6 51
7 57
8 78
9 98
10 86
11 86
12 67
13 53
14 51
15 49
16 26
17 12
18 7
19 5
20 5
21 4
22 1
23 0
24 0
last timestep 24
node 238 iteration 6
0 0
1 1
2 2
3 3
4 6
5 12
6 25
7 30
8 70
9 50
10 65
11 68
12 72
13 77
14 58
15 57
16 53
17 39
18 24
19 15
20 8
21 10
22 3
23 3
24 0
25 0
last timestep 25
node 238 iteration 7
0 0
1 2
2 2
3 0
4 0
last timestep 4
node 238 iteration 8
0 0
1 2
2 0
3 0
last timestep 3
node 238 iteration 9
0 0
1 3
2 2
3 8
4 5
5 7
6 11
7 21
8 20
9 17
10 26
11 22
12 49
13 53
14 57
15 64
16 68
17 65
18 64
19 52
20 30
21 15
22 11
23 6
24 3
25 8
26 6
27 3
28 1
29 0
30 0
last timestep 30
