node 1804 iteration 0
0 0
1 1
2 3
3 6
4 3
5 11
6 15
7 25
8 41
9 56
10 87
11 75
12 76
13 79
14 70
15 59
16 49
17 34
18 26
19 21
20 19
21 12
22 12
23 10
24 6
25 3
26 3
27 2
28 0
29 0
last timestep 29
node 1804 iteration 1
0 0
1 1
2 1
3 10
4 14
5 21
6 31
7 47
8 74
9 88
10 84
11 76
12 84
13 61
14 57
15 46
16 27
17 15
18 11
19 8
20 2
21 3
22 1
23 0
24 0
last timestep 24
node 1804 iteration 2
0 0
1 3
2 10
3 12
4 7
5 7
6 8
7 13
8 23
9 54
10 56
11 90
12 91
13 96
14 96
15 75
16 41
17 28
18 12
19 3
20 2
21 0
22 0
last timestep 22
node 1804 iteration 3
0 0
1 3
2 11
3 29
4 30
5 44
6 62
7 117
8 101
9 95
10 93
11 87
12 72
13 42
14 35
15 29
16 19
17 11
18 8
19 5
20 2
21 2
22 1
23 2
24 0
25 0
last timestep 25
node 1804 iteration 4
0 0
1 1
2 1
3 0
4 2
5 4
6 8
7 8
8 8
9 10
10 21
11 35
12 45
13 65
14 63
15 81
16 93
17 88
18 63
19 63
20 55
21 38
22 18
23 14
24 8
25 4
26 2
27 0
last timestep 27
node 1804 iteration 5
0 0
1 2
2 0
3 0
last timestep 3
node 1804 iteration 6
0 0
1 4
2 4
3 5
4 12
5 11
6 17
7 20
8 37
9 46
10 66
11 76
12 79
13 80
14 88
15 77
16 59
17 38
18 17
19 19
20 9
21 5
22 7
23 5
24 3
25 3
26 2
27 5
28 3
29 2
30 1
31 0
32 0
last timestep 32
node 1804 iteration 7
0 0
1 4
2 16
3 30
4 51
5 69
6 79
7 87
8 99
9 92
10 82
11 79
12 60
13 33
14 14
15 13
16 12
17 5
18 2
19 2
20 2
21 0
22 0
last timestep 22
node 1804 iteration 8
0 0
1 2
2 0
3 0
last timestep 3
node 1804 iteration 9
0 0
1 2
2 5
3 8
4 33
5 16
6 26
7 29
8 32
9 36
10 49
11 75
12 87
13 67
14 72
15 66
16 65
17 42
18 34
19 28
20 22
21 15
22 6
23 8
24 10
25 5
26 4
27 4
28 3
29 0
30 0
last timestep 30
