node 880 iteration 0
0 0
1 2
2 1
3 1
4 0
5 1
6 1
7 0
last timestep 7
node 880 iteration 1
0 0
1 2
2 3
3 5
4 16
5 21
6 41
7 62
8 86
9 78
10 85
11 73
12 68
13 68
14 52
15 31
16 21
17 14
18 10
19 6
20 6
21 6
22 3
23 0
24 0
last timestep 24
node 880 iteration 2
0 0
1 1
2 1
3 3
4 11
5 9
6 22
7 33
8 41
9 52
10 90
11 82
12 74
13 63
14 58
15 60
16 46
17 44
18 42
19 27
20 14
21 9
22 8
23 9
24 6
25 5
26 1
27 0
28 0
last timestep 28
node 880 iteration 3
0 0
1 0
2 0
last timestep 2
node 880 iteration 4
0 0
1 2
2 0
3 0
last timestep 3
node 880 iteration 5
0 0
1 2
2 8
3 3
4 5
5 14
6 36
7 37
8 104
9 96
10 112
11 94
12 77
13 66
14 68
15 44
16 27
17 25
18 19
19 18
20 13
21 8
22 3
23 1
24 0
25 0
last timestep 25
node 880 iteration 6
0 0
1 1
2 3
3 5
4 20
5 33
6 44
7 79
8 64
9 80
10 104
11 79
12 71
13 43
14 56
15 35
16 28
17 17
18 12
19 5
20 4
21 2
22 1
23 1
24 0
25 0
last timestep 25
node 880 iteration 7
0 0
1 1
2 0
3 0
last timestep 3
node 880 iteration 8
0 0
1 4
2 7
3 7
4 16
5 24
6 52
7 54
8 58
9 48
10 60
11 56
12 38
13 33
14 33
15 39
16 29
17 26
18 17
19 8
20 10
21 8
22 1
23 3
24 1
25 0
26 0
last timestep 26
node 880 iteration 9
0 0
1 3
2 8
3 19
4 18
5 36
6 42
7 65
8 98
9 77
10 95
11 119
12 94
13 67
14 36
15 29
16 10
17 6
18 7
19 8
20 9
21 6
22 3
23 5
24 4
25 1
26 2
27 3
28 0
29 2
30 0
last timestep 30
