node 812 iteration 0
0 0
1 0
2 0
last timestep 2
node 812 iteration 1
0 0
1 2
2 8
3 7
4 2
5 3
6 7
7 6
8 14
9 13
10 20
11 15
12 20
13 38
14 46
15 44
16 66
17 75
18 74
19 54
20 51
21 41
22 35
23 48
24 45
25 39
26 18
27 10
28 7
29 6
30 4
31 3
32 2
33 3
34 1
35 1
36 0
37 0
last timestep 37
node 812 iteration 2
0 0
1 2
2 0
3 4
4 4
5 7
6 23
7 32
8 34
9 49
10 78
11 96
12 94
13 128
14 115
15 107
16 81
17 38
18 30
19 19
20 20
21 15
22 6
23 4
24 4
25 0
last timestep 25
node 812 iteration 3
0 0
1 1
2 3
3 3
4 8
5 12
6 19
7 29
8 40
9 71
10 80
11 108
12 118
13 106
14 81
15 52
16 23
17 15
18 10
19 10
20 4
21 5
22 0
23 1
24 1
25 2
26 1
27 4
28 2
29 3
30 3
31 0
last timestep 31
node 812 iteration 4
0 0
1 0
2 0
last timestep 2
node 812 iteration 5
0 0
1 1
2 4
3 4
4 3
5 10
6 8
7 14
8 15
9 32
10 23
11 26
12 32
13 30
14 49
15 55
16 74
17 83
18 81
19 68
20 65
21 50
22 56
23 40
24 25
25 15
26 7
27 4
28 3
29 0
30 0
last timestep 30
node 812 iteration 6
0 0
1 0
2 0
last timestep 2
node 812 iteration 7
0 0
1 2
2 6
3 6
4 9
5 9
6 24
7 37
8 64
9 77
10 86
11 111
12 98
13 87
14 67
15 45
16 37
17 31
18 25
19 17
20 10
21 4
22 1
23 0
24 0
last timestep 24
node 812 iteration 8
0 0
1 0
2 0
last timestep 2
node 812 iteration 9
0 0
1 0
2 0
last timestep 2
