node 559 iteration 0
0 0
1 4
2 6
3 9
4 12
5 8
6 23
7 21
8 38
9 56
10 46
11 63
12 64
13 72
14 60
15 71
16 57
17 42
18 26
19 25
20 16
21 11
22 12
23 12
24 4
25 1
26 1
27 0
28 0
last timestep 28
node 559 iteration 1
0 0
1 8
2 20
3 24
4 41
5 55
6 72
7 88
8 108
9 83
10 81
11 46
12 61
13 27
14 30
15 22
16 9
17 7
18 5
19 6
20 2
21 5
22 4
23 3
24 0
25 0
last timestep 25
node 559 iteration 2
0 0
1 5
2 8
3 14
4 38
5 76
6 86
7 91
8 124
9 117
10 79
11 57
12 35
13 30
14 23
15 16
16 13
17 9
18 8
19 3
20 1
21 0
22 0
last timestep 22
node 559 iteration 3
0 0
1 3
2 8
3 3
4 7
5 3
6 5
7 8
8 19
9 25
10 37
11 75
12 83
13 72
14 93
15 85
16 69
17 46
18 29
19 36
20 23
21 19
22 9
23 14
24 9
25 6
26 2
27 1
28 1
29 1
30 0
31 0
last timestep 31
node 559 iteration 4
0 0
1 1
2 0
3 0
last timestep 3
node 559 iteration 5
0 0
1 3
2 4
3 8
4 10
5 4
6 7
7 8
8 25
9 25
10 31
11 41
12 46
13 61
14 92
15 101
16 101
17 72
18 69
19 47
20 45
21 19
22 15
23 6
24 1
25 0
26 0
last timestep 26
node 559 iteration 6
0 0
1 2
2 1
3 4
4 7
5 6
6 20
7 31
8 42
9 66
10 76
11 64
12 62
13 88
14 72
15 49
16 30
17 28
18 12
19 11
20 8
21 8
22 13
23 4
24 3
25 3
26 1
27 0
28 0
last timestep 28
node 559 iteration 7
0 0
1 3
2 4
3 9
4 5
5 11
6 14
7 36
8 47
9 59
10 70
11 64
12 85
13 80
14 59
15 61
16 58
17 35
18 41
19 29
20 29
21 21
22 20
23 12
24 7
25 5
26 4
27 4
28 4
29 2
30 0
31 1
32 0
last timestep 32
node 559 iteration 8
0 0
1 2
2 7
3 16
4 13
5 11
6 18
7 39
8 46
9 64
10 70
11 72
12 100
13 62
14 73
15 61
16 48
17 38
18 20
19 12
20 9
21 6
22 5
23 3
24 0
25 2
26 3
27 1
28 0
last timestep 28
node 559 iteration 9
0 0
1 13
2 19
3 23
4 35
5 35
6 55
7 81
8 79
9 79
10 88
11 68
12 58
13 44
14 30
15 23
16 14
17 14
18 6
19 7
20 6
21 2
22 0
23 0
last timestep 23
