node 723 iteration 0
0 0
1 1
2 2
3 2
4 1
5 1
6 5
7 6
8 7
9 10
10 10
11 16
12 11
13 15
14 18
15 14
16 13
17 22
18 24
19 26
20 32
21 49
22 40
23 42
24 38
25 44
26 35
27 36
28 27
29 25
30 32
31 19
32 16
33 12
34 10
35 7
36 7
37 2
38 1
39 2
40 2
41 3
42 2
43 1
44 2
45 1
46 1
47 4
48 6
49 5
50 2
51 2
52 0
53 0
last timestep 53
node 723 iteration 1
0 0
1 2
2 2
3 3
4 6
5 18
6 21
7 31
8 39
9 46
10 62
11 80
12 73
13 69
14 53
15 46
16 31
17 35
18 30
19 23
20 11
21 11
22 4
23 1
24 5
25 3
26 3
27 5
28 6
29 4
30 0
31 0
last timestep 31
node 723 iteration 2
0 0
1 2
2 3
3 1
4 2
5 0
6 0
last timestep 6
node 723 iteration 3
0 0
1 1
2 0
3 0
last timestep 3
node 723 iteration 4
0 0
1 0
2 0
last timestep 2
node 723 iteration 5
0 0
1 2
2 4
3 3
4 6
5 5
6 12
7 18
8 27
9 45
10 60
11 64
12 82
13 98
14 100
15 86
16 71
17 43
18 34
19 18
20 13
21 12
22 19
23 9
24 6
25 2
26 1
27 0
28 0
last timestep 28
node 723 iteration 6
0 0
1 1
2 1
3 0
4 0
last timestep 4
node 723 iteration 7
0 0
1 0
2 0
last timestep 2
node 723 iteration 8
0 0
1 2
2 7
3 13
4 18
5 17
6 26
7 46
8 49
9 64
10 73
11 93
12 72
13 74
14 64
15 43
16 18
17 12
18 7
19 7
20 3
21 2
22 0
23 0
last timestep 23
node 723 iteration 9
0 0
1 2
2 5
3 2
4 3
5 1
6 1
7 2
8 5
9 13
10 18
11 50
12 47
13 77
14 79
15 87
16 89
17 93
18 67
19 53
20 37
21 22
22 18
23 17
24 10
25 8
26 8
27 2
28 2
29 2
30 0
31 0
last timestep 31
