node 1084 iteration 0
0 0
1 3
2 9
3 10
4 13
5 39
6 57
7 62
8 67
9 84
10 107
11 83
12 66
13 76
14 48
15 36
16 18
17 11
18 5
19 2
20 1
21 2
22 0
23 0
last timestep 23
node 1084 iteration 1
0 0
1 3
2 2
3 7
4 9
5 13
6 18
7 17
8 26
9 36
10 42
11 84
12 95
13 100
14 94
15 100
16 79
17 60
18 41
19 19
20 14
21 9
22 6
23 6
24 10
25 7
26 6
27 6
28 4
29 5
30 4
31 0
32 0
last timestep 32
node 1084 iteration 2
0 0
1 4
2 2
3 4
4 6
5 16
6 14
7 22
8 31
9 57
10 68
11 70
12 89
13 72
14 77
15 64
16 35
17 26
18 40
19 27
20 19
21 19
22 15
23 13
24 13
25 12
26 4
27 2
28 1
29 0
30 0
last timestep 30
node 1084 iteration 3
0 0
1 2
2 3
3 4
4 6
5 7
6 10
7 11
8 19
9 38
10 49
11 83
12 94
13 98
14 86
15 73
16 64
17 50
18 50
19 39
20 29
21 19
22 6
23 6
24 1
25 0
26 0
last timestep 26
node 1084 iteration 4
0 0
1 3
2 1
3 2
4 0
5 0
last timestep 5
node 1084 iteration 5
0 0
1 2
2 1
3 3
4 5
5 11
6 9
7 23
8 32
9 53
10 63
11 100
12 108
13 125
14 105
15 82
16 63
17 41
18 26
19 17
20 17
21 8
22 11
23 7
24 1
25 0
26 0
last timestep 26
node 1084 iteration 6
0 0
1 1
2 2
3 6
4 4
5 8
6 5
7 6
8 20
9 34
10 46
11 74
12 90
13 109
14 98
15 95
16 67
17 43
18 28
19 17
20 9
21 8
22 3
23 2
24 4
25 1
26 0
27 0
last timestep 27
node 1084 iteration 7
0 0
1 1
2 2
3 3
4 4
5 3
6 2
7 4
8 2
9 5
10 7
11 5
12 6
13 5
14 2
15 5
16 10
17 17
18 21
19 26
20 25
21 43
22 59
23 74
24 89
25 79
26 68
27 62
28 54
29 28
30 24
31 20
32 13
33 5
34 4
35 3
36 0
37 0
last timestep 37
node 1084 iteration 8
0 0
1 3
2 7
3 16
4 26
5 46
6 59
7 76
8 105
9 82
10 66
11 51
12 59
13 53
14 36
15 27
16 16
17 15
18 12
19 10
20 14
21 13
22 5
23 3
24 1
25 2
26 1
27 0
28 0
last timestep 28
node 1084 iteration 9
0 0
1 1
2 2
3 2
4 2
5 0
6 0
last timestep 6
