node 710 iteration 0
0 0
1 2
2 4
3 2
4 0
5 0
last timestep 5
node 710 iteration 1
0 0
1 1
2 1
3 0
4 0
last timestep 4
node 710 iteration 2
0 0
1 2
2 3
3 3
4 3
5 1
6 2
7 0
8 0
last timestep 8
node 710 iteration 3
0 0
1 2
2 3
3 4
4 5
5 2
6 4
7 5
8 6
9 13
10 32
11 39
12 42
13 63
14 75
15 92
16 66
17 82
18 72
19 62
20 54
21 26
22 33
23 21
24 8
25 5
26 0
27 0
last timestep 27
node 710 iteration 4
0 0
1 1
2 0
3 0
last timestep 3
node 710 iteration 5
0 0
1 3
2 7
3 7
4 6
5 2
6 4
7 1
8 3
9 1
10 3
11 7
12 9
13 24
14 37
15 39
16 54
17 58
18 48
19 70
20 58
21 35
22 45
23 45
24 34
25 32
26 30
27 34
28 18
29 22
30 6
31 2
32 5
33 3
34 2
35 0
36 0
last timestep 36
node 710 iteration 6
0 0
1 1
2 2
3 0
4 0
last timestep 4
node 710 iteration 7
0 0
1 4
2 2
3 4
4 6
5 13
6 28
7 39
8 51
9 60
10 53
11 85
12 91
13 89
14 71
15 55
16 42
17 25
18 17
19 13
20 14
21 16
22 14
23 8
24 3
25 2
26 2
27 3
28 3
29 0
30 0
last timestep 30
node 710 iteration 8
0 0
1 2
2 3
3 10
4 10
5 17
6 31
7 44
8 55
9 59
10 81
11 84
12 90
13 105
14 89
15 56
16 34
17 36
18 33
19 17
20 10
21 3
22 2
23 0
24 0
last timestep 24
node 710 iteration 9
0 0
1 2
2 3
3 10
4 9
5 5
6 6
7 4
8 6
9 5
10 6
11 13
12 33
13 43
14 63
15 72
16 83
17 96
18 85
19 65
20 53
21 41
22 42
23 32
24 16
25 12
26 5
27 4
28 2
29 0
30 0
last timestep 30
