node 774 iteration 0
0 0
1 1
2 0
3 0
last timestep 3
node 774 iteration 1
0 0
1 1
2 1
3 0
4 0
last timestep 4
node 774 iteration 2
0 0
1 2
2 8
3 13
4 17
5 23
6 22
7 44
8 49
9 50
10 61
11 77
12 85
13 77
14 63
15 32
16 21
17 10
18 8
19 8
20 14
21 8
22 6
23 3
24 1
25 1
26 2
27 0
28 0
last timestep 28
node 774 iteration 3
0 0
1 7
2 7
3 13
4 22
5 42
6 46
7 58
8 65
9 89
10 98
11 90
12 78
13 45
14 29
15 18
16 10
17 13
18 11
19 7
20 2
21 0
22 0
last timestep 22
node 774 iteration 4
0 0
1 0
2 0
last timestep 2
node 774 iteration 5
0 0
1 3
2 6
3 9
4 17
5 28
6 47
7 100
8 106
9 97
10 88
11 59
12 37
13 46
14 37
15 35
16 23
17 18
18 15
19 15
20 10
21 6
22 4
23 4
24 7
25 5
26 3
27 1
28 0
29 0
last timestep 29
node 774 iteration 6
0 0
1 1
2 0
3 0
last timestep 3
node 774 iteration 7
0 0
1 2
2 3
3 7
4 21
5 30
6 25
7 42
8 50
9 58
10 73
11 83
12 84
13 74
14 73
15 43
16 42
17 20
18 36
19 20
20 10
21 3
22 1
23 1
24 0
25 2
26 1
27 0
last timestep 27
node 774 iteration 8
0 0
1 4
2 6
3 29
4 32
5 59
6 90
7 98
8 109
9 109
10 89
11 74
12 37
13 22
14 22
15 11
16 9
17 1
18 2
19 1
20 0
21 0
last timestep 21
node 774 iteration 9
0 0
1 4
2 22
3 26
4 51
5 93
6 113
7 106
8 95
9 81
10 62
11 43
12 21
13 19
14 11
15 2
16 0
17 0
last timestep 17
