node 475 iteration 0
0 0
1 5
2 17
3 24
4 59
5 83
6 101
7 101
8 80
9 73
10 82
11 55
12 51
13 41
14 40
15 22
16 20
17 11
18 3
19 1
20 0
21 0
last timestep 21
node 475 iteration 1
0 0
1 3
2 6
3 10
4 12
5 10
6 12
7 27
8 51
9 42
10 66
11 76
12 105
13 123
14 113
15 88
16 55
17 27
18 18
19 12
20 6
21 3
22 7
23 4
24 3
25 4
26 3
27 2
28 3
29 0
30 0
last timestep 30
node 475 iteration 2
0 0
1 3
2 2
3 5
4 10
5 12
6 24
7 20
8 45
9 63
10 73
11 88
12 109
13 99
14 117
15 68
16 43
17 27
18 14
19 8
20 4
21 1
22 0
23 0
last timestep 23
node 475 iteration 3
0 0
1 1
2 2
3 2
4 3
5 5
6 9
7 17
8 31
9 48
10 67
11 71
12 85
13 74
14 79
15 82
16 78
17 57
18 32
19 18
20 8
21 5
22 3
23 3
24 4
25 0
26 0
last timestep 26
node 475 iteration 4
0 0
1 2
2 6
3 10
4 5
5 8
6 11
7 19
8 46
9 64
10 86
11 115
12 130
13 102
14 97
15 85
16 56
17 46
18 27
19 13
20 7
21 2
22 0
23 0
last timestep 23
node 475 iteration 5
0 0
1 1
2 1
3 1
4 2
5 2
6 2
7 1
8 7
9 12
10 27
11 38
12 67
13 98
14 135
15 106
16 96
17 70
18 46
19 25
20 24
21 18
22 12
23 7
24 6
25 3
26 0
27 0
last timestep 27
node 475 iteration 6
0 0
1 2
2 7
3 7
4 27
5 33
6 42
7 49
8 73
9 96
10 93
11 79
12 62
13 52
14 32
15 39
16 26
17 20
18 18
19 16
20 14
21 13
22 15
23 9
24 3
25 6
26 3
27 1
28 1
29 1
30 0
31 0
last timestep 31
node 475 iteration 7
0 0
1 1
2 2
3 0
4 0
last timestep 4
node 475 iteration 8
0 0
1 0
2 0
last timestep 2
node 475 iteration 9
0 0
1 3
2 8
3 22
4 36
5 39
6 62
7 76
8 79
9 75
10 98
11 89
12 64
13 46
14 40
15 26
16 16
17 10
18 6
19 3
20 2
21 1
22 0
23 1
24 0
last timestep 24
