node 996 iteration 0
0 0
1 5
2 27
3 27
4 49
5 46
6 67
7 82
8 114
9 109
10 82
11 65
12 44
13 40
14 33
15 13
16 5
17 2
18 1
19 0
20 0
last timestep 20
node 996 iteration 1
0 0
1 6
2 8
3 3
4 4
5 5
6 12
7 18
8 26
9 33
10 50
11 68
12 94
13 108
14 99
15 84
16 71
17 52
18 41
19 21
20 20
21 9
22 7
23 7
24 5
25 0
26 1
27 0
last timestep 27
node 996 iteration 2
0 0
1 4
2 4
3 7
4 6
5 15
6 30
7 46
8 59
9 91
10 94
11 99
12 106
13 99
14 69
15 56
16 41
17 22
18 15
19 6
20 4
21 0
22 0
last timestep 22
node 996 iteration 3
0 0
1 6
2 6
3 6
4 3
5 3
6 10
7 17
8 12
9 8
10 9
11 10
12 14
13 9
14 10
15 9
16 13
17 11
18 14
19 28
20 30
21 43
22 51
23 52
24 66
25 52
26 55
27 58
28 63
29 29
30 20
31 10
32 3
33 5
34 4
35 1
36 0
37 0
last timestep 37
node 996 iteration 4
0 0
1 5
2 12
3 17
4 27
5 44
6 57
7 66
8 56
9 88
10 100
11 102
12 68
13 52
14 35
15 31
16 16
17 11
18 4
19 5
20 6
21 5
22 2
23 0
24 1
25 1
26 2
27 0
last timestep 27
node 996 iteration 5
0 0
1 2
2 4
3 11
4 26
5 35
6 52
7 67
8 75
9 83
10 87
11 68
12 62
13 64
14 41
15 35
16 27
17 28
18 23
19 15
20 12
21 17
22 15
23 10
24 5
25 1
26 2
27 1
28 0
29 0
last timestep 29
node 996 iteration 6
0 0
1 4
2 3
3 4
4 9
5 13
6 9
7 11
8 12
9 40
10 53
11 60
12 65
13 55
14 48
15 37
16 42
17 31
18 29
19 26
20 32
21 22
22 30
23 17
24 8
25 4
26 2
27 2
28 2
29 1
30 0
31 0
last timestep 31
node 996 iteration 7
0 0
1 6
2 11
3 17
4 26
5 43
6 47
7 67
8 88
9 113
10 97
11 96
12 63
13 38
14 29
15 18
16 16
17 11
18 5
19 3
20 1
21 3
22 1
23 0
24 0
last timestep 24
node 996 iteration 8
0 0
1 5
2 22
3 34
4 33
5 54
6 77
7 64
8 71
9 92
10 78
11 76
12 56
13 51
14 47
15 26
16 12
17 6
18 6
19 3
20 3
21 2
22 2
23 0
24 0
last timestep 24
node 996 iteration 9
0 0
1 1
2 0
3 0
last timestep 3
