node 21 iteration 0
0 0
1 0
2 0
last timestep 2
node 21 iteration 1
0 0
1 1
2 1
3 1
4 1
5 3
6 0
7 0
last timestep 7
node 21 iteration 2
0 0
1 3
2 4
3 2
4 2
5 3
6 8
7 13
8 16
9 19
10 30
11 29
12 43
13 35
14 43
15 57
16 62
17 59
18 53
19 64
20 55
21 45
22 22
23 18
24 13
25 4
26 7
27 2
28 0
29 0
last timestep 29
node 21 iteration 3
0 0
1 1
2 5
3 8
4 8
5 18
6 50
7 63
8 72
9 104
10 120
11 117
12 102
13 69
14 40
15 21
16 10
17 6
18 9
19 6
20 4
21 4
22 0
23 1
24 0
last timestep 24
node 21 iteration 4
0 0
1 2
2 1
3 1
4 1
5 4
6 1
7 2
8 3
9 7
10 9
11 19
12 32
13 23
14 44
15 73
16 92
17 84
18 86
19 66
20 74
21 46
22 48
23 46
24 25
25 19
26 13
27 15
28 19
29 11
30 13
31 4
32 2
33 2
34 0
35 0
last timestep 35
node 21 iteration 5
0 0
1 1
2 2
3 4
4 2
5 1
6 3
7 6
8 7
9 13
10 16
11 20
12 15
13 25
14 39
15 72
16 98
17 137
18 112
19 78
20 54
21 38
22 29
23 20
24 12
25 10
26 6
27 4
28 1
29 0
30 0
last timestep 30
node 21 iteration 6
0 0
1 2
2 1
3 3
4 4
5 3
6 1
7 2
8 1
9 0
10 0
last timestep 10
node 21 iteration 7
0 0
1 2
2 2
3 4
4 1
5 6
6 9
7 22
8 35
9 43
10 52
11 77
12 83
13 76
14 77
15 82
16 69
17 56
18 54
19 43
20 41
21 29
22 23
23 6
24 5
25 5
26 3
27 0
28 0
last timestep 28
node 21 iteration 8
0 0
1 3
2 3
3 5
4 5
5 2
6 1
7 1
8 2
9 5
10 4
11 1
12 3
13 6
14 12
15 32
16 36
17 43
18 71
19 68
20 71
21 92
22 64
23 59
24 36
25 34
26 15
27 6
28 6
29 3
30 3
31 4
32 1
33 1
34 1
35 0
36 0
last timestep 36
node 21 iteration 9
0 0
1 0
2 1
3 0
last timestep 3
