node 284 iteration 0
0 0
1 3
2 5
3 3
4 4
5 5
6 2
7 3
8 0
9 0
last timestep 9
node 284 iteration 1
0 0
1 4
2 6
3 14
4 15
5 22
6 13
7 19
8 20
9 20
10 38
11 40
12 38
13 57
14 59
15 73
16 76
17 71
18 57
19 42
20 31
21 25
22 10
23 11
24 2
25 3
26 2
27 0
28 0
last timestep 28
node 284 iteration 2
0 0
1 7
2 9
3 15
4 24
5 27
6 29
7 39
8 71
9 96
10 102
11 97
12 85
13 72
14 63
15 39
16 30
17 12
18 4
19 1
20 2
21 2
22 2
23 1
24 0
25 0
last timestep 25
node 284 iteration 3
0 0
1 2
2 0
3 0
last timestep 3
node 284 iteration 4
0 0
1 3
2 1
3 7
4 8
5 13
6 28
7 25
8 39
9 44
10 66
11 64
12 74
13 73
14 61
15 51
16 47
17 45
18 33
19 35
20 13
21 14
22 6
23 0
24 1
25 0
last timestep 25
node 284 iteration 5
0 0
1 5
2 4
3 2
4 0
5 0
last timestep 5
node 284 iteration 6
0 0
1 6
2 7
3 6
4 8
5 17
6 23
7 23
8 35
9 40
10 52
11 67
12 105
13 109
14 93
15 69
16 52
17 38
18 31
19 24
20 15
21 12
22 7
23 4
24 1
25 0
26 0
last timestep 26
node 284 iteration 7
0 0
1 0
2 0
last timestep 2
node 284 iteration 8
0 0
1 4
2 1
3 0
4 0
last timestep 4
node 284 iteration 9
0 0
1 5
2 10
3 8
4 9
5 12
6 14
7 20
8 25
9 35
10 51
11 61
12 45
13 44
14 41
15 31
16 38
17 37
18 29
19 26
20 18
21 7
22 11
23 11
24 10
25 2
26 1
27 0
28 0
last timestep 28
