node 1748 iteration 0
0 0
1 2
2 4
3 9
4 8
5 9
6 8
7 13
8 23
9 34
10 38
11 43
12 56
13 69
14 88
15 88
16 93
17 72
18 57
19 44
20 32
21 24
22 15
23 7
24 6
25 4
26 2
27 2
28 1
29 0
30 0
last timestep 30
node 1748 iteration 1
0 0
1 3
2 9
3 7
4 16
5 39
6 63
7 68
8 72
9 64
10 56
11 55
12 44
13 54
14 54
15 38
16 27
17 18
18 18
19 9
20 9
21 4
22 3
23 3
24 0
25 0
last timestep 25
node 1748 iteration 2
0 0
1 2
2 1
3 2
4 8
5 10
6 29
7 30
8 35
9 51
10 75
11 107
12 110
13 90
14 71
15 55
16 43
17 33
18 30
19 20
20 12
21 16
22 14
23 5
24 3
25 2
26 0
27 0
last timestep 27
node 1748 iteration 3
0 0
1 2
2 5
3 9
4 16
5 24
6 21
7 28
8 40
9 48
10 85
11 91
12 75
13 71
14 61
15 41
16 34
17 29
18 22
19 35
20 32
21 11
22 6
23 5
24 2
25 3
26 0
27 0
last timestep 27
node 1748 iteration 4
0 0
1 2
2 2
3 1
4 1
5 3
6 1
7 1
8 2
9 3
10 1
11 0
12 0
last timestep 12
node 1748 iteration 5
0 0
1 1
2 1
3 2
4 1
5 1
6 0
7 0
last timestep 7
node 1748 iteration 6
0 0
1 5
2 14
3 10
4 19
5 21
6 31
7 50
8 45
9 63
10 76
11 78
12 86
13 78
14 79
15 56
16 32
17 24
18 10
19 8
20 6
21 5
22 3
23 0
24 0
last timestep 24
node 1748 iteration 7
0 0
1 1
2 0
3 2
4 6
5 4
6 6
7 8
8 11
9 15
10 12
11 17
12 22
13 36
14 42
15 60
16 62
17 72
18 85
19 71
20 54
21 39
22 30
23 34
24 34
25 36
26 25
27 28
28 19
29 12
30 4
31 3
32 1
33 0
last timestep 33
node 1748 iteration 8
0 0
1 2
2 2
3 1
4 4
5 5
6 6
7 15
8 27
9 34
10 32
11 34
12 38
13 51
14 65
15 82
16 95
17 84
18 68
19 48
20 32
21 27
22 20
23 14
24 16
25 6
26 5
27 1
28 1
29 1
30 1
31 0
32 0
last timestep 32
node 1748 iteration 9
0 0
1 3
2 2
3 3
4 6
5 2
6 2
7 2
8 3
9 4
10 13
11 28
12 30
13 40
14 46
15 43
16 51
17 59
18 80
19 84
20 77
21 52
22 35
23 29
24 37
25 23
26 13
27 10
28 10
29 5
30 6
31 2
32 0
33 0
last timestep 33
