node 1491 iteration 0
0 0
1 5
2 1
3 0
4 0
last timestep 4
node 1491 iteration 1
0 0
1 5
2 6
3 15
4 8
5 8
6 8
7 16
8 21
9 23
10 15
11 24
12 51
13 60
14 66
15 87
16 82
17 62
18 45
19 37
20 25
21 25
22 18
23 12
24 14
25 9
26 6
27 2
28 3
29 3
30 1
31 0
32 0
last timestep 32
node 1491 iteration 2
0 0
1 6
2 11
3 9
4 8
5 10
6 23
7 42
8 38
9 40
10 49
11 80
12 80
13 87
14 79
15 52
16 58
17 47
18 35
19 13
20 11
21 10
22 7
23 6
24 4
25 5
26 3
27 0
28 0
last timestep 28
node 1491 iteration 3
0 0
1 2
2 3
3 7
4 17
5 42
6 58
7 84
8 98
9 115
10 118
11 112
12 84
13 48
14 35
15 29
16 7
17 10
18 4
19 2
20 0
21 0
last timestep 21
node 1491 iteration 4
0 0
1 4
2 20
3 24
4 34
5 61
6 63
7 82
8 85
9 84
10 73
11 52
12 36
13 33
14 26
15 16
16 16
17 12
18 4
19 0
20 0
last timestep 20
node 1491 iteration 5
0 0
1 3
2 9
3 10
4 13
5 28
6 30
7 40
8 64
9 74
10 71
11 63
12 74
13 61
14 56
15 61
16 37
17 28
18 15
19 11
20 2
21 0
22 1
23 0
last timestep 23
node 1491 iteration 6
0 0
1 4
2 0
3 0
last timestep 3
node 1491 iteration 7
0 0
1 4
2 4
3 4
4 2
5 1
6 1
7 1
8 2
9 7
10 3
11 4
12 9
13 9
14 35
15 45
16 52
17 89
18 98
19 91
20 83
21 58
22 46
23 30
24 17
25 10
26 4
27 11
28 5
29 2
30 4
31 4
32 3
33 7
34 3
35 2
36 1
37 2
38 1
39 0
40 0
last timestep 40
node 1491 iteration 8
0 0
1 6
2 2
3 0
4 3
5 4
6 8
7 11
8 20
9 19
10 37
11 53
12 68
13 78
14 81
15 108
16 84
17 56
18 33
19 24
20 14
21 7
22 11
23 6
24 6
25 3
26 0
last timestep 26
node 1491 iteration 9
0 0
1 7
2 2
3 4
4 3
5 7
6 9
7 8
8 5
9 11
10 21
11 34
12 41
13 54
14 52
15 75
16 66
17 86
18 59
19 58
20 54
21 46
22 24
23 18
24 14
25 8
26 6
27 8
28 9
29 8
30 7
31 9
32 3
33 5
34 1
35 0
36 0
last timestep 36
