node 1688 iteration 0
0 0
1 3
2 6
3 19
4 24
5 55
6 51
7 93
8 90
9 89
10 88
11 73
12 57
13 46
14 31
15 24
16 22
17 15
18 7
19 3
20 7
21 1
22 3
23 2
24 1
25 3
26 0
27 2
28 0
last timestep 28
node 1688 iteration 1
0 0
1 2
2 6
3 7
4 11
5 20
6 18
7 17
8 18
9 25
10 61
11 45
12 40
13 65
14 72
15 78
16 66
17 53
18 59
19 48
20 40
21 40
22 29
23 18
24 15
25 4
26 2
27 1
28 2
29 1
30 0
31 0
last timestep 31
node 1688 iteration 2
0 0
1 1
2 0
3 0
last timestep 3
node 1688 iteration 3
0 0
1 1
2 2
3 10
4 19
5 21
6 30
7 39
8 47
9 72
10 67
11 90
12 75
13 72
14 55
15 41
16 29
17 23
18 18
19 16
20 6
21 8
22 5
23 5
24 3
25 1
26 1
27 0
28 0
last timestep 28
node 1688 iteration 4
0 0
1 1
2 4
3 5
4 6
5 6
6 10
7 24
8 31
9 69
10 92
11 97
12 120
13 96
14 90
15 86
16 51
17 29
18 11
19 6
20 4
21 2
22 0
23 0
last timestep 23
node 1688 iteration 5
0 0
1 3
2 3
3 0
4 2
5 0
last timestep 5
node 1688 iteration 6
0 0
1 4
2 3
3 4
4 2
5 4
6 8
7 20
8 45
9 73
10 91
11 116
12 108
13 91
14 91
15 58
16 51
17 33
18 26
19 13
20 11
21 13
22 10
23 1
24 2
25 1
26 2
27 1
28 1
29 0
30 1
31 0
last timestep 31
node 1688 iteration 7
0 0
1 2
2 1
3 0
4 0
last timestep 4
node 1688 iteration 8
0 0
1 3
2 3
3 3
4 12
5 27
6 39
7 57
8 57
9 60
10 59
11 45
12 55
13 61
14 47
15 27
16 24
17 30
18 24
19 28
20 26
21 11
22 10
23 5
24 0
25 1
26 0
last timestep 26
node 1688 iteration 9
0 0
1 2
2 3
3 3
4 0
5 0
last timestep 5
