node 1160 iteration 0
0 0
1 2
2 8
3 6
4 6
5 3
6 3
7 8
8 5
9 2
10 10
11 10
12 17
13 23
14 23
15 28
16 25
17 36
18 60
19 62
20 91
21 85
22 91
23 87
24 71
25 54
26 38
27 21
28 7
29 4
30 3
31 1
32 0
33 1
34 0
last timestep 34
node 1160 iteration 1
0 0
1 4
2 21
3 24
4 31
5 45
6 52
7 69
8 72
9 82
10 82
11 86
12 61
13 43
14 21
15 12
16 12
17 8
18 15
19 12
20 7
21 2
22 2
23 2
24 3
25 1
26 0
27 0
last timestep 27
node 1160 iteration 2
0 0
1 0
2 0
last timestep 2
node 1160 iteration 3
0 0
1 4
2 5
3 5
4 4
5 4
6 14
7 8
8 17
9 12
10 25
11 29
12 39
13 55
14 71
15 89
16 100
17 89
18 85
19 74
20 55
21 36
22 24
23 16
24 2
25 0
26 0
last timestep 26
node 1160 iteration 4
0 0
1 2
2 0
3 0
last timestep 3
node 1160 iteration 5
0 0
1 2
2 3
3 3
4 3
5 4
6 6
7 9
8 11
9 15
10 33
11 34
12 53
13 64
14 71
15 87
16 81
17 68
18 64
19 80
20 54
21 42
22 28
23 19
24 6
25 6
26 4
27 2
28 2
29 1
30 2
31 0
32 0
last timestep 32
node 1160 iteration 6
0 0
1 1
2 3
3 5
4 9
5 8
6 14
7 12
8 12
9 10
10 17
11 22
12 32
13 36
14 74
15 78
16 78
17 95
18 83
19 55
20 29
21 17
22 12
23 7
24 6
25 5
26 2
27 1
28 0
29 0
last timestep 29
node 1160 iteration 7
0 0
1 0
2 3
3 0
last timestep 3
node 1160 iteration 8
0 0
1 1
2 2
3 1
4 1
5 0
6 0
last timestep 6
node 1160 iteration 9
0 0
1 4
2 6
3 3
4 8
5 5
6 9
7 7
8 4
9 13
10 14
11 19
12 24
13 50
14 64
15 103
16 99
17 70
18 47
19 35
20 41
21 45
22 37
23 33
24 19
25 22
26 8
27 5
28 7
29 2
30 2
31 1
32 0
33 0
last timestep 33
