node 1055 iteration 0
0 0
1 4
2 15
3 24
4 25
5 33
6 65
7 70
8 81
9 90
10 83
11 94
12 69
13 57
14 41
15 33
16 26
17 26
18 13
19 6
20 4
21 3
22 1
23 0
24 0
last timestep 24
node 1055 iteration 1
0 0
1 8
2 6
3 21
4 24
5 44
6 68
7 79
8 90
9 82
10 70
11 71
12 64
13 36
14 43
15 31
16 34
17 26
18 14
19 10
20 13
21 3
22 2
23 2
24 2
25 0
26 0
last timestep 26
node 1055 iteration 2
0 0
1 3
2 2
3 3
4 3
5 11
6 23
7 34
8 49
9 70
10 85
11 105
12 94
13 66
14 64
15 57
16 41
17 33
18 27
19 20
20 12
21 3
22 1
23 0
24 0
last timestep 24
node 1055 iteration 3
0 0
1 7
2 8
3 23
4 29
5 52
6 48
7 40
8 44
9 41
10 38
11 35
12 45
13 39
14 36
15 37
16 31
17 36
18 20
19 20
20 12
21 20
22 10
23 5
24 1
25 0
26 0
last timestep 26
node 1055 iteration 4
0 0
1 3
2 3
3 3
4 4
5 4
6 10
7 14
8 36
9 32
10 28
11 58
12 69
13 110
14 115
15 109
16 76
17 49
18 34
19 31
20 17
21 19
22 9
23 5
24 2
25 0
26 0
last timestep 26
node 1055 iteration 5
0 0
1 6
2 4
3 2
4 5
5 23
6 39
7 39
8 56
9 78
10 70
11 51
12 48
13 52
14 52
15 40
16 39
17 42
18 32
19 24
20 13
21 7
22 5
23 3
24 1
25 2
26 2
27 2
28 0
29 0
last timestep 29
node 1055 iteration 6
0 0
1 3
2 1
3 0
4 0
last timestep 4
node 1055 iteration 7
0 0
1 5
2 6
3 11
4 18
5 45
6 56
7 68
8 71
9 92
10 88
11 98
12 81
13 67
14 48
15 49
16 24
17 19
18 7
19 2
20 0
21 0
last timestep 21
node 1055 iteration 8
0 0
1 6
2 5
3 3
4 8
5 8
6 20
7 32
8 35
9 49
10 60
11 73
12 80
13 94
14 78
15 66
16 48
17 36
18 31
19 15
20 10
21 9
22 3
23 5
24 2
25 2
26 1
27 0
28 0
last timestep 28
node 1055 iteration 9
0 0
1 3
2 5
3 13
4 14
5 23
6 28
7 50
8 50
9 86
10 87
11 97
12 86
13 85
14 39
15 30
16 28
17 21
18 14
19 8
20 7
21 6
22 1
23 0
24 0
last timestep 24
