node 1719 iteration 0
0 0
1 1
2 0
3 0
last timestep 3
node 1719 iteration 1
0 0
1 2
2 16
3 19
4 29
5 33
6 65
7 66
8 70
9 97
10 101
11 88
12 60
13 40
14 37
15 20
16 19
17 10
18 14
19 8
20 3
21 5
22 4
23 2
24 0
25 1
26 3
27 0
last timestep 27
node 1719 iteration 2
0 0
1 4
2 6
3 4
4 5
5 7
6 10
7 20
8 25
9 42
10 52
11 62
12 70
13 84
14 61
15 51
16 49
17 38
18 27
19 19
20 27
21 28
22 18
23 15
24 13
25 6
26 6
27 7
28 3
29 0
30 0
last timestep 30
node 1719 iteration 3
0 0
1 7
2 9
3 8
4 7
5 6
6 7
7 18
8 13
9 22
10 29
11 55
12 99
13 113
14 106
15 94
16 76
17 77
18 56
19 37
20 28
21 18
22 19
23 12
24 5
25 8
26 3
27 0
28 0
last timestep 28
node 1719 iteration 4
0 0
1 2
2 0
3 0
last timestep 3
node 1719 iteration 5
0 0
1 0
2 0
last timestep 2
node 1719 iteration 6
0 0
1 2
2 0
3 1
4 4
5 8
6 22
7 29
8 41
9 54
10 70
11 92
12 106
13 101
14 68
15 64
16 39
17 36
18 26
19 12
20 1
21 2
22 2
23 2
24 6
25 4
26 6
27 3
28 1
29 1
30 0
last timestep 30
node 1719 iteration 7
0 0
1 0
2 0
last timestep 2
node 1719 iteration 8
0 0
1 2
2 1
3 1
4 0
5 0
last timestep 5
node 1719 iteration 9
0 0
1 2
2 0
3 0
last timestep 3
