node 1124 iteration 0
0 0
1 2
2 4
3 9
4 13
5 12
6 20
7 23
8 24
9 41
10 39
11 63
12 85
13 123
14 99
15 75
16 56
17 48
18 44
19 15
20 15
21 8
22 3
23 2
24 2
25 3
26 1
27 2
28 1
29 0
30 0
last timestep 30
node 1124 iteration 1
0 0
1 2
2 5
3 9
4 11
5 10
6 10
7 19
8 30
9 47
10 66
11 58
12 62
13 58
14 64
15 55
16 63
17 50
18 27
19 21
20 14
21 19
22 17
23 4
24 2
25 0
26 3
27 0
last timestep 27
node 1124 iteration 2
0 0
1 2
2 2
3 10
4 4
5 5
6 3
7 4
8 3
9 3
10 5
11 7
12 21
13 33
14 61
15 69
16 99
17 100
18 94
19 81
20 69
21 51
22 38
23 26
24 12
25 15
26 6
27 3
28 4
29 0
30 0
last timestep 30
node 1124 iteration 3
0 0
1 1
2 0
3 0
last timestep 3
node 1124 iteration 4
0 0
1 1
2 0
3 2
4 8
5 20
6 42
7 49
8 84
9 119
10 115
11 87
12 68
13 52
14 42
15 29
16 18
17 17
18 22
19 15
20 13
21 4
22 6
23 2
24 1
25 0
last timestep 25
node 1124 iteration 5
0 0
1 0
2 0
last timestep 2
node 1124 iteration 6
0 0
1 1
2 1
3 5
4 7
5 16
6 15
7 29
8 32
9 38
10 56
11 45
12 50
13 60
14 69
15 56
16 45
17 38
18 33
19 41
20 44
21 27
22 21
23 6
24 6
25 4
26 6
27 1
28 1
29 0
30 0
last timestep 30
node 1124 iteration 7
0 0
1 1
2 1
3 2
4 3
5 4
6 13
7 12
8 14
9 11
10 17
11 22
12 24
13 26
14 47
15 62
16 77
17 91
18 74
19 53
20 42
21 30
22 25
23 13
24 5
25 1
26 1
27 0
28 0
last timestep 28
node 1124 iteration 8
0 0
1 2
2 0
3 0
last timestep 3
node 1124 iteration 9
0 0
1 3
2 1
3 0
4 0
last timestep 4
