node 2598 iteration 0
0 0
1 1
2 8
3 4
4 4
5 4
6 6
7 2
8 2
9 6
10 10
11 12
12 15
13 28
14 37
15 53
16 66
17 61
18 79
19 74
20 46
21 44
22 41
23 38
24 37
25 23
26 28
27 12
28 9
29 8
30 3
31 4
32 1
33 3
34 0
35 0
last timestep 35
node 2598 iteration 1
0 0
1 2
2 10
3 19
4 18
5 38
6 54
7 57
8 70
9 75
10 80
11 89
12 94
13 65
14 49
15 25
16 16
17 11
18 10
19 7
20 6
21 3
22 3
23 1
24 0
25 0
last timestep 25
node 2598 iteration 2
0 0
1 5
2 13
3 33
4 44
5 61
6 63
7 64
8 68
9 66
10 74
11 93
12 67
13 47
14 18
15 18
16 13
17 7
18 6
19 1
20 0
21 0
last timestep 21
node 2598 iteration 3
0 0
1 2
2 1
3 4
4 10
5 5
6 8
7 10
8 28
9 28
10 34
11 50
12 69
13 72
14 78
15 91
16 70
17 76
18 72
19 36
20 30
21 24
22 20
23 13
24 11
25 10
26 3
27 2
28 4
29 1
30 0
31 0
last timestep 31
node 2598 iteration 4
0 0
1 1
2 1
3 6
4 9
5 12
6 14
7 8
8 22
9 21
10 23
11 60
12 68
13 79
14 78
15 79
16 59
17 46
18 36
19 25
20 15
21 15
22 10
23 16
24 15
25 13
26 13
27 9
28 5
29 2
30 1
31 0
32 0
last timestep 32
node 2598 iteration 5
0 0
1 3
2 3
3 15
4 17
5 37
6 52
7 64
8 69
9 64
10 90
11 94
12 82
13 65
14 42
15 36
16 25
17 8
18 9
19 3
20 1
21 0
22 0
last timestep 22
node 2598 iteration 6
0 0
1 2
2 7
3 14
4 20
5 40
6 53
7 69
8 84
9 88
10 90
11 71
12 84
13 82
14 56
15 42
16 23
17 17
18 4
19 0
20 0
last timestep 20
node 2598 iteration 7
0 0
1 0
2 4
3 2
4 4
5 4
6 12
7 21
8 44
9 44
10 59
11 93
12 98
13 103
14 53
15 45
16 34
17 27
18 26
19 12
20 14
21 10
22 4
23 5
24 1
25 1
26 0
last timestep 26
node 2598 iteration 8
0 0
1 2
2 4
3 6
4 7
5 7
6 10
7 6
8 15
9 22
10 45
11 51
12 58
13 68
14 109
15 115
16 86
17 69
18 34
19 23
20 8
21 9
22 3
23 4
24 4
25 3
26 3
27 4
28 0
29 0
last timestep 29
node 2598 iteration 9
0 0
1 4
2 4
3 11
4 19
5 36
6 63
7 88
8 98
9 112
10 128
11 107
12 77
13 55
14 45
15 37
16 18
17 9
18 7
19 2
20 1
21 0
22 0
last timestep 22
