node 1311 iteration 0
0 0
1 1
2 0
3 1
4 1
5 0
last timestep 5
node 1311 iteration 1
0 0
1 2
2 0
3 0
last timestep 3
node 1311 iteration 2
0 0
1 3
2 4
3 7
4 10
5 20
6 24
7 25
8 42
9 54
10 61
11 95
12 89
13 73
14 61
15 40
16 30
17 22
18 32
19 25
20 13
21 14
22 4
23 7
24 14
25 6
26 2
27 0
28 0
last timestep 28
node 1311 iteration 3
0 0
1 4
2 4
3 11
4 12
5 27
6 48
7 70
8 95
9 106
10 107
11 84
12 59
13 41
14 40
15 29
16 19
17 18
18 9
19 7
20 11
21 2
22 3
23 1
24 3
25 4
26 6
27 5
28 5
29 3
30 6
31 7
32 5
33 3
34 2
35 3
36 2
37 0
38 0
last timestep 38
node 1311 iteration 4
0 0
1 4
2 11
3 18
4 26
5 53
6 53
7 59
8 65
9 69
10 56
11 75
12 66
13 53
14 42
15 36
16 24
17 20
18 13
19 7
20 1
21 1
22 0
23 1
24 0
last timestep 24
node 1311 iteration 5
0 0
1 2
2 2
3 2
4 3
5 5
6 6
7 5
8 1
9 3
10 3
11 8
12 15
13 23
14 38
15 52
16 80
17 92
18 94
19 86
20 67
21 65
22 42
23 36
24 20
25 19
26 17
27 21
28 12
29 10
30 4
31 2
32 2
33 3
34 0
35 1
36 0
last timestep 36
node 1311 iteration 6
0 0
1 1
2 2
3 1
4 0
5 0
last timestep 5
node 1311 iteration 7
0 0
1 2
2 2
3 5
4 13
5 19
6 28
7 30
8 36
9 48
10 59
11 63
12 75
13 64
14 64
15 36
16 39
17 31
18 21
19 25
20 18
21 14
22 18
23 14
24 10
25 4
26 4
27 8
28 4
29 1
30 2
31 1
32 1
33 0
34 0
last timestep 34
node 1311 iteration 8
0 0
1 6
2 18
3 25
4 26
5 36
6 62
7 67
8 90
9 102
10 85
11 74
12 74
13 65
14 45
15 28
16 17
17 4
18 2
19 0
20 0
last timestep 20
node 1311 iteration 9
0 0
1 1
2 0
3 0
last timestep 3
