node 712 iteration 0
0 0
1 0
2 0
last timestep 2
node 712 iteration 1
0 0
1 1
2 3
3 2
4 1
5 4
6 9
7 14
8 17
9 23
10 27
11 56
12 52
13 66
14 83
15 95
16 70
17 69
18 44
19 21
20 13
21 12
22 11
23 4
24 4
25 3
26 4
27 1
28 0
29 0
last timestep 29
node 712 iteration 2
0 0
1 2
2 11
3 12
4 19
5 19
6 28
7 37
8 58
9 67
10 54
11 68
12 58
13 56
14 64
15 67
16 66
17 52
18 38
19 20
20 9
21 11
22 3
23 1
24 0
25 0
last timestep 25
node 712 iteration 3
0 0
1 1
2 2
3 0
4 0
last timestep 4
node 712 iteration 4
0 0
1 1
2 4
3 5
4 14
5 21
6 27
7 35
8 59
9 89
10 93
11 104
12 117
13 132
14 82
15 45
16 28
17 24
18 15
19 8
20 6
21 6
22 2
23 2
24 0
25 0
last timestep 25
node 712 iteration 5
0 0
1 2
2 0
3 0
last timestep 3
node 712 iteration 6
0 0
1 2
2 1
3 1
4 4
5 2
6 5
7 2
8 5
9 12
10 11
11 14
12 12
13 33
14 43
15 58
16 61
17 86
18 85
19 98
20 83
21 59
22 37
23 34
24 29
25 25
26 12
27 8
28 3
29 2
30 0
31 0
last timestep 31
node 712 iteration 7
0 0
1 0
2 0
last timestep 2
node 712 iteration 8
0 0
1 2
2 2
3 2
4 3
5 10
6 15
7 19
8 30
9 53
10 65
11 85
12 125
13 120
14 105
15 79
16 49
17 43
18 28
19 15
20 11
21 11
22 7
23 5
24 4
25 1
26 0
27 0
last timestep 27
node 712 iteration 9
0 0
1 0
2 0
last timestep 2
