node 223 iteration 0
0 0
1 0
2 0
last timestep 2
node 223 iteration 1
0 0
1 1
2 0
3 0
last timestep 3
node 223 iteration 2
0 0
1 3
2 3
3 8
4 5
5 10
6 5
7 9
8 9
9 16
10 24
11 52
12 55
13 66
14 73
15 108
16 97
17 65
18 42
19 30
20 33
21 26
22 13
23 5
24 3
25 1
26 3
27 0
28 0
last timestep 28
node 223 iteration 3
0 0
1 1
2 0
3 0
last timestep 3
node 223 iteration 4
0 0
1 1
2 0
3 0
last timestep 3
node 223 iteration 5
0 0
1 3
2 1
3 0
4 3
5 2
6 5
7 8
8 7
9 12
10 19
11 45
12 42
13 69
14 89
15 87
16 75
17 86
18 90
19 71
20 51
21 45
22 34
23 20
24 16
25 13
26 13
27 5
28 6
29 6
30 7
31 2
32 0
last timestep 32
node 223 iteration 6
0 0
1 2
2 4
3 3
4 1
5 3
6 3
7 5
8 16
9 13
10 21
11 33
12 59
13 108
14 103
15 121
16 108
17 73
18 50
19 41
20 34
21 17
22 4
23 8
24 5
25 9
26 3
27 2
28 1
29 1
30 0
31 0
last timestep 31
node 223 iteration 7
0 0
1 2
2 4
3 4
4 4
5 13
6 17
7 28
8 39
9 66
10 72
11 93
12 106
13 95
14 71
15 81
16 46
17 30
18 17
19 14
20 7
21 4
22 6
23 5
24 1
25 0
26 0
last timestep 26
node 223 iteration 8
0 0
1 5
2 3
3 3
4 3
5 2
6 5
7 4
8 4
9 10
10 15
11 26
12 45
13 60
14 88
15 120
16 105
17 108
18 78
19 68
20 39
21 32
22 12
23 13
24 9
25 6
26 4
27 2
28 0
29 0
last timestep 29
node 223 iteration 9
0 0
1 3
2 4
3 2
4 1
5 8
6 11
7 16
8 19
9 38
10 63
11 72
12 102
13 116
14 99
15 104
16 70
17 57
18 42
19 16
20 10
21 6
22 6
23 4
24 0
25 4
26 2
27 0
last timestep 27
