node 667 iteration 0
0 0
1 0
2 0
last timestep 2
node 667 iteration 1
0 0
1 1
2 1
3 2
4 0
5 0
last timestep 5
node 667 iteration 2
0 0
1 3
2 3
3 4
4 6
5 13
6 14
7 23
8 23
9 22
10 27
11 32
12 39
13 44
14 51
15 61
16 69
17 66
18 57
19 41
20 32
21 20
22 12
23 8
24 5
25 5
26 2
27 1
28 1
29 0
30 0
last timestep 30
node 667 iteration 3
0 0
1 4
2 11
3 15
4 16
5 29
6 43
7 56
8 75
9 66
10 68
11 68
12 58
13 43
14 46
15 37
16 46
17 21
18 22
19 24
20 20
21 11
22 6
23 6
24 9
25 3
26 1
27 0
28 0
last timestep 28
node 667 iteration 4
0 0
1 3
2 2
3 5
4 14
5 19
6 52
7 60
8 92
9 99
10 104
11 73
12 59
13 36
14 27
15 25
16 7
17 13
18 3
19 2
20 0
21 0
last timestep 21
node 667 iteration 5
0 0
1 1
2 0
3 0
last timestep 3
node 667 iteration 6
0 0
1 0
2 0
last timestep 2
node 667 iteration 7
0 0
1 3
2 4
3 3
4 6
5 11
6 13
7 28
8 41
9 47
10 57
11 66
12 61
13 63
14 65
15 48
16 32
17 31
18 29
19 36
20 32
21 48
22 38
23 28
24 16
25 7
26 4
27 4
28 2
29 1
30 1
31 2
32 1
33 0
34 0
last timestep 34
node 667 iteration 8
0 0
1 0
2 0
last timestep 2
node 667 iteration 9
0 0
1 2
2 1
3 1
4 1
5 2
6 4
7 5
8 9
9 15
10 24
11 13
12 18
13 41
14 46
15 65
16 68
17 70
18 68
19 65
20 60
21 34
22 31
23 32
24 33
25 21
26 18
27 6
28 11
29 4
30 4
31 1
32 0
33 0
last timestep 33
