node 253 iteration 0
0 0
1 5
2 5
3 7
4 11
5 13
6 14
7 21
8 25
9 29
10 30
11 49
12 46
13 50
14 78
15 62
16 64
17 58
18 39
19 30
20 21
21 10
22 5
23 2
24 2
25 4
26 2
27 0
28 0
last timestep 28
node 253 iteration 1
0 0
1 5
2 7
3 9
4 19
5 26
6 28
7 39
8 44
9 46
10 42
11 41
12 35
13 41
14 32
15 35
16 22
17 19
18 27
19 28
20 29
21 33
22 22
23 17
24 24
25 11
26 13
27 14
28 11
29 18
30 8
31 9
32 5
33 5
34 2
35 0
36 0
last timestep 36
node 253 iteration 2
0 0
1 1
2 8
3 22
4 30
5 34
6 57
7 79
8 74
9 100
10 93
11 68
12 59
13 33
14 41
15 38
16 17
17 13
18 3
19 3
20 2
21 2
22 1
23 0
24 0
last timestep 24
node 253 iteration 3
0 0
1 2
2 11
3 6
4 15
5 17
6 20
7 32
8 59
9 81
10 104
11 106
12 109
13 96
14 72
15 53
16 41
17 21
18 15
19 6
20 4
21 6
22 4
23 2
24 2
25 1
26 0
27 0
last timestep 27
node 253 iteration 4
0 0
1 4
2 10
3 20
4 43
5 49
6 65
7 70
8 97
9 94
10 83
11 69
12 57
13 28
14 30
15 22
16 24
17 17
18 5
19 2
20 3
21 3
22 4
23 0
24 0
last timestep 24
node 253 iteration 5
0 0
1 5
2 5
3 4
4 8
5 6
6 3
7 8
8 6
9 15
10 23
11 56
12 77
13 84
14 99
15 88
16 92
17 71
18 55
19 32
20 32
21 21
22 13
23 12
24 9
25 3
26 1
27 0
28 0
last timestep 28
node 253 iteration 6
0 0
1 1
2 0
3 1
4 5
5 7
6 12
7 14
8 20
9 38
10 43
11 46
12 59
13 72
14 81
15 99
16 101
17 97
18 67
19 47
20 39
21 20
22 10
23 7
24 5
25 1
26 0
last timestep 26
node 253 iteration 7
0 0
1 4
2 3
3 6
4 4
5 8
6 16
7 23
8 28
9 37
10 57
11 81
12 107
13 89
14 65
15 40
16 34
17 19
18 18
19 11
20 12
21 13
22 8
23 3
24 0
25 0
last timestep 25
node 253 iteration 8
0 0
1 3
2 1
3 0
4 0
last timestep 4
node 253 iteration 9
0 0
1 3
2 3
3 2
4 1
5 3
6 6
7 9
8 19
9 19
10 27
11 26
12 37
13 39
14 45
15 61
16 80
17 63
18 42
19 37
20 28
21 35
22 34
23 23
24 16
25 23
26 15
27 8
28 5
29 0
30 1
31 0
last timestep 31
