node 773 iteration 0
0 0
1 2
2 9
3 21
4 23
5 29
6 49
7 75
8 77
9 100
10 104
11 103
12 96
13 64
14 37
15 22
16 21
17 6
18 4
19 7
20 4
21 1
22 1
23 1
24 0
25 0
last timestep 25
node 773 iteration 1
0 0
1 5
2 5
3 6
4 9
5 6
6 10
7 11
8 16
9 39
10 43
11 67
12 86
13 107
14 88
15 87
16 77
17 57
18 47
19 32
20 25
21 18
22 17
23 12
24 6
25 2
26 0
27 2
28 2
29 0
last timestep 29
node 773 iteration 2
0 0
1 7
2 5
3 17
4 25
5 31
6 57
7 80
8 87
9 100
10 113
11 97
12 64
13 42
14 31
15 22
16 25
17 15
18 16
19 5
20 4
21 7
22 4
23 6
24 2
25 0
26 0
last timestep 26
node 773 iteration 3
0 0
1 5
2 0
3 0
last timestep 3
node 773 iteration 4
0 0
1 1
2 1
3 3
4 4
5 12
6 30
7 25
8 46
9 48
10 56
11 80
12 89
13 90
14 78
15 59
16 36
17 33
18 22
19 20
20 18
21 13
22 6
23 6
24 5
25 1
26 0
27 0
last timestep 27
node 773 iteration 5
0 0
1 1
2 6
3 5
4 16
5 21
6 39
7 59
8 83
9 68
10 86
11 96
12 66
13 80
14 50
15 35
16 24
17 14
18 16
19 5
20 3
21 0
22 1
23 0
last timestep 23
node 773 iteration 6
0 0
1 3
2 8
3 13
4 23
5 21
6 63
7 78
8 103
9 127
10 121
11 97
12 73
13 46
14 22
15 16
16 7
17 5
18 3
19 3
20 5
21 3
22 2
23 5
24 4
25 3
26 0
27 0
last timestep 27
node 773 iteration 7
0 0
1 1
2 1
3 3
4 1
5 1
6 0
7 0
last timestep 7
node 773 iteration 8
0 0
1 6
2 10
3 21
4 29
5 39
6 59
7 82
8 101
9 104
10 90
11 76
12 56
13 51
14 40
15 25
16 21
17 15
18 7
19 0
20 0
last timestep 20
node 773 iteration 9
0 0
1 3
2 3
3 5
4 8
5 12
6 34
7 53
8 56
9 82
10 95
11 122
12 96
13 79
14 47
15 22
16 11
17 9
18 9
19 6
20 13
21 5
22 5
23 1
24 0
25 0
last timestep 25
