node 1210 iteration 0
0 0
1 3
2 0
3 1
4 0
last timestep 4
node 1210 iteration 1
0 0
1 2
2 4
3 2
4 8
5 16
6 26
7 33
8 44
9 44
10 63
11 61
12 64
13 64
14 73
15 77
16 66
17 37
18 26
19 13
20 8
21 5
22 2
23 4
24 2
25 1
26 1
27 0
28 0
last timestep 28
node 1210 iteration 2
0 0
1 4
2 5
3 5
4 3
5 2
6 0
7 4
8 9
9 15
10 17
11 30
12 34
13 64
14 87
15 103
16 96
17 95
18 70
19 40
20 31
21 26
22 15
23 12
24 4
25 1
26 2
27 0
last timestep 27
node 1210 iteration 3
0 0
1 4
2 2
3 0
4 0
last timestep 4
node 1210 iteration 4
0 0
1 5
2 5
3 4
4 4
5 2
6 7
7 11
8 12
9 16
10 31
11 34
12 46
13 61
14 64
15 72
16 61
17 80
18 54
19 42
20 35
21 24
22 23
23 17
24 11
25 9
26 12
27 7
28 2
29 2
30 0
31 0
last timestep 31
node 1210 iteration 5
0 0
1 2
2 0
3 0
last timestep 3
node 1210 iteration 6
0 0
1 4
2 5
3 13
4 12
5 18
6 21
7 24
8 43
9 47
10 56
11 67
12 69
13 88
14 93
15 73
16 59
17 40
18 34
19 26
20 12
21 7
22 9
23 4
24 2
25 1
26 1
27 0
28 0
last timestep 28
node 1210 iteration 7
0 0
1 2
2 5
3 5
4 7
5 5
6 3
7 6
8 7
9 13
10 25
11 31
12 41
13 35
14 36
15 34
16 38
17 53
18 45
19 52
20 47
21 39
22 40
23 26
24 23
25 21
26 12
27 12
28 12
29 3
30 4
31 2
32 1
33 0
34 0
last timestep 34
node 1210 iteration 8
0 0
1 6
2 1
3 0
4 0
last timestep 4
node 1210 iteration 9
0 0
1 3
2 2
3 2
4 4
5 3
6 2
7 8
8 10
9 13
10 19
11 22
12 21
13 23
14 30
15 45
16 65
17 80
18 88
19 76
20 94
21 61
22 52
23 30
24 18
25 14
26 8
27 2
28 0
29 0
last timestep 29
