node 608 iteration 0
0 0
1 2
2 4
3 13
4 7
5 25
6 34
7 47
8 62
9 97
10 104
11 97
12 90
13 60
14 44
15 32
16 20
17 21
18 16
19 9
20 9
21 6
22 0
23 0
last timestep 23
node 608 iteration 1
0 0
1 3
2 1
3 1
4 0
5 0
last timestep 5
node 608 iteration 2
0 0
1 2
2 2
3 3
4 1
5 1
6 1
7 4
8 1
9 2
10 0
11 0
last timestep 11
node 608 iteration 3
0 0
1 1
2 1
3 3
4 8
5 8
6 16
7 25
8 41
9 58
10 87
11 103
12 133
13 123
14 90
15 52
16 39
17 40
18 19
19 7
20 5
21 5
22 4
23 0
24 0
last timestep 24
node 608 iteration 4
0 0
1 2
2 2
3 3
4 0
5 0
last timestep 5
node 608 iteration 5
0 0
1 0
2 0
last timestep 2
node 608 iteration 6
0 0
1 2
2 2
3 4
4 6
5 13
6 23
7 34
8 45
9 51
10 69
11 94
12 122
13 116
14 123
15 83
16 61
17 26
18 11
19 11
20 5
21 1
22 2
23 3
24 2
25 3
26 1
27 0
28 0
last timestep 28
node 608 iteration 7
0 0
1 1
2 1
3 0
4 0
last timestep 4
node 608 iteration 8
0 0
1 1
2 1
3 3
4 3
5 4
6 3
7 6
8 2
9 5
10 12
11 11
12 8
13 15
14 23
15 25
16 16
17 26
18 50
19 61
20 65
21 78
22 90
23 74
24 58
25 39
26 28
27 18
28 16
29 7
30 2
31 4
32 1
33 1
34 0
35 0
last timestep 35
node 608 iteration 9
0 0
1 3
2 1
3 3
4 12
5 23
6 24
7 34
8 41
9 60
10 70
11 116
12 119
13 88
14 63
15 61
16 32
17 15
18 7
19 3
20 4
21 0
22 0
last timestep 22
