node 1087 iteration 0
0 0
1 2
2 8
3 6
4 5
5 2
6 3
7 5
8 10
9 13
10 22
11 29
12 40
13 51
14 76
15 58
16 87
17 73
18 54
19 54
20 32
21 29
22 28
23 19
24 10
25 7
26 4
27 1
28 0
29 0
last timestep 29
node 1087 iteration 1
0 0
1 4
2 5
3 4
4 2
5 7
6 10
7 23
8 34
9 44
10 48
11 82
12 91
13 68
14 53
15 52
16 44
17 47
18 39
19 28
20 27
21 18
22 11
23 5
24 4
25 4
26 1
27 3
28 1
29 0
30 0
last timestep 30
node 1087 iteration 2
0 0
1 2
2 0
3 0
last timestep 3
node 1087 iteration 3
0 0
1 3
2 0
3 0
last timestep 3
node 1087 iteration 4
0 0
1 1
2 1
3 5
4 9
5 5
6 8
7 9
8 13
9 22
10 30
11 46
12 54
13 87
14 87
15 102
16 99
17 83
18 48
19 43
20 33
21 25
22 14
23 8
24 8
25 4
26 4
27 4
28 0
29 0
last timestep 29
node 1087 iteration 5
0 0
1 1
2 0
3 0
last timestep 3
node 1087 iteration 6
0 0
1 5
2 4
3 18
4 23
5 29
6 41
7 64
8 78
9 87
10 101
11 70
12 62
13 51
14 39
15 16
16 16
17 15
18 6
19 4
20 0
21 0
last timestep 21
node 1087 iteration 7
0 0
1 0
2 0
last timestep 2
node 1087 iteration 8
0 0
1 4
2 3
3 3
4 2
5 2
6 8
7 8
8 16
9 21
10 48
11 56
12 69
13 87
14 77
15 85
16 73
17 64
18 55
19 38
20 31
21 27
22 21
23 20
24 8
25 6
26 1
27 0
28 0
last timestep 28
node 1087 iteration 9
0 0
1 3
2 2
3 5
4 10
5 13
6 15
7 17
8 20
9 24
10 18
11 26
12 39
13 37
14 37
15 30
16 47
17 55
18 46
19 51
20 53
21 29
22 31
23 25
24 18
25 10
26 10
27 3
28 2
29 2
30 0
31 2
32 6
33 3
34 0
last timestep 34
