node 1652 iteration 0
0 0
1 1
2 3
3 9
4 9
5 8
6 12
7 24
8 57
9 64
10 83
11 74
12 88
13 65
14 52
15 39
16 38
17 32
18 22
19 16
20 13
21 15
22 14
23 9
24 7
25 5
26 3
27 3
28 2
29 1
30 0
31 0
last timestep 31
node 1652 iteration 1
0 0
1 2
2 7
3 7
4 7
5 11
6 10
7 23
8 49
9 72
10 76
11 89
12 62
13 80
14 76
15 60
16 58
17 41
18 23
19 10
20 7
21 9
22 3
23 1
24 2
25 1
26 0
27 0
last timestep 27
node 1652 iteration 2
0 0
1 1
2 1
3 2
4 1
5 3
6 12
7 13
8 34
9 55
10 63
11 71
12 70
13 74
14 93
15 94
16 72
17 52
18 30
19 31
20 25
21 13
22 7
23 5
24 3
25 9
26 1
27 0
28 1
29 0
last timestep 29
node 1652 iteration 3
0 0
1 1
2 0
3 3
4 2
5 5
6 4
7 8
8 30
9 40
10 56
11 71
12 97
13 117
14 147
15 124
16 118
17 61
18 30
19 20
20 8
21 5
22 12
23 11
24 5
25 2
26 0
last timestep 26
node 1652 iteration 4
0 0
1 2
2 2
3 15
4 18
5 35
6 49
7 59
8 59
9 59
10 70
11 75
12 53
13 61
14 50
15 33
16 22
17 14
18 8
19 7
20 5
21 5
22 6
23 4
24 1
25 0
26 0
last timestep 26
node 1652 iteration 5
0 0
1 5
2 5
3 16
4 28
5 47
6 54
7 82
8 99
9 99
10 75
11 76
12 56
13 50
14 37
15 29
16 19
17 15
18 9
19 5
20 4
21 2
22 2
23 2
24 4
25 2
26 2
27 2
28 1
29 1
30 1
31 1
32 1
33 0
34 0
last timestep 34
node 1652 iteration 6
0 0
1 3
2 7
3 7
4 20
5 24
6 47
7 72
8 111
9 88
10 108
11 110
12 61
13 38
14 42
15 16
16 9
17 8
18 1
19 0
20 0
last timestep 20
node 1652 iteration 7
0 0
1 4
2 7
3 17
4 19
5 20
6 21
7 17
8 30
9 56
10 61
11 91
12 92
13 82
14 82
15 44
16 40
17 41
18 22
19 17
20 11
21 2
22 3
23 3
24 0
25 0
last timestep 25
node 1652 iteration 8
0 0
1 2
2 8
3 9
4 13
5 7
6 12
7 15
8 26
9 52
10 72
11 85
12 94
13 82
14 83
15 57
16 52
17 38
18 24
19 15
20 16
21 11
22 5
23 5
24 5
25 2
26 0
27 0
last timestep 27
node 1652 iteration 9
0 0
1 2
2 8
3 14
4 16
5 18
6 25
7 47
8 43
9 70
10 97
11 91
12 76
13 65
14 57
15 63
16 33
17 14
18 9
19 4
20 3
21 2
22 1
23 5
24 12
25 5
26 1
27 3
28 1
29 0
30 0
last timestep 30
