node 1012 iteration 0
0 0
1 2
2 8
3 13
4 17
5 15
6 19
7 8
8 20
9 24
10 23
11 26
12 28
13 22
14 51
15 51
16 66
17 76
18 67
19 69
20 51
21 51
22 38
23 30
24 15
25 4
26 0
27 0
last timestep 27
node 1012 iteration 1
0 0
1 2
2 1
3 0
4 0
last timestep 4
node 1012 iteration 2
0 0
1 3
2 6
3 12
4 20
5 34
6 54
7 72
8 87
9 86
10 83
11 84
12 77
13 58
14 37
15 26
16 15
17 12
18 10
19 6
20 8
21 7
22 3
23 3
24 0
25 0
last timestep 25
node 1012 iteration 3
0 0
1 3
2 2
3 3
4 4
5 2
6 6
7 10
8 32
9 30
10 28
11 46
12 65
13 65
14 64
15 95
16 84
17 83
18 74
19 66
20 50
21 37
22 15
23 14
24 15
25 7
26 6
27 4
28 0
29 0
last timestep 29
node 1012 iteration 4
0 0
1 1
2 0
3 0
last timestep 3
node 1012 iteration 5
0 0
1 0
2 1
3 2
4 7
5 6
6 9
7 13
8 31
9 41
10 61
11 76
12 80
13 51
14 63
15 52
16 39
17 29
18 21
19 17
20 12
21 13
22 5
23 2
24 1
25 1
26 0
last timestep 26
node 1012 iteration 6
0 0
1 2
2 2
3 4
4 9
5 19
6 35
7 45
8 75
9 82
10 86
11 83
12 110
13 84
14 61
15 70
16 44
17 23
18 16
19 14
20 3
21 2
22 1
23 1
24 0
25 0
last timestep 25
node 1012 iteration 7
0 0
1 2
2 0
3 0
last timestep 3
node 1012 iteration 8
0 0
1 3
2 1
3 1
4 2
5 2
6 4
7 3
8 1
9 0
10 0
last timestep 10
node 1012 iteration 9
0 0
1 2
2 4
3 2
4 5
5 4
6 7
7 9
8 8
9 12
10 13
11 12
12 13
13 15
14 34
15 41
16 78
17 76
18 78
19 69
20 63
21 48
22 29
23 15
24 16
25 4
26 3
27 2
28 0
29 1
30 6
31 2
32 2
33 0
last timestep 33
