node 1231 iteration 0
0 0
1 1
2 0
3 0
last timestep 3
node 1231 iteration 1
0 0
1 2
2 6
3 8
4 7
5 29
6 27
7 46
8 48
9 47
10 65
11 46
12 56
13 59
14 64
15 56
16 41
17 38
18 28
19 20
20 13
21 6
22 6
23 4
24 4
25 2
26 0
27 0
last timestep 27
node 1231 iteration 2
0 0
1 4
2 6
3 10
4 34
5 50
6 71
7 88
8 90
9 111
10 67
11 77
12 55
13 35
14 24
15 26
16 15
17 11
18 6
19 6
20 7
21 8
22 5
23 2
24 3
25 2
26 1
27 5
28 2
29 0
30 0
last timestep 30
node 1231 iteration 3
0 0
1 5
2 2
3 5
4 7
5 15
6 18
7 11
8 21
9 35
10 45
11 78
12 104
13 105
14 99
15 78
16 47
17 52
18 33
19 15
20 9
21 1
22 0
23 0
last timestep 23
node 1231 iteration 4
0 0
1 5
2 7
3 8
4 13
5 9
6 10
7 22
8 39
9 60
10 68
11 86
12 73
13 99
14 90
15 73
16 66
17 40
18 31
19 19
20 10
21 12
22 16
23 5
24 8
25 5
26 2
27 1
28 2
29 0
30 0
last timestep 30
node 1231 iteration 5
0 0
1 3
2 2
3 2
4 9
5 11
6 17
7 21
8 27
9 25
10 40
11 60
12 71
13 93
14 99
15 93
16 68
17 45
18 37
19 27
20 21
21 16
22 10
23 6
24 6
25 3
26 4
27 4
28 5
29 8
30 6
31 6
32 4
33 1
34 1
35 1
36 0
37 0
last timestep 37
node 1231 iteration 6
0 0
1 1
2 0
3 1
4 2
5 5
6 10
7 22
8 30
9 45
10 37
11 43
12 52
13 60
14 47
15 38
16 34
17 54
18 41
19 40
20 35
21 32
22 22
23 13
24 7
25 10
26 8
27 7
28 3
29 2
30 2
31 0
last timestep 31
node 1231 iteration 7
0 0
1 5
2 6
3 12
4 15
5 7
6 19
7 26
8 30
9 34
10 41
11 59
12 65
13 103
14 80
15 85
16 64
17 47
18 32
19 34
20 25
21 16
22 10
23 5
24 2
25 0
26 0
last timestep 26
node 1231 iteration 8
0 0
1 7
2 11
3 11
4 11
5 26
6 44
7 59
8 62
9 84
10 106
11 113
12 82
13 43
14 32
15 22
16 16
17 12
18 5
19 3
20 2
21 0
22 0
last timestep 22
node 1231 iteration 9
0 0
1 1
2 0
3 3
4 10
5 12
6 23
7 22
8 35
9 47
10 44
11 56
12 62
13 82
14 102
15 93
16 92
17 61
18 26
19 19
20 16
21 7
22 3
23 1
24 1
25 1
26 0
last timestep 26
