13 57.5
52 57.5
91 57.5
96 57.5
102 57.5
114 57.5
119 57.5
120 57.5
125 57.5
134 57.5
149 57.5
156 57.5
181 57.5
213 57.5
217 57.5
223 57.5
231 57.5
236 57.5
238 57.5
241 57.5
253 57.5
284 57.5
300 57.5
318 57.5
351 57.5
356 57.5
358 57.5
363 57.5
364 57.5
370 57.5
407 57.5
437 57.5
456 57.5
472 57.5
473 57.5
475 57.5
490 57.5
491 57.5
492 57.5
499 57.5
504 57.5
506 57.5
508 57.5
511 57.5
514 57.5
526 57.5
531 57.5
533 57.5
543 57.5
559 57.5
562 57.5
564 57.5
568 57.5
569 57.5
571 57.5
573 57.5
580 57.5
582 57.5
587 57.5
588 57.5
590 57.5
593 57.5
594 57.5
598 57.5
601 57.5
602 57.5
604 57.5
606 57.5
612 57.5
613 57.5
615 57.5
619 57.5
627 57.5
629 57.5
630 57.5
638 57.5
642 57.5
643 57.5
648 57.5
652 57.5
660 57.5
664 57.5
667 57.5
670 57.5
672 57.5
674 57.5
676 57.5
691 57.5
692 57.5
696 57.5
701 57.5
702 57.5
711 57.5
712 57.5
726 57.5
727 57.5
728 57.5
729 57.5
730 57.5
731 57.5
747 57.5
748 57.5
751 57.5
752 57.5
757 57.5
759 57.5
762 57.5
767 57.5
768 57.5
769 57.5
770 57.5
772 57.5
773 57.5
774 57.5
793 57.5
794 57.5
800 57.5
801 57.5
808 57.5
809 57.5
811 57.5
812 57.5
814 57.5
815 57.5
817 57.5
818 57.5
819 57.5
820 57.5
828 57.5
836 57.5
847 57.5
853 57.5
859 57.5
860 57.5
863 57.5
865 57.5
869 57.5
896 57.5
913 57.5
921 57.5
925 57.5
929 57.5
945 57.5
975 57.5
979 57.5
980 57.5
981 57.5
983 57.5
987 57.5
992 57.5
995 57.5
996 57.5
999 57.5
1006 57.5
1008 57.5
1012 57.5
1015 57.5
1016 57.5
1019 57.5
1030 57.5
1033 57.5
1039 57.5
1040 57.5
1041 57.5
1044 57.5
1053 57.5
1054 57.5
1055 57.5
1056 57.5
1057 57.5
1062 57.5
1074 57.5
1077 57.5
1079 57.5
1080 57.5
1081 57.5
1082 57.5
1084 57.5
1087 57.5
1089 57.5
1098 57.5
1099 57.5
1105 57.5
1107 57.5
1117 57.5
1118 57.5
1127 57.5
1129 57.5
1133 57.5
1134 57.5
1135 57.5
1136 57.5
1139 57.5
1140 57.5
1146 57.5
1152 57.5
1160 57.5
1161 57.5
1166 57.5
1177 57.5
1191 57.5
1197 57.5
1210 57.5
1217 57.5
1218 57.5
1219 57.5
1231 57.5
1237 57.5
1253 57.5
1265 57.5
1266 57.5
1273 57.5
1277 57.5
1278 57.5
1281 57.5
1282 57.5
1283 57.5
1285 57.5
1288 57.5
1297 57.5
1301 57.5
1303 57.5
1306 57.5
1308 57.5
1309 57.5
1311 57.5
1313 57.5
1316 57.5
1317 57.5
1319 57.5
1321 57.5
1333 57.5
1336 57.5
1342 57.5
1347 57.5
1348 57.5
1353 57.5
1354 57.5
1355 57.5
1409 57.5
1411 57.5
1421 57.5
1450 57.5
1458 57.5
1462 57.5
1469 57.5
1475 57.5
1478 57.5
1487 57.5
1491 57.5
1493 57.5
1496 57.5
1511 57.5
1514 57.5
1515 57.5
1519 57.5
1529 57.5
1542 57.5
1572 57.5
1577 57.5
1605 57.5
1625 57.5
1645 57.5
1649 57.5
1652 57.5
1655 57.5
1658 57.5
1659 57.5
1667 57.5
1669 57.5
1702 57.5
1719 57.5
1722 57.5
1725 57.5
1748 57.5
1765 57.5
1769 57.5
1777 57.5
1788 57.5
1795 57.5
1799 57.5
1804 57.5
1864 57.5
1928 57.5
1938 57.5
2018 57.5
2022 57.5
2035 57.5
2036 57.5
2045 57.5
2051 57.5
2057 57.5
2177 57.5
2194 57.5
2196 57.5
2197 57.5
2198 57.5
2210 57.5
2218 57.5
2239 57.5
2244 57.5
2248 57.5
2285 57.5
2408 57.5
2421 57.5
2432 57.5
2452 57.5
2466 57.5
2528 57.5
2560 57.5
2598 57.5
2624 57.5
2833 57.5
3079 57.5
89 57
153 57
165 57
295 57
466 57
470 57
563 57
565 57
645 57
668 57
685 57
723 57
776 57
785 57
797 57
805 57
841 57
881 57
917 57
1018 57
1052 57
1071 57
1208 57
1221 57
1476 57
1566 57
1616 57
1730 57
1969 57
2007 57
2014 57
2021 57
2039 57
2506 57
2564 57
2838 57
297 56.5
320 56.5
326 56.5
455 56.5
465 56.5
478 56.5
551 56.5
574 56.5
592 56.5
710 56.5
822 56.5
823 56.5
837 56.5
842 56.5
843 56.5
862 56.5
878 56.5
930 56.5
973 56.5
1020 56.5
1026 56.5
1108 56.5
1110 56.5
1124 56.5
1131 56.5
1242 56.5
1299 56.5
1314 56.5
1337 56.5
1351 56.5
1425 56.5
1467 56.5
1482 56.5
1517 56.5
1549 56.5
1662 56.5
1672 56.5
1673 56.5
1688 56.5
1701 56.5
1705 56.5
1714 56.5
1715 56.5
1901 56.5
1904 56.5
1917 56.5
1925 56.5
1954 56.5
1996 56.5
2050 56.5
2053 56.5
2079 56.5
2167 56.5
2437 56.5
2517 56.5
2806 56.5
2807 56.5
235 56
493 56
550 56
552 56
586 56
684 56
698 56
739 56
922 56
1014 56
1024 56
1042 56
1048 56
1115 56
1182 56
1246 56
1247 56
1249 56
1289 56
1295 56
1328 56
1417 56
1419 56
1430 56
1470 56
1505 56
1525 56
1540 56
1545 56
1618 56
1657 56
1676 56
1712 56
1796 56
1808 56
1858 56
1867 56
1952 56
1974 56
1975 56
1988 56
1994 56
2010 56
2033 56
2151 56
2201 56
2326 56
2361 56
2613 56
2639 56
2644 56
2722 56
3087 56
3368 56
3857 56
118 55.5
496 55.5
549 55.5
557 55.5
585 55.5
609 55.5
682 55.5
704 55.5
706 55.5
810 55.5
867 55.5
872 55.5
933 55.5
946 55.5
1148 55.5
1193 55.5
1267 55.5
1305 55.5
1472 55.5
1526 55.5
1570 55.5
1680 55.5
1708 55.5
1724 55.5
1746 55.5
1802 55.5
1863 55.5
1874 55.5
1957 55.5
1991 55.5
1999 55.5
2034 55.5
2841 55.5
2969 55.5
3043 55.5
3 55
66 55
92 55
169 55
201 55
206 55
285 55
406 55
436 55
512 55
542 55
610 55
715 55
718 55
741 55
745 55
795 55
850 55
890 55
901 55
982 55
1047 55
1090 55
1185 55
1186 55
1222 55
1280 55
1292 55
1318 55
1326 55
1330 55
1569 55
1576 55
1591 55
1619 55
1646 55
1647 55
1674 55
1964 55
2028 55
2278 55
2578 55
3125 55
12 54.5
123 54.5
130 54.5
139 54.5
175 54.5
230 54.5
245 54.5
317 54.5
332 54.5
347 54.5
485 54.5
487 54.5
501 54.5
517 54.5
553 54.5
566 54.5
567 54.5
570 54.5
584 54.5
608 54.5
620 54.5
626 54.5
656 54.5
709 54.5
717 54.5
724 54.5
749 54.5
765 54.5
791 54.5
804 54.5
839 54.5
856 54.5
879 54.5
880 54.5
911 54.5
915 54.5
927 54.5
986 54.5
990 54.5
997 54.5
1060 54.5
1086 54.5
1097 54.5
1183 54.5
1252 54.5
1275 54.5
1339 54.5
1489 54.5
1512 54.5
1516 54.5
1681 54.5
1690 54.5
1718 54.5
1740 54.5
1764 54.5
1806 54.5
1877 54.5
1881 54.5
1900 54.5
1933 54.5
1956 54.5
1966 54.5
2030 54.5
2138 54.5
2187 54.5
2533 54.5
3039 54.5
3397 54.5
51 54
237 54
497 54
617 54
646 54
662 54
758 54
826 54
827 54
874 54
914 54
918 54
1174 54
1220 54
1232 54
1269 54
1307 54
1509 54
1700 54
1737 54
1866 54
1880 54
1945 54
1998 54
2032 54
2132 54
2199 54
2324 54
2401 54
2530 54
17 53.5
21 53.5
40 53.5
42 53.5
111 53.5
209 53.5
247 53.5
319 53.5
408 53.5
523 53.5
547 53.5
554 53.5
655 53.5
661 53.5
666 53.5
683 53.5
697 53.5
700 53.5
707 53.5
780 53.5
807 53.5
816 53.5
892 53.5
926 53.5
1036 53.5
1251 53.5
1286 53.5
1431 53.5
1456 53.5
1474 53.5
1543 53.5
1590 53.5
1663 53.5
1930 53.5
2184 53.5
2825 53.5
2857 53.5
104 53
314 53
396 53
433 53
440 53
442 53
529 53
544 53
591 53
688 53
844 53
875 53
898 53
1073 53
1190 53
1227 53
1259 53
1271 53
1327 53
1352 53
1371 53
1473 53
1479 53
1486 53
1575 53
1631 53
1683 53
1757 53
1778 53
1878 53
1942 53
1959 53
2127 53
2148 53
2234 53
2276 53
2328 53
2386 53
2395 53
2449 53
2464 53
2604 53
2606 53
2668 53
2949 53
2974 53
3394 53
27 52.5
199 52.5
464 52.5
621 52.5
647 52.5
681 52.5
689 52.5
760 52.5
943 52.5
960 52.5
1294 52.5
1492 52.5
1709 52.5
1717 52.5
1720 52.5
1807 52.5
1870 52.5
1978 52.5
1984 52.5
1993 52.5
2044 52.5
2080 52.5
2465 52.5
2497 52.5
2856 52.5
3003 52.5
3072 52.5
3228 52.5
3793 52.5
3995 52.5
35 52
166 52
251 52
524 52
597 52
679 52
744 52
750 52
790 52
876 52
1142 52
1157 52
1250 52
1300 52
1350 52
1429 52
1581 52
1626 52
1763 52
1768 52
1783 52
1918 52
1948 52
2147 52
2150 52
2429 52
2570 52
2642 52
2676 52
2822 52
2977 52
3440 52
246 51.5
337 51.5
536 51.5
732 51.5
764 51.5
887 51.5
977 51.5
1113 51.5
1128 51.5
1165 51.5
1466 51.5
1484 51.5
1524 51.5
1609 51.5
1643 51.5
1899 51.5
1986 51.5
2013 51.5
2027 51.5
3791 51.5
63 51
159 51
222 51
261 51
513 51
537 51
572 51
1143 51
1150 51
1154 51
1279 51
1331 51
1584 51
1703 51
1789 51
1915 51
1951 51
2016 51
2162 51
2176 51
2518 51
2622 51
3230 51
56 50.5
67 50.5
172 50.5
324 50.5
391 50.5
505 50.5
734 50.5
779 50.5
1291 50.5
1315 50.5
1335 50.5
1454 50.5
1601 50.5
1684 50.5
1723 50.5
1876 50.5
2077 50.5
2083 50.5
2485 50.5
2514 50.5
2523 50.5
2686 50.5
3223 50.5
3325 50.5
3448 50.5
8 50
16 50
33 50
146 50
202 50
309 50
399 50
484 50
494 50
611 50
690 50
753 50
813 50
1025 50
1072 50
1207 50
1310 50
1329 50
1334 50
1367 50
1415 50
1464 50
1483 50
1507 50
1679 50
1875 50
1889 50
1963 50
1973 50
2000 50
2012 50
2385 50
2626 50
3150 50
3162 50
3231 50
101 49.5
182 49.5
193 49.5
328 49.5
374 49.5
502 49.5
541 49.5
651 49.5
673 49.5
678 49.5
743 49.5
834 49.5
851 49.5
1038 49.5
1241 49.5
1287 49.5
1494 49.5
1610 49.5
1638 49.5
1695 49.5
1775 49.5
1819 49.5
1887 49.5
1897 49.5
1958 49.5
1961 49.5
1992 49.5
2008 49.5
2020 49.5
2094 49.5
2143 49.5
2195 49.5
2243 49.5
2479 49.5
2504 49.5
2510 49.5
2554 49.5
2861 49.5
3048 49.5
3131 49.5
3290 49.5
103 49
200 49
469 49
474 49
548 49
595 49
803 49
858 49
916 49
1101 49
1236 49
1332 49
1664 49
1678 49
1693 49
1731 49
1733 49
1785 49
2023 49
3085 49
229 48.5
441 48.5
538 48.5
733 48.5
784 48.5
802 48.5
905 48.5
908 48.5
931 48.5
1424 48.5
2025 48.5
2031 48.5
2092 48.5
3122 48.5
28 48
58 48
100 48
219 48
259 48
476 48
703 48
716 48
864 48
886 48
1164 48
1298 48
1530 48
1653 48
2301 48
2743 48
2985 48
435 47.5
577 47.5
628 47.5
693 47.5
719 47.5
1302 47.5
1508 47.5
1888 47.5
1981 47.5
2133 47.5
2188 47.5
2374 47.5
2830 47.5
2995 47.5
3020 47.5
7 47
60 47
187 47
500 47
714 47
903 47
1377 47
1418 47
1666 47
1727 47
1965 47
2015 47
2238 47
2340 47
2605 47
2649 47
2716 47
61 46.5
121 46.5
204 46.5
216 46.5
438 46.5
539 46.5
599 46.5
614 46.5
845 46.5
932 46.5
1027 46.5
1158 46.5
1343 46.5
1455 46.5
1560 46.5
1578 46.5
1797 46.5
1879 46.5
2089 46.5
2516 46.5
2571 46.5
2726 46.5
112 46
528 46
722 46
737 46
831 46
978 46
1225 46
1323 46
1341 46
1490 46
2024 46
2038 46
2074 46
2192 46
3560 46
188 45.5
278 45.5
305 45.5
410 45.5
477 45.5
486 45.5
636 45.5
640 45.5
644 45.5
756 45.5
906 45.5
934 45.5
970 45.5
1413 45.5
1716 45.5
1782 45.5
1883 45.5
2037 45.5
2093 45.5
2204 45.5
2531 45.5
2679 45.5
2745 45.5
4306 45.5
192 45
301 45
509 45
754 45
799 45
891 45
1293 45
1528 45
1696 45
1841 45
1962 45
1970 45
2186 45
2312 45
2475 45
2677 45
2684 45
2842 45
2988 45
3000 45
3005 45
409 44.5
479 44.5
530 44.5
877 44.5
1153 44.5
1423 44.5
1635 44.5
1691 44.5
1869 44.5
1985 44.5
2009 44.5
2962 44.5
3415 44.5
3727 44.5
3935 44.5
59 44
65 44
129 44
174 44
226 44
244 44
269 44
311 44
405 44
532 44
600 44
663 44
1088 44
1096 44
1155 44
1187 44
1235 44
1245 44
1268 44
1349 44
1363 44
1644 44
1670 44
1686 44
2130 44
2146 44
2378 44
2521 44
2657 44
3214 44
76 43.5
191 43.5
286 43.5
335 43.5
385 43.5
404 43.5
516 43.5
560 43.5
654 43.5
829 43.5
849 43.5
857 43.5
870 43.5
924 43.5
937 43.5
1163 43.5
1240 43.5
1360 43.5
1410 43.5
1521 43.5
1594 43.5
1648 43.5
1656 43.5
1707 43.5
1743 43.5
1894 43.5
2054 43.5
2258 43.5
2471 43.5
2524 43.5
2683 43.5
3049 43.5
3064 43.5
3155 43.5
3222 43.5
3279 43.5
3756 43.5
4190 43.5
95 43
115 43
152 43
882 43
938 43
1022 43
1093 43
1130 43
1169 43
1171 43
1257 43
1260 43
1368 43
1389 43
1481 43
1488 43
1608 43
1651 43
1834 43
1977 43
2005 43
2029 43
2041 43
2052 43
2439 43
2983 43
3347 43
3549 43
4777 43
14 42.5
45 42.5
69 42.5
338 42.5
457 42.5
632 42.5
735 42.5
1092 42.5
1162 42.5
1628 42.5
1642 42.5
1713 42.5
1742 42.5
1872 42.5
1972 42.5
1979 42.5
2001 42.5
2103 42.5
2205 42.5
2336 42.5
2413 42.5
2493 42.5
2616 42.5
2678 42.5
2826 42.5
2859 42.5
2963 42.5
2966 42.5
2993 42.5
3851 42.5
379 42
458 42
519 42
873 42
1180 42
1205 42
1322 42
1346 42
1650 42
1871 42
1971 42
1995 42
2422 42
2689 42
2709 42
2823 42
2961 42
3136 42
3576 42
116 41.5
176 41.5
177 41.5
755 41.5
895 41.5
1338 41.5
1762 41.5
1794 41.5
2040 41.5
2046 41.5
2337 41.5
2389 41.5
2444 41.5
2574 41.5
3176 41.5
3212 41.5
78 41
98 41
190 41
240 41
687 41
1325 41
1744 41
1944 41
1997 41
2004 41
2075 41
2443 41
2467 41
2583 41
2858 41
2860 41
3007 41
3071 41
3738 41
420 40.5
639 40.5
658 40.5
725 40.5
824 40.5
885 40.5
1104 40.5
1229 40.5
1243 40.5
1276 40.5
1513 40.5
1603 40.5
1641 40.5
1838 40.5
1922 40.5
2454 40.5
2457 40.5
3062 40.5
3359 40.5
4515 40.5
68 40
163 40
355 40
540 40
596 40
835 40
883 40
899 40
1238 40
1412 40
1697 40
1711 40
1791 40
1983 40
2163 40
2286 40
2964 40
3031 40
3102 40
3130 40
4500 40
218 39.5
460 39.5
498 39.5
503 39.5
665 39.5
680 39.5
695 39.5
787 39.5
833 39.5
1255 39.5
1284 39.5
1312 39.5
1617 39.5
1636 39.5
1753 39.5
1929 39.5
2145 39.5
2178 39.5
2202 39.5
2302 39.5
2403 39.5
2447 39.5
2672 39.5
3216 39.5
3596 39.5
29 39
144 39
268 39
354 39
534 39
634 39
720 39
781 39
1002 39
1106 39
1304 39
1632 39
1634 39
1677 39
1734 39
2154 39
2262 39
2450 39
2682 39
2687 39
2999 39
3028 39
3041 39
3129 39
3423 39
4299 39
4 38.5
34 38.5
132 38.5
150 38.5
161 38.5
198 38.5
252 38.5
283 38.5
343 38.5
740 38.5
798 38.5
830 38.5
1120 38.5
1340 38.5
1427 38.5
1784 38.5
1947 38.5
1950 38.5
1953 38.5
2115 38.5
2478 38.5
2688 38.5
2738 38.5
3128 38.5
3366 38.5
3367 38.5
3947 38.5
397 38
430 38
510 38
766 38
894 38
1147 38
1272 38
1385 38
1541 38
1621 38
1726 38
1865 38
1923 38
1943 38
2048 38
2435 38
2634 38
2699 38
3086 38
3451 38
4166 38
15 37.5
43 37.5
70 37.5
157 37.5
173 37.5
196 37.5
281 37.5
520 37.5
527 37.5
677 37.5
775 37.5
852 37.5
972 37.5
1256 37.5
1381 37.5
1416 37.5
1460 37.5
1675 37.5
1792 37.5
1801 37.5
1946 37.5
2179 37.5
2190 37.5
2344 37.5
2557 37.5
2603 37.5
2696 37.5
2849 37.5
3088 37.5
3200 37.5
3341 37.5
4072 37.5
308 37
345 37
545 37
616 37
686 37
821 37
1123 37
1184 37
1447 37
1585 37
1976 37
2125 37
2482 37
2647 37
2656 37
2670 37
3790 37
151 36.5
160 36.5
194 36.5
349 36.5
736 36.5
900 36.5
907 36.5
957 36.5
1070 36.5
1522 36.5
1639 36.5
1862 36.5
2380 36.5
2525 36.5
3752 36.5
23 36
110 36
242 36
277 36
669 36
904 36
912 36
1254 36
1270 36
1771 36
1780 36
1793 36
1940 36
2003 36
2006 36
2056 36
2087 36
2181 36
2193 36
2358 36
2433 36
2793 36
3004 36
3249 36
3283 36
41 35.5
575 35.5
746 35.5
1011 35.5
1028 35.5
1612 35.5
1660 35.5
1692 35.5
1698 35.5
1739 35.5
1749 35.5
1949 35.5
2170 35.5
2470 35.5
2621 35.5
2623 35.5
2631 35.5
2723 35.5
2728 35.5
2982 35.5
3037 35.5
3373 35.5
3375 35.5
3640 35.5
26 35
87 35
136 35
275 35
392 35
432 35
806 35
1049 35
1091 35
1188 35
1213 35
1537 35
1989 35
2043 35
2242 35
2249 35
2731 35
3371 35
4076 35
11 34.5
39 34.5
80 34.5
282 34.5
368 34.5
515 34.5
625 34.5
871 34.5
962 34.5
1263 34.5
1750 34.5
1773 34.5
2231 34.5
2685 34.5
3055 34.5
3236 34.5
4132 34.5
135 34
197 34
205 34
280 34
307 34
783 34
796 34
902 34
1226 34
1422 34
1706 34
2396 34
2655 34
2660 34
3047 34
3050 34
3100 34
3323 34
3573 34
4303 34
220 33.5
384 33.5
431 33.5
699 33.5
848 33.5
1176 33.5
1465 33.5
1844 33.5
2017 33.5
2049 33.5
2183 33.5
2185 33.5
2235 33.5
2534 33.5
2573 33.5
2619 33.5
2636 33.5
2643 33.5
2714 33.5
3514 33.5
3772 33.5
31 33
73 33
140 33
232 33
310 33
315 33
419 33
705 33
763 33
1587 33
1622 33
1732 33
2082 33
2086 33
2182 33
2659 33
2946 33
5296 33
64 32.5
287 32.5
461 32.5
462 32.5
671 32.5
713 32.5
866 32.5
909 32.5
1100 32.5
1248 32.5
1274 32.5
1520 32.5
1573 32.5
1611 32.5
1710 32.5
1770 32.5
2073 32.5
2233 32.5
2339 32.5
2373 32.5
2522 32.5
2607 32.5
2630 32.5
2666 32.5
2667 32.5
3834 32.5
3862 32.5
97 32
211 32
378 32
518 32
607 32
884 32
919 32
1216 32
1582 32
1614 32
1633 32
1689 32
2164 32
2175 32
2637 32
2675 32
2818 32
2891 32
3426 32
3792 32
3858 32
3950 32
4295 32
4976 32
75 31.5
85 31.5
184 31.5
459 31.5
467 31.5
694 31.5
846 31.5
964 31.5
1181 31.5
1463 31.5
1699 31.5
2632 31.5
2773 31.5
2862 31.5
2881 31.5
2882 31.5
3123 31.5
3339 31.5
3916 31.5
1 31
224 31
239 31
312 31
429 31
521 31
555 31
561 31
578 31
777 31
1141 31
1234 31
1290 31
1747 31
1886 31
2091 31
2174 31
2191 31
2585 31
2608 31
2770 31
3066 31
3639 31
4123 31
4846 31
54 30.5
263 30.5
417 30.5
468 30.5
789 30.5
1373 30.5
1596 30.5
1752 30.5
2209 30.5
2215 30.5
2313 30.5
2548 30.5
2712 30.5
2934 30.5
3119 30.5
3424 30.5
57 30
233 30
306 30
854 30
1624 30
1776 30
2391 30
3215 30
3586 30
3638 30
9 29.5
414 29.5
893 29.5
1262 29.5
1736 29.5
2384 29.5
2494 29.5
2513 29.5
2617 29.5
2715 29.5
2894 29.5
3425 29.5
3488 29.5
3813 29.5
94 29
147 29
210 29
248 29
279 29
495 29
675 29
782 29
868 29
976 29
1453 29
1595 29
1884 29
1885 29
2061 29
2110 29
2277 29
2483 29
83 28.5
105 28.5
195 28.5
272 28.5
383 28.5
393 28.5
489 28.5
623 28.5
1003 28.5
1296 28.5
1574 28.5
2042 28.5
2496 28.5
2581 28.5
2582 28.5
2744 28.5
2777 28.5
3361 28.5
3566 28.5
3936 28.5
4626 28.5
170 28
215 28
334 28
395 28
771 28
888 28
1061 28
1604 28
1671 28
1941 28
2549 28
2653 28
2839 28
3135 28
3252 28
3510 28
3611 28
4443 28
186 27.5
313 27.5
386 27.5
387 27.5
855 27.5
928 27.5
1344 27.5
1370 27.5
1554 27.5
1759 27.5
1800 27.5
1837 27.5
1893 27.5
2156 27.5
2652 27.5
2680 27.5
2691 27.5
2852 27.5
3029 27.5
3046 27.5
3133 27.5
3517 27.5
3564 27.5
4262 27.5
183 27
333 27
361 27
390 27
481 27
583 27
631 27
708 27
940 27
1058 27
1366 27
1420 27
1613 27
1932 27
2144 27
2152 27
2703 27
2707 27
3021 27
3023 27
3026 27
4288 27
5096 27
425 26.5
439 26.5
443 26.5
641 26.5
1137 26.5
1244 26.5
1414 26.5
2019 26.5
2060 26.5
2081 26.5
2552 26.5
2614 26.5
2640 26.5
2648 26.5
2840 26.5
2950 26.5
2968 26.5
2971 26.5
3045 26.5
3137 26.5
3174 26.5
3920 26.5
5225 26.5
24 26
133 26
180 26
225 26
336 26
579 26
1000 26
2468 26
2532 26
2718 26
2871 26
3033 26
3201 26
3799 26
4843 26
5564 26
5951 26
5 25.5
6 25.5
53 25.5
137 25.5
138 25.5
303 25.5
480 25.5
1192 25.5
1356 25.5
1428 25.5
1580 25.5
1620 25.5
1623 25.5
1849 25.5
1868 25.5
2352 25.5
2558 25.5
2734 25.5
2786 25.5
3093 25.5
3202 25.5
3401 25.5
4378 25.5
131 25
164 25
207 25
276 25
367 25
423 25
449 25
936 25
1076 25
1132 25
1175 25
1364 25
1448 25
1809 25
2281 25
2319 25
3015 25
3051 25
3104 25
3345 25
3509 25
5086 25
5229 25
5684 25
62 24.5
81 24.5
323 24.5
362 24.5
381 24.5
446 24.5
451 24.5
622 24.5
1230 24.5
1654 24.5
1661 24.5
1665 24.5
1842 24.5
1927 24.5
1982 24.5
2141 24.5
2407 24.5
2618 24.5
2831 24.5
2979 24.5
3248 24.5
3428 24.5
3567 24.5
4975 24.5
55 24
265 24
291 24
292 24
331 24
400 24
603 24
637 24
832 24
838 24
1592 24
1615 24
2095 24
2112 24
2512 24
2609 24
2702 24
3156 24
3331 24
3417 24
3434 24
3452 24
3940 24
4169 24
4646 24
50 23.5
168 23.5
348 23.5
507 23.5
546 23.5
556 23.5
1121 23.5
1324 23.5
1823 23.5
1825 23.5
1921 23.5
2314 23.5
2545 23.5
2692 23.5
2727 23.5
2883 23.5
3107 23.5
3537 23.5
4779 23.5
117 23
293 23
388 23
394 23
659 23
721 23
1151 23
1206 23
1396 23
1426 23
1477 23
1495 23
1559 23
1685 23
1960 23
2325 23
2411 23
3042 23
3138 23
3403 23
3739 23
4231 23
258 22.5
304 22.5
889 22.5
1359 22.5
2139 22.5
2405 22.5
2559 22.5
3094 22.5
3113 22.5
3199 22.5
3226 22.5
3406 22.5
4411 22.5
5375 22.5
18 22
48 22
122 22
145 22
267 22
422 22
482 22
522 22
897 22
1034 22
1436 22
1637 22
1751 22
1839 22
2118 22
2157 22
2808 22
2951 22
3751 22
5166 22
32 21.5
250 21.5
294 21.5
327 21.5
398 21.5
412 21.5
452 21.5
581 21.5
1156 21.5
1196 21.5
1228 21.5
1583 21.5
1687 21.5
1754 21.5
2997 21.5
3205 21.5
3288 21.5
3729 21.5
3824 21.5
3946 21.5
3998 21.5
4286 21.5
5622 21.5
6104 21.5
38 21
154 21
778 21
1167 21
1212 21
1451 21
2241 21
2332 21
2495 21
2948 21
3036 21
3234 21
3250 21
3324 21
3402 21
3844 21
4074 21
4649 21
5436 21
36 20.5
47 20.5
203 20.5
228 20.5
302 20.5
325 20.5
454 20.5
788 20.5
1568 20.5
1668 20.5
1873 20.5
1931 20.5
2287 20.5
2591 20.5
2650 20.5
2700 20.5
2737 20.5
3052 20.5
3327 20.5
3507 20.5
3561 20.5
3672 20.5
3692 20.5
30 20
424 20
450 20
488 20
1682 20
2149 20
2159 20
2206 20
2279 20
2431 20
2455 20
2462 20
2503 20
2589 20
2595 20
3027 20
3076 20
3206 20
3232 20
3300 20
4383 20
4412 20
4526 20
4831 20
77 19.5
86 19.5
90 19.5
296 19.5
377 19.5
576 19.5
1443 19.5
1555 19.5
2400 19.5
2509 19.5
2562 19.5
2635 19.5
2705 19.5
2827 19.5
3213 19.5
3360 19.5
3579 19.5
3723 19.5
4002 19.5
4562 19.5
4999 19.5
20 19
113 19
141 19
264 19
321 19
329 19
330 19
463 19
483 19
633 19
742 19
825 19
2096 19
2423 19
2590 19
2944 19
3063 19
3080 19
3108 19
3127 19
3149 19
3921 19
3961 19
3994 19
4710 19
5348 19
5425 19
5913 19
6099 19
74 18.5
167 18.5
178 18.5
249 18.5
270 18.5
366 18.5
923 18.5
1122 18.5
1916 18.5
2102 18.5
2105 18.5
2280 18.5
2406 18.5
2546 18.5
2768 18.5
2990 18.5
3235 18.5
3454 18.5
3590 18.5
3622 18.5
3983 18.5
4549 18.5
5294 18.5
84 18
99 18
208 18
262 18
266 18
316 18
382 18
389 18
535 18
649 18
910 18
1179 18
1781 18
1822 18
2063 18
2169 18
2225 18
2230 18
2333 18
2370 18
2645 18
2658 18
2952 18
2998 18
3758 18
3759 18
4261 18
4291 18
4309 18
4440 18
4580 18
4653 18
4989 18
5155 18
25 17.5
148 17.5
189 17.5
274 17.5
288 17.5
299 17.5
340 17.5
376 17.5
402 17.5
413 17.5
589 17.5
998 17.5
1468 17.5
2062 17.5
2473 17.5
2701 17.5
2717 17.5
2742 17.5
3001 17.5
3009 17.5
3486 17.5
3621 17.5
3668 17.5
3735 17.5
3837 17.5
4812 17.5
4833 17.5
5065 17.5
5223 17.5
79 17
88 17
214 17
373 17
1199 17
1395 17
1741 17
1798 17
2026 17
2620 17
2945 17
3008 17
3091 17
3132 17
3353 17
3804 17
4683 17
4874 17
5426 17
5908 17
126 16.5
375 16.5
1119 16.5
1125 16.5
1261 16.5
2393 16.5
2453 16.5
2729 16.5
2828 16.5
3583 16.5
3589 16.5
3683 16.5
3724 16.5
3836 16.5
3861 16.5
4159 16.5
4417 16.5
4651 16.5
4834 16.5
5517 16.5
44 16
46 16
72 16
124 16
128 16
212 16
290 16
350 16
605 16
761 16
1083 16
1095 16
1223 16
1239 16
1437 16
1704 16
1721 16
1790 16
2069 16
2076 16
2343 16
2615 16
2695 16
2970 16
2986 16
2991 16
3194 16
3195 16
3384 16
3495 16
3503 16
3540 16
3693 16
3733 16
3737 16
3743 16
3763 16
3802 16
3879 16
3939 16
3945 16
4089 16
4311 16
4379 16
4766 16
4898 16
5063 16
5551 16
5617 16
256 15.5
353 15.5
369 15.5
448 15.5
792 15.5
840 15.5
1173 15.5
1320 15.5
1518 15.5
1847 15.5
1939 15.5
2011 15.5
2341 15.5
2981 15.5
2994 15.5
3035 15.5
3053 15.5
3110 15.5
3338 15.5
3471 15.5
3538 15.5
3541 15.5
3760 15.5
3770 15.5
4044 15.5
4209 15.5
4232 15.5
4346 15.5
4852 15.5
5325 15.5
5661 15.5
5707 15.5
162 15
179 15
380 15
989 15
1046 15
1211 15
1500 15
2055 15
2610 15
2719 15
2730 15
2931 15
3019 15
3209 15
3513 15
3854 15
4079 15
4530 15
4652 15
4712 15
5313 15
106 14.5
171 14.5
346 14.5
357 14.5
371 14.5
1094 14.5
1362 14.5
1579 14.5
1817 14.5
1920 14.5
2084 14.5
2323 14.5
2365 14.5
2460 14.5
2501 14.5
2593 14.5
2669 14.5
2671 14.5
2697 14.5
2732 14.5
2809 14.5
2996 14.5
3065 14.5
3111 14.5
3260 14.5
3270 14.5
3317 14.5
3433 14.5
3584 14.5
3728 14.5
3863 14.5
4066 14.5
4073 14.5
4289 14.5
4445 14.5
4824 14.5
4906 14.5
5038 14.5
5867 14.5
93 14
158 14
428 14
453 14
941 14
1035 14
1085 14
1138 14
2116 14
2121 14
2203 14
2221 14
2394 14
2424 14
2661 14
2704 14
2725 14
2989 14
3074 14
3109 14
3154 14
3238 14
3346 14
3450 14
3546 14
3653 14
3747 14
3774 14
3801 14
3919 14
3982 14
4011 14
4162 14
4637 14
4671 14
5910 14
37 13.5
418 13.5
434 13.5
942 13.5
965 13.5
1170 13.5
1357 13.5
1358 13.5
1432 13.5
1607 13.5
1811 13.5
1814 13.5
1987 13.5
1990 13.5
2492 13.5
2498 13.5
2586 13.5
2721 13.5
2819 13.5
2943 13.5
2947 13.5
3040 13.5
3090 13.5
3186 13.5
3198 13.5
3326 13.5
3443 13.5
3594 13.5
3642 13.5
4000 13.5
4402 13.5
4793 13.5
4877 13.5
5290 13.5
5293 13.5
5319 13.5
5848 13.5
6329 13.5
6434 13.5
271 13
344 13
558 13
738 13
1233 13
1379 13
1552 13
1565 13
1755 13
2282 13
2505 13
2587 13
2942 13
3070 13
3118 13
3121 13
3190 13
3430 13
3544 13
3562 13
3592 13
3669 13
3750 13
3937 13
4081 13
4212 13
4805 13
5121 13
5224 13
5232 13
5233 13
5316 13
6238 13
82 12.5
127 12.5
227 12.5
372 12.5
618 12.5
653 12.5
657 12.5
1836 12.5
2283 12.5
2442 12.5
2445 12.5
2469 12.5
2741 12.5
2984 12.5
3032 12.5
3044 12.5
3275 12.5
3420 12.5
3431 12.5
3505 12.5
3508 12.5
3533 12.5
3548 12.5
3591 12.5
3798 12.5
3922 12.5
4059 12.5
4213 12.5
4345 12.5
5154 12.5
5619 12.5
5680 12.5
6114 12.5
6126 12.5
6360 12.5
221 12
298 12
920 12
935 12
939 12
1043 12
1774 12
1810 12
1840 12
1843 12
1845 12
2085 12
2131 12
2137 12
2222 12
2240 12
2500 12
2569 12
2775 12
2810 12
2886 12
2922 12
2978 12
3134 12
3163 12
3219 12
3245 12
3301 12
3363 12
3378 12
3385 12
3435 12
3462 12
3539 12
3705 12
3771 12
3949 12
4182 12
4297 12
4641 12
4656 12
4727 12
5153 12
5365 12
5667 12
5679 12
6284 12
359 11.5
1109 11.5
1111 11.5
1116 11.5
1144 11.5
1178 11.5
1224 11.5
1435 11.5
1544 11.5
1955 11.5
2088 11.5
2108 11.5
2126 11.5
2128 11.5
2252 11.5
2359 11.5
2477 11.5
2481 11.5
2502 11.5
2588 11.5
2673 11.5
2693 11.5
2710 11.5
2776 11.5
2923 11.5
2953 11.5
3014 11.5
3203 11.5
3535 11.5
3732 11.5
3776 11.5
3794 11.5
3823 11.5
3897 11.5
3909 11.5
3992 11.5
4301 11.5
4394 11.5
4416 11.5
4441 11.5
4499 11.5
4531 11.5
4655 11.5
4694 11.5
4997 11.5
5098 11.5
5128 11.5
5234 11.5
5333 11.5
5418 11.5
5864 11.5
71 11
108 11
243 11
257 11
341 11
416 11
1023 11
1059 11
1393 11
1786 11
1803 11
1860 11
2067 11
2134 11
2153 11
2155 11
2489 11
2694 11
2762 11
2783 11
2973 11
2992 11
3069 11
3115 11
3293 11
3438 11
3506 11
3547 11
3581 11
3800 11
3808 11
3881 11
3944 11
3986 11
3990 11
4140 11
4307 11
4326 11
4372 11
4750 11
4819 11
4835 11
4979 11
5175 11
5292 11
5345 11
5430 11
5608 11
5647 11
5883 11
5911 11
5941 11
6110 11
6146 11
6241 11
155 10.5
254 10.5
289 10.5
360 10.5
401 10.5
635 10.5
650 10.5
1201 10.5
1264 10.5
1365 10.5
1745 10.5
1850 10.5
1912 10.5
2058 10.5
2295 10.5
2306 10.5
2508 10.5
2638 10.5
2654 10.5
2720 10.5
2746 10.5
2811 10.5
3257 10.5
3344 10.5
3351 10.5
3441 10.5
3455 10.5
3585 10.5
3641 10.5
3684 10.5
3762 10.5
3796 10.5
3829 10.5
3852 10.5
3915 10.5
4038 10.5
4177 10.5
4277 10.5
4296 10.5
4388 10.5
4584 10.5
4633 10.5
4636 10.5
4638 10.5
4660 10.5
4711 10.5
4827 10.5
4851 10.5
4978 10.5
5553 10.5
5987 10.5
6086 10.5
6396 10.5
19 10
143 10
1378 10
1401 10
1567 10
1627 10
1629 10
1735 10
1816 10
1824 10
1890 10
2078 10
2200 10
2236 10
2257 10
2292 10
2538 10
2980 10
3192 10
3196 10
3287 10
3595 10
3719 10
3923 10
4020 10
4047 10
4127 10
4335 10
4376 10
4406 10
4415 10
5016 10
5138 10
5402 10
5509 10
5678 10
5954 10
6161 10
6225 10
6234 10
6514 10
2 9.5
421 9.5
624 9.5
786 9.5
974 9.5
1202 9.5
1471 9.5
1602 9.5
1640 9.5
2136 9.5
2376 9.5
2383 9.5
2427 9.5
2551 9.5
2612 9.5
2665 9.5
2736 9.5
2805 9.5
2892 9.5
2976 9.5
3124 9.5
3165 9.5
3247 9.5
3285 9.5
3404 9.5
3447 9.5
3658 9.5
3943 9.5
3951 9.5
3962 9.5
4129 9.5
4146 9.5
4175 9.5
4189 9.5
4860 9.5
4988 9.5
5080 9.5
5123 9.5
5312 9.5
5405 9.5
5539 9.5
6213 9.5
49 9
185 9
411 9
445 9
1017 9
1434 9
1599 9
1600 9
1758 9
1828 9
1896 9
1919 9
1926 9
2002 9
2171 9
2180 9
2245 9
2260 9
2291 9
2307 9
2414 9
2448 9
2602 9
2681 9
2774 9
2791 9
2824 9
2870 9
3025 9
3034 9
3120 9
3126 9
3187 9
3204 9
3237 9
3407 9
3536 9
3666 9
3748 9
3754 9
3773 9
3975 9
4065 9
4068 9
4100 9
4139 9
4282 9
4293 9
4324 9
4332 9
4375 9
4403 9
4573 9
4692 9
4787 9
4789 9
4799 9
4907 9
5046 9
5134 9
5471 9
5600 9
5719 9
5882 9
342 8.5
944 8.5
1075 8.5
1189 8.5
1369 8.5
1504 8.5
1729 8.5
1772 8.5
1859 8.5
1980 8.5
2065 8.5
2111 8.5
2142 8.5
2172 8.5
2321 8.5
2553 8.5
2566 8.5
2646 8.5
2713 8.5
2733 8.5
2784 8.5
2933 8.5
3092 8.5
3183 8.5
3211 8.5
3253 8.5
3291 8.5
3504 8.5
3610 8.5
3701 8.5
3855 8.5
4034 8.5
4067 8.5
4083 8.5
4319 8.5
4510 8.5
4589 8.5
4600 8.5
4645 8.5
4677 8.5
4841 8.5
4856 8.5
5044 8.5
5073 8.5
5226 8.5
6049 8.5
6362 8.5
1032 8
1214 8
1374 8
1438 8
1449 8
1538 8
1767 8
1967 8
2066 8
2237 8
2330 8
2392 8
2428 8
2451 8
2463 8
2663 8
2740 8
2761 8
2772 8
2792 8
3233 8
3274 8
3282 8
3298 8
3364 8
3369 8
3414 8
3442 8
3515 8
3543 8
3545 8
3556 8
3580 8
3587 8
3688 8
3691 8
3924 8
3941 8
3979 8
4158 8
4252 8
4304 8
4305 8
4413 8
4581 8
4654 8
4679 8
4699 8
4892 8
4894 8
4969 8
4972 8
4982 8
5239 8
5341 8
5472 8
5527 8
5773 8
5781 8
5889 8
5920 8
5962 8
6320 8
6367 8
6414 8
6543 8
10 7.5
255 7.5
273 7.5
950 7.5
1375 7.5
1523 7.5
1728 7.5
1738 7.5
1787 7.5
1833 7.5
1851 7.5
1882 7.5
2047 7.5
2303 7.5
2345 7.5
2346 7.5
2398 7.5
2434 7.5
2474 7.5
2829 7.5
2887 7.5
2936 7.5
3016 7.5
3022 7.5
3081 7.5
3227 7.5
3244 7.5
3292 7.5
3343 7.5
3421 7.5
3511 7.5
3551 7.5
3675 7.5
3686 7.5
3696 7.5
3730 7.5
3797 7.5
4032 7.5
4183 7.5
4210 7.5
4255 7.5
4279 7.5
4281 7.5
4308 7.5
4329 7.5
4342 7.5
4370 7.5
4373 7.5
4514 7.5
4583 7.5
4639 7.5
4678 7.5
4681 7.5
4689 7.5
4713 7.5
4768 7.5
4790 7.5
5058 7.5
5152 7.5
5171 7.5
5228 7.5
5275 7.5
5298 7.5
5336 7.5
5350 7.5
5374 7.5
5380 7.5
5495 7.5
5639 7.5
5683 7.5
5731 7.5
6118 7.5
6193 7.5
6199 7.5
6316 7.5
22 7
1051 7
1198 7
1361 7
1457 7
1630 7
1895 7
2072 7
2106 7
2271 7
2294 7
2318 7
2355 7
2364 7
2446 7
2472 7
2511 7
2537 7
2547 7
2594 7
2599 7
2611 7
2625 7
2641 7
2760 7
2787 7
3077 7
3175 7
3294 7
3439 7
3489 7
3528 7
3550 7
3574 7
3575 7
3582 7
3681 7
3753 7
3900 7
3908 7
4003 7
4093 7
4095 7
4150 7
4155 7
4317 7
4341 7
4374 7
4429 7
4634 7
4648 7
4788 7
4844 7
4848 7
4943 7
4998 7
5060 7
5087 7
5227 7
5346 7
5410 7
5532 7
5662 7
5738 7
6136 7
6293 7
322 6.5
525 6.5
861 6.5
1388 6.5
1408 6.5
1459 6.5
1766 6.5
1820 6.5
2311 6.5
2317 6.5
2356 6.5
2404 6.5
2456 6.5
2627 6.5
2629 6.5
2735 6.5
2878 6.5
2930 6.5
3018 6.5
3030 6.5
3078 6.5
3103 6.5
3157 6.5
3280 6.5
3342 6.5
3387 6.5
3396 6.5
3445 6.5
3571 6.5
3677 6.5
3734 6.5
3749 6.5
3856 6.5
3877 6.5
3955 6.5
4008 6.5
4099 6.5
4173 6.5
4178 6.5
4300 6.5
4323 6.5
4387 6.5
4395 6.5
4452 6.5
4481 6.5
4612 6.5
4702 6.5
4728 6.5
4754 6.5
4758 6.5
4798 6.5
4840 6.5
4882 6.5
4899 6.5
4977 6.5
4980 6.5
5037 6.5
5105 6.5
5160 6.5
5277 6.5
5482 6.5
5552 6.5
5627 6.5
5682 6.5
5694 6.5
5887 6.5
5909 6.5
5989 6.5
6532 6.5
1564 6
1829 6
1854 6
1892 6
1898 6
2059 6
2099 6
2160 6
2290 6
2304 6
2353 6
2354 6
2372 6
2459 6
2592 6
2662 6
2708 6
2864 6
2869 6
2915 6
3024 6
3143 6
3164 6
3229 6
3297 6
3315 6
3319 6
3374 6
3383 6
3468 6
3534 6
3674 6
3755 6
3778 6
3845 6
3860 6
3958 6
4035 6
4078 6
4184 6
4275 6
4290 6
4334 6
4450 6
4453 6
4457 6
4497 6
4610 6
4659 6
4674 6
4839 6
4859 6
4911 6
4974 6
5059 6
5190 6
5222 6
5276 6
5314 6
5315 6
5337 6
5338 6
5381 6
5423 6
5443 6
5493 6
5594 6
5604 6
5691 6
5751 6
5852 6
5923 6
6098 6
6151 6
6237 6
6244 6
6416 6
6487 6
6552 6
6553 6
6755 6
142 5.5
447 5.5
1029 5.5
1168 5.5
1200 5.5
1497 5.5
1561 5.5
1586 5.5
1588 5.5
1818 5.5
2379 5.5
2440 5.5
2484 5.5
2555 5.5
2575 5.5
2628 5.5
2802 5.5
2814 5.5
2845 5.5
2987 5.5
3006 5.5
3160 5.5
3161 5.5
3193 5.5
3320 5.5
3609 5.5
3615 5.5
3620 5.5
3878 5.5
3899 5.5
3914 5.5
3993 5.5
4082 5.5
4096 5.5
4163 5.5
4171 5.5
4198 5.5
4271 5.5
4294 5.5
4338 5.5
4400 5.5
4449 5.5
4568 5.5
4622 5.5
4650 5.5
4663 5.5
4872 5.5
5004 5.5
5009 5.5
5042 5.5
5198 5.5
5199 5.5
5200 5.5
5318 5.5
5344 5.5
5368 5.5
5400 5.5
5401 5.5
5403 5.5
5588 5.5
5717 5.5
5737 5.5
5762 5.5
5865 5.5
5906 5.5
5963 5.5
6064 5.5
6124 5.5
6140 5.5
6319 5.5
6469 5.5
6470 5.5
6485 5.5
6814 5.5
339 5
352 5
1005 5
1145 5
1195 5
1203 5
1209 5
1372 5
1452 5
1533 5
1597 5
1598 5
1924 5
2113 5
2161 5
2216 5
2217 5
2224 5
2265 5
2268 5
2322 5
2350 5
2387 5
2388 5
2724 5
3061 5
3177 5
3224 5
3243 5
3268 5
3318 5
3349 5
3413 5
3436 5
3457 5
3470 5
3487 5
3614 5
3687 5
3775 5
3869 5
3952 5
3977 5
3997 5
4187 5
4253 5
4316 5
4320 5
4327 5
4371 5
4386 5
4442 5
4446 5
4472 5
4672 5
4673 5
4756 5
4775 5
4807 5
4886 5
4938 5
4962 5
5002 5
5045 5
5050 5
5068 5
5076 5
5095 5
5099 5
5202 5
5317 5
5494 5
5523 5
5540 5
5546 5
5586 5
5606 5
5653 5
5697 5
5939 5
5944 5
5959 5
5973 5
6082 5
6107 5
6119 5
6233 5
6294 5
985 4.5
1004 4.5
1159 4.5
1391 4.5
1404 4.5
1406 4.5
1407 4.5
1499 4.5
1510 4.5
1546 4.5
1553 4.5
1571 4.5
1902 4.5
1903 4.5
1968 4.5
2226 4.5
2256 4.5
2264 4.5
2335 4.5
2357 4.5
2397 4.5
2399 4.5
2461 4.5
2480 4.5
2544 4.5
2550 4.5
2674 4.5
2698 4.5
2788 4.5
2804 4.5
2967 4.5
3112 4.5
3188 4.5
3225 4.5
3261 4.5
3333 4.5
3357 4.5
3466 4.5
3475 4.5
3700 4.5
3731 4.5
3741 4.5
3795 4.5
3835 4.5
3868 4.5
3932 4.5
4131 4.5
4179 4.5
4188 4.5
4245 4.5
4273 4.5
4298 4.5
4337 4.5
4405 4.5
4437 4.5
4447 4.5
4527 4.5
4625 4.5
4690 4.5
4774 4.5
4778 4.5
4853 4.5
4871 4.5
4890 4.5
5064 4.5
5156 4.5
5173 4.5
5278 4.5
5376 4.5
5399 4.5
5404 4.5
5465 4.5
5581 4.5
5589 4.5
5638 4.5
5643 4.5
5645 4.5
5669 4.5
5675 4.5
5676 4.5
5681 4.5
5686 4.5
5687 4.5
5766 4.5
5912 4.5
5945 4.5
5964 4.5
5977 4.5
6015 4.5
6090 4.5
6132 4.5
6143 4.5
6163 4.5
6192 4.5
6194 4.5
6197 4.5
6232 4.5
6383 4.5
6410 4.5
6427 4.5
6459 4.5
6478 4.5
6510 4.5
6558 4.5
6616 4.5
6971 4.5
260 4
403 4
415 4
967 4
1031 4
1050 4
1172 4
1535 4
1593 4
1606 4
1852 4
1861 4
1891 4
1935 4
2071 4
2090 4
2140 4
2246 4
2247 4
2315 4
2320 4
2375 4
2420 4
2476 4
2576 4
2596 4
2664 4
2690 4
2754 4
2817 4
2832 4
2880 4
2965 4
3017 4
3038 4
3073 4
3152 4
3218 4
3241 4
3269 4
3271 4
3295 4
3372 4
3476 4
3542 4
3563 4
3588 4
3645 4
3689 4
3695 4
3702 4
3777 4
3817 4
3830 4
3927 4
3934 4
3954 4
3987 4
4018 4
4041 4
4144 4
4248 4
4257 4
4377 4
4480 4
4525 4
4546 4
4574 4
4643 4
4647 4
4688 4
4704 4
4738 4
4794 4
4828 4
4836 4
4838 4
4875 4
4905 4
4913 4
4963 4
4990 4
5168 4
5196 4
5230 4
5235 4
5238 4
5291 4
5334 4
5335 4
5342 4
5373 4
5379 4
5413 4
5424 4
5433 4
5479 4
5497 4
5518 4
5537 4
5557 4
5598 4
5624 4
5644 4
5685 4
5729 4
5764 4
5866 4
5956 4
5999 4
6030 4
6068 4
6102 4
6105 4
6112 4
6141 4
6154 4
6155 4
6162 4
6198 4
6216 4
6297 4
6423 4
6435 4
6449 4
6463 4
6473 4
6476 4
6492 4
6501 4
6568 4
6657 4
6683 4
6695 4
6702 4
6797 4
6824 4
6857 4
6882 4
947 3.5
969 3.5
988 3.5
1007 3.5
1114 3.5
1386 3.5
1480 3.5
1831 3.5
2168 3.5
2211 3.5
2267 3.5
2272 3.5
2369 3.5
2371 3.5
2425 3.5
2430 3.5
2441 3.5
2490 3.5
2515 3.5
2572 3.5
2579 3.5
2780 3.5
2816 3.5
2846 3.5
2954 3.5
3075 3.5
3098 3.5
3173 3.5
3251 3.5
3255 3.5
3284 3.5
3356 3.5
3370 3.5
3377 3.5
3380 3.5
3408 3.5
3419 3.5
3449 3.5
3485 3.5
3522 3.5
3526 3.5
3553 3.5
3569 3.5
3616 3.5
3649 3.5
3655 3.5
3673 3.5
3678 3.5
3745 3.5
3779 3.5
3786 3.5
3809 3.5
3811 3.5
3826 3.5
3849 3.5
3859 3.5
3984 3.5
3988 3.5
4001 3.5
4013 3.5
4080 3.5
4088 3.5
4092 3.5
4176 3.5
4234 3.5
4254 3.5
4260 3.5
4280 3.5
4347 3.5
4350 3.5
4353 3.5
4384 3.5
4389 3.5
4414 3.5
4420 3.5
4456 3.5
4471 3.5
4553 3.5
4575 3.5
4587 3.5
4644 3.5
4661 3.5
4676 3.5
4687 3.5
4695 3.5
4765 3.5
4780 3.5
4800 3.5
4842 3.5
4876 3.5
4885 3.5
4902 3.5
4903 3.5
4916 3.5
4971 3.5
5001 3.5
5097 3.5
5131 3.5
5135 3.5
5157 3.5
5167 3.5
5201 3.5
5260 3.5
5308 3.5
5309 3.5
5310 3.5
5359 3.5
5363 3.5
5364 3.5
5369 3.5
5377 3.5
5393 3.5
5412 3.5
5416 3.5
5417 3.5
5420 3.5
5428 3.5
5445 3.5
5455 3.5
5461 3.5
5466 3.5
5480 3.5
5484 3.5
5510 3.5
5515 3.5
5547 3.5
5628 3.5
5636 3.5
5715 3.5
5740 3.5
5778 3.5
5957 3.5
5978 3.5
6024 3.5
6050 3.5
6066 3.5
6092 3.5
6111 3.5
6170 3.5
6247 3.5
6300 3.5
6387 3.5
6399 3.5
6418 3.5
6474 3.5
6477 3.5
6481 3.5
6505 3.5
6521 3.5
6546 3.5
6585 3.5
6594 3.5
6623 3.5
6730 3.5
6907 3.5
948 3
958 3
968 3
971 3
984 3
1021 3
1064 3
1067 3
1069 3
1078 3
1126 3
1204 3
1345 3
1405 3
1485 3
1498 3
1531 3
1805 3
1815 3
1821 3
1826 3
1907 3
1914 3
1934 3
2135 3
2158 3
2261 3
2331 3
2377 3
2418 3
2526 3
2561 3
2577 3
2633 3
2706 3
2851 3
2855 3
2863 3
2872 3
2975 3
3002 3
3067 3
3083 3
3101 3
3189 3
3240 3
3254 3
3259 3
3354 3
3362 3
3391 3
3456 3
3458 3
3465 3
3497 3
3555 3
3612 3
3644 3
3670 3
3685 3
3697 3
3720 3
3725 3
3764 3
3785 3
3850 3
3911 3
3925 3
3929 3
3965 3
3976 3
3981 3
3991 3
3996 3
3999 3
4017 3
4069 3
4111 3
4149 3
4151 3
4168 3
4170 3
4186 3
4243 3
4315 3
4331 3
4351 3
4352 3
4355 3
4364 3
4393 3
4410 3
4436 3
4464 3
4469 3
4470 3
4475 3
4482 3
4520 3
4537 3
4543 3
4548 3
4551 3
4552 3
4569 3
4624 3
4703 3
4739 3
4761 3
4804 3
4825 3
4832 3
4909 3
4919 3
4925 3
4946 3
4948 3
4960 3
4970 3
5003 3
5017 3
5021 3
5034 3
5139 3
5177 3
5180 3
5191 3
5192 3
5197 3
5220 3
5221 3
5231 3
5241 3
5264 3
5343 3
5349 3
5351 3
5427 3
5431 3
5535 3
5563 3
5577 3
5591 3
5607 3
5618 3
5640 3
5673 3
5692 3
5695 3
5696 3
5749 3
5767 3
5774 3
5775 3
5811 3
5875 3
5879 3
5880 3
5901 3
5924 3
5940 3
5953 3
5968 3
5997 3
6011 3
6079 3
6080 3
6088 3
6095 3
6096 3
6109 3
6113 3
6134 3
6139 3
6148 3
6149 3
6150 3
6166 3
6200 3
6201 3
6285 3
6286 3
6328 3
6330 3
6334 3
6341 3
6378 3
6411 3
6431 3
6486 3
6517 3
6519 3
6586 3
6604 3
6634 3
6650 3
6653 3
6676 3
6697 3
6753 3
6779 3
6903 3
6910 3
6929 3
234 2.5
471 2.5
963 2.5
993 2.5
1037 2.5
1045 2.5
1063 2.5
1066 2.5
1068 2.5
1103 2.5
1258 2.5
1392 2.5
1442 2.5
1532 2.5
1557 2.5
1562 2.5
1589 2.5
1812 2.5
2064 2.5
2068 2.5
2109 2.5
2214 2.5
2289 2.5
2305 2.5
2327 2.5
2412 2.5
2438 2.5
2507 2.5
2565 2.5
2813 2.5
2815 2.5
2848 2.5
2888 2.5
2895 2.5
2896 2.5
2900 2.5
2958 2.5
2972 2.5
3170 2.5
3178 2.5
3242 2.5
3246 2.5
3262 2.5
3336 2.5
3340 2.5
3376 2.5
3386 2.5
3405 2.5
3418 2.5
3422 2.5
3432 2.5
3492 2.5
3516 2.5
3531 2.5
3598 2.5
3646 2.5
3647 2.5
3656 2.5
3660 2.5
3665 2.5
3671 2.5
3712 2.5
3718 2.5
3822 2.5
3825 2.5
3866 2.5
3873 2.5
3910 2.5
3933 2.5
3968 2.5
3971 2.5
4004 2.5
4015 2.5
4027 2.5
4045 2.5
4046 2.5
4052 2.5
4193 2.5
4202 2.5
4225 2.5
4230 2.5
4247 2.5
4249 2.5
4256 2.5
4258 2.5
4312 2.5
4340 2.5
4349 2.5
4385 2.5
4409 2.5
4438 2.5
4451 2.5
4461 2.5
4473 2.5
4474 2.5
4496 2.5
4535 2.5
4545 2.5
4565 2.5
4586 2.5
4593 2.5
4594 2.5
4596 2.5
4614 2.5
4619 2.5
4627 2.5
4628 2.5
4662 2.5
4675 2.5
4723 2.5
4753 2.5
4770 2.5
4772 2.5
4781 2.5
4786 2.5
4814 2.5
4850 2.5
4855 2.5
4866 2.5
4908 2.5
4952 2.5
4964 2.5
5020 2.5
5032 2.5
5033 2.5
5049 2.5
5071 2.5
5079 2.5
5120 2.5
5136 2.5
5148 2.5
5161 2.5
5184 2.5
5188 2.5
5255 2.5
5326 2.5
5329 2.5
5389 2.5
5394 2.5
5406 2.5
5432 2.5
5434 2.5
5442 2.5
5444 2.5
5496 2.5
5513 2.5
5519 2.5
5529 2.5
5559 2.5
5565 2.5
5585 2.5
5633 2.5
5637 2.5
5646 2.5
5666 2.5
5677 2.5
5688 2.5
5711 2.5
5712 2.5
5741 2.5
5796 2.5
5803 2.5
5810 2.5
5823 2.5
5855 2.5
5873 2.5
5878 2.5
5914 2.5
5915 2.5
5952 2.5
5958 2.5
6008 2.5
6016 2.5
6020 2.5
6061 2.5
6081 2.5
6094 2.5
6125 2.5
6159 2.5
6171 2.5
6187 2.5
6195 2.5
6214 2.5
6229 2.5
6230 2.5
6236 2.5
6245 2.5
6269 2.5
6272 2.5
6287 2.5
6305 2.5
6314 2.5
6335 2.5
6340 2.5
6375 2.5
6397 2.5
6400 2.5
6405 2.5
6408 2.5
6453 2.5
6467 2.5
6472 2.5
6489 2.5
6493 2.5
6504 2.5
6518 2.5
6555 2.5
6593 2.5
6622 2.5
6674 2.5
6718 2.5
6759 2.5
6838 2.5
6841 2.5
6870 2.5
6871 2.5
6878 2.5
6890 2.5
6975 2.5
6994 2.5
109 2
365 2
427 2
953 2
961 2
1065 2
1102 2
1112 2
1149 2
1194 2
1215 2
1376 2
1382 2
1384 2
1390 2
1398 2
1506 2
1548 2
1563 2
1835 2
1846 2
1848 2
1908 2
2119 2
2173 2
2220 2
2259 2
2270 2
2275 2
2288 2
2308 2
2347 2
2348 2
2351 2
2390 2
2426 2
2499 2
2527 2
2541 2
2556 2
2580 2
2739 2
2785 2
2795 2
2834 2
2853 2
2854 2
2867 2
2876 2
2877 2
2884 2
2885 2
2890 2
2909 2
2917 2
2918 2
2921 2
2925 2
3060 2
3105 2
3114 2
3142 2
3153 2
3167 2
3171 2
3179 2
3180 2
3197 2
3207 2
3258 2
3281 2
3296 2
3310 2
3314 2
3337 2
3379 2
3393 2
3400 2
3416 2
3463 2
3467 2
3491 2
3493 2
3518 2
3613 2
3627 2
3631 2
3651 2
3663 2
3667 2
3682 2
3713 2
3722 2
3740 2
3757 2
3761 2
3787 2
3810 2
3818 2
3827 2
3841 2
3843 2
3875 2
3885 2
3890 2
3892 2
3907 2
3966 2
3980 2
4019 2
4033 2
4051 2
4055 2
4058 2
4070 2
4084 2
4090 2
4094 2
4107 2
4115 2
4142 2
4153 2
4165 2
4180 2
4185 2
4194 2
4200 2
4205 2
4233 2
4241 2
4263 2
4264 2
4267 2
4274 2
4278 2
4362 2
4380 2
4404 2
4428 2
4434 2
4439 2
4444 2
4465 2
4477 2
4483 2
4487 2
4508 2
4523 2
4550 2
4564 2
4572 2
4591 2
4595 2
4598 2
4599 2
4602 2
4604 2
4605 2
4611 2
4613 2
4616 2
4623 2
4630 2
4640 2
4658 2
4669 2
4670 2
4680 2
4705 2
4706 2
4729 2
4757 2
4776 2
4795 2
4797 2
4802 2
4806 2
4808 2
4813 2
4818 2
4829 2
4849 2
4861 2
4864 2
4869 2
4873 2
4878 2
4880 2
4900 2
4904 2
4912 2
4917 2
4918 2
4922 2
4923 2
4937 2
4944 2
4973 2
4983 2
4991 2
5027 2
5029 2
5031 2
5043 2
5048 2
5069 2
5072 2
5100 2
5103 2
5106 2
5114 2
5130 2
5158 2
5165 2
5179 2
5189 2
5193 2
5195 2
5203 2
5207 2
5212 2
5242 2
5247 2
5248 2
5249 2
5250 2
5257 2
5272 2
5327 2
5331 2
5347 2
5353 2
5358 2
5370 2
5398 2
5407 2
5408 2
5411 2
5415 2
5421 2
5422 2
5437 2
5440 2
5456 2
5468 2
5469 2
5473 2
5481 2
5488 2
5492 2
5498 2
5530 2
5555 2
5558 2
5561 2
5562 2
5568 2
5578 2
5593 2
5605 2
5612 2
5620 2
5621 2
5629 2
5641 2
5642 2
5650 2
5657 2
5659 2
5665 2
5670 2
5671 2
5689 2
5690 2
5693 2
5698 2
5722 2
5734 2
5739 2
5747 2
5754 2
5760 2
5784 2
5791 2
5800 2
5806 2
5824 2
5832 2
5845 2
5850 2
5853 2
5860 2
5868 2
5870 2
5892 2
5903 2
5905 2
5921 2
5931 2
5961 2
5970 2
5974 2
5990 2
5992 2
6014 2
6032 2
6035 2
6040 2
6041 2
6043 2
6044 2
6046 2
6085 2
6097 2
6100 2
6106 2
6120 2
6121 2
6123 2
6157 2
6158 2
6167 2
6169 2
6174 2
6181 2
6186 2
6206 2
6221 2
6226 2
6227 2
6240 2
6257 2
6262 2
6264 2
6266 2
6275 2
6291 2
6303 2
6304 2
6308 2
6338 2
6361 2
6363 2
6393 2
6394 2
6428 2
6430 2
6432 2
6442 2
6443 2
6456 2
6465 2
6466 2
6475 2
6480 2
6482 2
6498 2
6502 2
6512 2
6515 2
6524 2
6527 2
6534 2
6554 2
6563 2
6564 2
6597 2
6598 2
6613 2
6621 2
6633 2
6636 2
6639 2
6655 2
6656 2
6664 2
6667 2
6670 2
6675 2
6680 2
6684 2
6689 2
6696 2
6747 2
6757 2
6767 2
6775 2
6782 2
6789 2
6799 2
6802 2
6818 2
6820 2
6822 2
6828 2
6829 2
6839 2
6842 2
6856 2
6862 2
6864 2
6874 2
6876 2
6877 2
6891 2
6892 2
6919 2
6926 2
6940 2
6941 2
6948 2
6953 2
6958 2
7003 2
7005 2
7017 2
7038 2
7047 2
426 1.5
444 1.5
951 1.5
954 1.5
1001 1.5
1010 1.5
1383 1.5
1445 1.5
1446 1.5
1501 1.5
1502 1.5
1550 1.5
1558 1.5
1756 1.5
1855 1.5
1936 1.5
2100 1.5
2123 1.5
2129 1.5
2166 1.5
2189 1.5
2228 1.5
2263 1.5
2334 1.5
2368 1.5
2416 1.5
2417 1.5
2419 1.5
2458 1.5
2568 1.5
2651 1.5
2753 1.5
2759 1.5
2764 1.5
2765 1.5
2779 1.5
2796 1.5
2812 1.5
2844 1.5
2873 1.5
2889 1.5
2907 1.5
2910 1.5
2914 1.5
2916 1.5
2919 1.5
2938 1.5
2939 1.5
2955 1.5
2957 1.5
2960 1.5
3011 1.5
3054 1.5
3099 1.5
3106 1.5
3145 1.5
3147 1.5
3181 1.5
3208 1.5
3256 1.5
3267 1.5
3278 1.5
3289 1.5
3303 1.5
3304 1.5
3305 1.5
3307 1.5
3312 1.5
3334 1.5
3350 1.5
3381 1.5
3382 1.5
3389 1.5
3429 1.5
3461 1.5
3483 1.5
3490 1.5
3501 1.5
3512 1.5
3519 1.5
3521 1.5
3527 1.5
3597 1.5
3599 1.5
3600 1.5
3618 1.5
3630 1.5
3634 1.5
3636 1.5
3703 1.5
3706 1.5
3708 1.5
3726 1.5
3769 1.5
3781 1.5
3807 1.5
3815 1.5
3832 1.5
3833 1.5
3840 1.5
3867 1.5
3871 1.5
3872 1.5
3876 1.5
3882 1.5
3884 1.5
3886 1.5
3896 1.5
3901 1.5
3904 1.5
3906 1.5
3912 1.5
3930 1.5
3948 1.5
3969 1.5
3970 1.5
3985 1.5
3989 1.5
4009 1.5
4012 1.5
4014 1.5
4023 1.5
4040 1.5
4042 1.5
4043 1.5
4050 1.5
4053 1.5
4054 1.5
4056 1.5
4057 1.5
4062 1.5
4098 1.5
4108 1.5
4114 1.5
4120 1.5
4121 1.5
4122 1.5
4125 1.5
4136 1.5
4138 1.5
4143 1.5
4164 1.5
4167 1.5
4196 1.5
4207 1.5
4226 1.5
4235 1.5
4240 1.5
4244 1.5
4265 1.5
4270 1.5
4276 1.5
4313 1.5
4318 1.5
4333 1.5
4343 1.5
4344 1.5
4381 1.5
4392 1.5
4396 1.5
4418 1.5
4419 1.5
4423 1.5
4424 1.5
4426 1.5
4430 1.5
4433 1.5
4455 1.5
4462 1.5
4466 1.5
4479 1.5
4488 1.5
4492 1.5
4493 1.5
4498 1.5
4528 1.5
4538 1.5
4539 1.5
4540 1.5
4541 1.5
4544 1.5
4547 1.5
4555 1.5
4563 1.5
4578 1.5
4579 1.5
4603 1.5
4608 1.5
4609 1.5
4617 1.5
4618 1.5
4664 1.5
4707 1.5
4715 1.5
4759 1.5
4763 1.5
4769 1.5
4803 1.5
4810 1.5
4857 1.5
4865 1.5
4870 1.5
4881 1.5
4891 1.5
4897 1.5
4927 1.5
4928 1.5
4932 1.5
4933 1.5
4951 1.5
4955 1.5
4956 1.5
4958 1.5
4968 1.5
4981 1.5
4985 1.5
4992 1.5
5010 1.5
5014 1.5
5019 1.5
5039 1.5
5052 1.5
5055 1.5
5057 1.5
5074 1.5
5081 1.5
5092 1.5
5110 1.5
5116 1.5
5119 1.5
5122 1.5
5127 1.5
5142 1.5
5144 1.5
5149 1.5
5162 1.5
5164 1.5
5178 1.5
5187 1.5
5194 1.5
5204 1.5
5211 1.5
5217 1.5
5246 1.5
5253 1.5
5254 1.5
5266 1.5
5269 1.5
5273 1.5
5283 1.5
5287 1.5
5302 1.5
5306 1.5
5322 1.5
5330 1.5
5354 1.5
5386 1.5
5387 1.5
5392 1.5
5395 1.5
5446 1.5
5448 1.5
5450 1.5
5451 1.5
5453 1.5
5460 1.5
5478 1.5
5485 1.5
5486 1.5
5487 1.5
5490 1.5
5506 1.5
5507 1.5
5521 1.5
5538 1.5
5541 1.5
5542 1.5
5543 1.5
5544 1.5
5570 1.5
5572 1.5
5597 1.5
5623 1.5
5626 1.5
5632 1.5
5634 1.5
5635 1.5
5652 1.5
5655 1.5
5658 1.5
5699 1.5
5700 1.5
5714 1.5
5716 1.5
5723 1.5
5725 1.5
5730 1.5
5745 1.5
5756 1.5
5761 1.5
5770 1.5
5779 1.5
5792 1.5
5798 1.5
5799 1.5
5814 1.5
5818 1.5
5819 1.5
5844 1.5
5859 1.5
5884 1.5
5885 1.5
5886 1.5
5897 1.5
5900 1.5
5916 1.5
5925 1.5
5930 1.5
5933 1.5
5938 1.5
5946 1.5
5948 1.5
5949 1.5
5955 1.5
5965 1.5
5982 1.5
5983 1.5
5984 1.5
6010 1.5
6018 1.5
6022 1.5
6023 1.5
6026 1.5
6029 1.5
6031 1.5
6036 1.5
6047 1.5
6048 1.5
6054 1.5
6071 1.5
6122 1.5
6160 1.5
6164 1.5
6177 1.5
6179 1.5
6202 1.5
6212 1.5
6222 1.5
6243 1.5
6251 1.5
6254 1.5
6255 1.5
6276 1.5
6277 1.5
6281 1.5
6288 1.5
6292 1.5
6302 1.5
6307 1.5
6315 1.5
6322 1.5
6325 1.5
6343 1.5
6353 1.5
6364 1.5
6365 1.5
6366 1.5
6370 1.5
6371 1.5
6388 1.5
6401 1.5
6403 1.5
6417 1.5
6420 1.5
6441 1.5
6448 1.5
6451 1.5
6452 1.5
6464 1.5
6483 1.5
6490 1.5
6494 1.5
6497 1.5
6511 1.5
6520 1.5
6522 1.5
6526 1.5
6536 1.5
6537 1.5
6541 1.5
6547 1.5
6556 1.5
6565 1.5
6569 1.5
6580 1.5
6584 1.5
6591 1.5
6606 1.5
6607 1.5
6612 1.5
6625 1.5
6627 1.5
6629 1.5
6642 1.5
6645 1.5
6649 1.5
6671 1.5
6672 1.5
6677 1.5
6688 1.5
6704 1.5
6707 1.5
6711 1.5
6712 1.5
6715 1.5
6716 1.5
6719 1.5
6721 1.5
6724 1.5
6731 1.5
6733 1.5
6739 1.5
6766 1.5
6784 1.5
6792 1.5
6798 1.5
6806 1.5
6811 1.5
6812 1.5
6813 1.5
6816 1.5
6819 1.5
6827 1.5
6831 1.5
6836 1.5
6840 1.5
6843 1.5
6845 1.5
6848 1.5
6849 1.5
6861 1.5
6881 1.5
6888 1.5
6889 1.5
6894 1.5
6906 1.5
6908 1.5
6915 1.5
6925 1.5
6933 1.5
6943 1.5
6944 1.5
6946 1.5
6949 1.5
6961 1.5
6962 1.5
6963 1.5
6966 1.5
6997 1.5
7002 1.5
7004 1.5
7006 1.5
7011 1.5
7013 1.5
7018 1.5
7020 1.5
7021 1.5
7022 1.5
7023 1.5
7024 1.5
7025 1.5
7027 1.5
7044 1.5
7045 1.5
7046 1.5
7048 1.5
7050 1.5
7051 1.5
7054 1.5
7057 1.5
7066 1.5
107 1
949 1
952 1
955 1
956 1
959 1
966 1
991 1
994 1
1009 1
1013 1
1380 1
1387 1
1394 1
1397 1
1399 1
1400 1
1402 1
1403 1
1433 1
1439 1
1440 1
1441 1
1444 1
1461 1
1503 1
1527 1
1534 1
1536 1
1539 1
1547 1
1551 1
1556 1
1694 1
1760 1
1761 1
1779 1
1813 1
1827 1
1830 1
1832 1
1853 1
1856 1
1857 1
1905 1
1906 1
1909 1
1910 1
1911 1
1913 1
1937 1
2070 1
2097 1
2098 1
2101 1
2104 1
2107 1
2114 1
2117 1
2120 1
2122 1
2124 1
2165 1
2207 1
2208 1
2213 1
2219 1
2223 1
2227 1
2232 1
2250 1
2251 1
2253 1
2254 1
2255 1
2269 1
2273 1
2274 1
2284 1
2293 1
2296 1
2297 1
2298 1
2299 1
2300 1
2309 1
2310 1
2316 1
2329 1
2338 1
2342 1
2349 1
2360 1
2362 1
2363 1
2366 1
2367 1
2381 1
2382 1
2402 1
2409 1
2410 1
2415 1
2436 1
2486 1
2487 1
2491 1
2519 1
2520 1
2529 1
2535 1
2536 1
2539 1
2542 1
2543 1
2563 1
2567 1
2584 1
2600 1
2601 1
2711 1
2747 1
2748 1
2749 1
2750 1
2751 1
2752 1
2755 1
2756 1
2757 1
2758 1
2763 1
2766 1
2767 1
2769 1
2771 1
2778 1
2781 1
2789 1
2790 1
2794 1
2797 1
2798 1
2799 1
2800 1
2803 1
2820 1
2821 1
2835 1
2836 1
2837 1
2843 1
2847 1
2850 1
2865 1
2866 1
2868 1
2874 1
2875 1
2879 1
2893 1
2897 1
2898 1
2899 1
2901 1
2902 1
2903 1
2904 1
2905 1
2906 1
2908 1
2911 1
2912 1
2913 1
2920 1
2924 1
2926 1
2927 1
2928 1
2929 1
2932 1
2935 1
2937 1
2940 1
2941 1
2956 1
3010 1
3012 1
3013 1
3056 1
3057 1
3058 1
3059 1
3068 1
3082 1
3084 1
3089 1
3095 1
3096 1
3097 1
3116 1
3117 1
3139 1
3140 1
3144 1
3146 1
3148 1
3151 1
3158 1
3159 1
3166 1
3168 1
3169 1
3172 1
3182 1
3184 1
3185 1
3191 1
3210 1
3217 1
3220 1
3221 1
3239 1
3263 1
3265 1
3266 1
3272 1
3273 1
3276 1
3286 1
3299 1
3306 1
3308 1
3309 1
3311 1
3313 1
3316 1
3321 1
3322 1
3328 1
3329 1
3330 1
3332 1
3335 1
3348 1
3352 1
3355 1
3358 1
3365 1
3388 1
3390 1
3392 1
3395 1
3398 1
3399 1
3409 1
3410 1
3411 1
3412 1
3427 1
3437 1
3444 1
3446 1
3453 1
3459 1
3460 1
3464 1
3469 1
3472 1
3473 1
3474 1
3477 1
3478 1
3479 1
3480 1
3481 1
3482 1
3484 1
3494 1
3496 1
3499 1
3500 1
3502 1
3520 1
3523 1
3524 1
3525 1
3529 1
3530 1
3532 1
3552 1
3554 1
3557 1
3558 1
3559 1
3565 1
3568 1
3570 1
3572 1
3577 1
3578 1
3593 1
3601 1
3602 1
3603 1
3604 1
3605 1
3606 1
3607 1
3608 1
3617 1
3619 1
3623 1
3624 1
3625 1
3626 1
3628 1
3629 1
3632 1
3633 1
3635 1
3637 1
3643 1
3648 1
3650 1
3652 1
3654 1
3657 1
3659 1
3661 1
3662 1
3664 1
3676 1
3679 1
3680 1
3690 1
3694 1
3698 1
3699 1
3704 1
3707 1
3709 1
3710 1
3711 1
3714 1
3715 1
3716 1
3717 1
3721 1
3736 1
3742 1
3744 1
3746 1
3765 1
3766 1
3767 1
3768 1
3780 1
3782 1
3783 1
3784 1
3788 1
3789 1
3803 1
3805 1
3806 1
3812 1
3814 1
3816 1
3819 1
3820 1
3821 1
3828 1
3831 1
3838 1
3839 1
3846 1
3848 1
3853 1
3864 1
3865 1
3870 1
3874 1
3880 1
3883 1
3887 1
3888 1
3889 1
3891 1
3893 1
3894 1
3895 1
3902 1
3903 1
3905 1
3917 1
3918 1
3926 1
3928 1
3931 1
3938 1
3942 1
3953 1
3956 1
3957 1
3959 1
3960 1
3963 1
3964 1
3967 1
3972 1
3973 1
3974 1
3978 1
4005 1
4006 1
4007 1
4010 1
4016 1
4021 1
4022 1
4024 1
4025 1
4026 1
4028 1
4029 1
4030 1
4031 1
4036 1
4037 1
4039 1
4048 1
4049 1
4060 1
4061 1
4063 1
4064 1
4071 1
4075 1
4077 1
4085 1
4087 1
4091 1
4101 1
4102 1
4103 1
4104 1
4105 1
4106 1
4109 1
4110 1
4112 1
4113 1
4117 1
4118 1
4119 1
4124 1
4126 1
4128 1
4130 1
4133 1
4135 1
4137 1
4141 1
4145 1
4147 1
4148 1
4152 1
4154 1
4156 1
4157 1
4160 1
4161 1
4172 1
4174 1
4181 1
4191 1
4195 1
4197 1
4199 1
4201 1
4203 1
4204 1
4206 1
4208 1
4211 1
4214 1
4215 1
4216 1
4217 1
4218 1
4219 1
4221 1
4222 1
4223 1
4224 1
4227 1
4228 1
4229 1
4236 1
4237 1
4238 1
4239 1
4242 1
4246 1
4250 1
4251 1
4259 1
4266 1
4268 1
4269 1
4272 1
4283 1
4284 1
4285 1
4287 1
4292 1
4302 1
4310 1
4314 1
4321 1
4322 1
4325 1
4328 1
4330 1
4336 1
4339 1
4348 1
4354 1
4356 1
4357 1
4358 1
4359 1
4360 1
4361 1
4363 1
4365 1
4366 1
4367 1
4368 1
4369 1
4382 1
4390 1
4391 1
4397 1
4398 1
4399 1
4401 1
4407 1
4408 1
4421 1
4422 1
4425 1
4427 1
4431 1
4432 1
4435 1
4448 1
4454 1
4458 1
4459 1
4460 1
4463 1
4467 1
4468 1
4476 1
4478 1
4484 1
4485 1
4486 1
4489 1
4490 1
4491 1
4494 1
4495 1
4501 1
4502 1
4503 1
4504 1
4505 1
4506 1
4507 1
4509 1
4511 1
4512 1
4513 1
4516 1
4519 1
4521 1
4522 1
4524 1
4529 1
4532 1
4533 1
4534 1
4536 1
4542 1
4554 1
4556 1
4557 1
4559 1
4560 1
4561 1
4567 1
4570 1
4571 1
4576 1
4577 1
4582 1
4585 1
4592 1
4597 1
4601 1
4606 1
4607 1
4615 1
4620 1
4621 1
4629 1
4631 1
4632 1
4635 1
4642 1
4657 1
4665 1
4666 1
4667 1
4668 1
4682 1
4684 1
4685 1
4686 1
4691 1
4693 1
4696 1
4700 1
4701 1
4708 1
4709 1
4714 1
4716 1
4718 1
4719 1
4720 1
4721 1
4722 1
4724 1
4725 1
4726 1
4730 1
4731 1
4732 1
4733 1
4734 1
4737 1
4740 1
4743 1
4744 1
4745 1
4746 1
4747 1
4748 1
4749 1
4751 1
4752 1
4755 1
4760 1
4762 1
4764 1
4767 1
4771 1
4773 1
4782 1
4783 1
4784 1
4785 1
4791 1
4792 1
4796 1
4801 1
4809 1
4811 1
4815 1
4816 1
4817 1
4820 1
4821 1
4823 1
4826 1
4830 1
4837 1
4845 1
4847 1
4854 1
4858 1
4862 1
4863 1
4867 1
4868 1
4879 1
4883 1
4884 1
4887 1
4888 1
4889 1
4893 1
4895 1
4896 1
4901 1
4910 1
4914 1
4915 1
4920 1
4921 1
4924 1
4926 1
4929 1
4930 1
4931 1
4934 1
4935 1
4936 1
4939 1
4940 1
4941 1
4942 1
4945 1
4947 1
4949 1
4950 1
4953 1
4954 1
4957 1
4959 1
4961 1
4965 1
4966 1
4967 1
4984 1
4986 1
4987 1
4993 1
4994 1
4995 1
4996 1
5000 1
5005 1
5006 1
5007 1
5008 1
5011 1
5012 1
5015 1
5018 1
5022 1
5024 1
5025 1
5026 1
5028 1
5030 1
5035 1
5036 1
5040 1
5041 1
5047 1
5051 1
5053 1
5054 1
5056 1
5061 1
5062 1
5066 1
5067 1
5070 1
5075 1
5077 1
5078 1
5082 1
5083 1
5084 1
5085 1
5090 1
5091 1
5093 1
5101 1
5102 1
5104 1
5107 1
5108 1
5109 1
5111 1
5112 1
5113 1
5115 1
5117 1
5118 1
5124 1
5125 1
5126 1
5129 1
5132 1
5133 1
5137 1
5140 1
5141 1
5143 1
5145 1
5146 1
5147 1
5150 1
5151 1
5159 1
5163 1
5169 1
5170 1
5172 1
5174 1
5176 1
5181 1
5182 1
5183 1
5185 1
5186 1
5205 1
5206 1
5208 1
5209 1
5210 1
5213 1
5214 1
5215 1
5216 1
5218 1
5219 1
5236 1
5237 1
5240 1
5243 1
5251 1
5252 1
5256 1
5258 1
5259 1
5261 1
5262 1
5263 1
5265 1
5267 1
5268 1
5270 1
5271 1
5274 1
5279 1
5280 1
5281 1
5282 1
5284 1
5285 1
5286 1
5288 1
5289 1
5295 1
5297 1
5299 1
5300 1
5301 1
5303 1
5304 1
5305 1
5307 1
5311 1
5320 1
5321 1
5323 1
5324 1
5332 1
5339 1
5340 1
5352 1
5355 1
5356 1
5357 1
5360 1
5361 1
5362 1
5366 1
5367 1
5371 1
5372 1
5382 1
5383 1
5384 1
5385 1
5388 1
5390 1
5391 1
5396 1
5397 1
5409 1
5414 1
5419 1
5429 1
5435 1
5438 1
5439 1
5441 1
5447 1
5449 1
5452 1
5454 1
5457 1
5458 1
5459 1
5462 1
5463 1
5464 1
5467 1
5470 1
5474 1
5476 1
5477 1
5483 1
5489 1
5491 1
5499 1
5500 1
5501 1
5502 1
5503 1
5504 1
5505 1
5508 1
5511 1
5512 1
5514 1
5516 1
5520 1
5522 1
5524 1
5525 1
5526 1
5528 1
5531 1
5533 1
5534 1
5536 1
5545 1
5548 1
5549 1
5550 1
5554 1
5556 1
5560 1
5566 1
5567 1
5569 1
5571 1
5573 1
5574 1
5575 1
5576 1
5579 1
5580 1
5582 1
5583 1
5584 1
5587 1
5590 1
5592 1
5595 1
5596 1
5599 1
5601 1
5602 1
5603 1
5609 1
5610 1
5611 1
5613 1
5614 1
5615 1
5616 1
5625 1
5630 1
5631 1
5648 1
5649 1
5651 1
5654 1
5656 1
5660 1
5663 1
5664 1
5668 1
5672 1
5674 1
5701 1
5702 1
5703 1
5704 1
5705 1
5706 1
5708 1
5709 1
5710 1
5713 1
5718 1
5720 1
5721 1
5724 1
5726 1
5727 1
5732 1
5733 1
5735 1
5736 1
5742 1
5743 1
5744 1
5746 1
5748 1
5750 1
5752 1
5753 1
5755 1
5757 1
5758 1
5759 1
5763 1
5765 1
5768 1
5769 1
5771 1
5772 1
5776 1
5780 1
5782 1
5783 1
5785 1
5786 1
5787 1
5788 1
5789 1
5790 1
5793 1
5794 1
5795 1
5797 1
5801 1
5802 1
5804 1
5805 1
5807 1
5808 1
5809 1
5812 1
5813 1
5815 1
5816 1
5817 1
5820 1
5821 1
5822 1
5828 1
5830 1
5831 1
5833 1
5834 1
5835 1
5836 1
5837 1
5838 1
5839 1
5840 1
5841 1
5843 1
5846 1
5847 1
5849 1
5851 1
5854 1
5856 1
5857 1
5858 1
5861 1
5862 1
5863 1
5869 1
5871 1
5872 1
5876 1
5877 1
5881 1
5888 1
5890 1
5891 1
5893 1
5894 1
5895 1
5896 1
5898 1
5899 1
5902 1
5904 1
5907 1
5917 1
5918 1
5919 1
5922 1
5926 1
5927 1
5928 1
5929 1
5934 1
5935 1
5936 1
5937 1
5942 1
5943 1
5947 1
5950 1
5960 1
5966 1
5967 1
5969 1
5971 1
5972 1
5975 1
5976 1
5979 1
5980 1
5981 1
5985 1
5986 1
5988 1
5991 1
5993 1
5994 1
5995 1
5996 1
5998 1
6000 1
6001 1
6002 1
6003 1
6004 1
6005 1
6006 1
6007 1
6009 1
6012 1
6013 1
6017 1
6019 1
6021 1
6025 1
6027 1
6028 1
6033 1
6034 1
6037 1
6038 1
6039 1
6042 1
6045 1
6051 1
6052 1
6053 1
6055 1
6056 1
6057 1
6058 1
6059 1
6060 1
6062 1
6063 1
6065 1
6067 1
6069 1
6070 1
6073 1
6074 1
6075 1
6076 1
6077 1
6078 1
6083 1
6084 1
6087 1
6089 1
6091 1
6093 1
6101 1
6103 1
6108 1
6115 1
6116 1
6117 1
6127 1
6128 1
6129 1
6130 1
6131 1
6133 1
6135 1
6137 1
6138 1
6142 1
6144 1
6145 1
6147 1
6152 1
6153 1
6156 1
6165 1
6168 1
6172 1
6173 1
6175 1
6176 1
6178 1
6180 1
6182 1
6183 1
6184 1
6185 1
6188 1
6189 1
6190 1
6191 1
6196 1
6203 1
6204 1
6205 1
6207 1
6208 1
6209 1
6210 1
6211 1
6215 1
6217 1
6218 1
6219 1
6220 1
6223 1
6224 1
6228 1
6231 1
6235 1
6239 1
6242 1
6246 1
6248 1
6249 1
6250 1
6252 1
6253 1
6256 1
6258 1
6259 1
6260 1
6261 1
6263 1
6265 1
6267 1
6268 1
6270 1
6271 1
6273 1
6274 1
6278 1
6279 1
6280 1
6282 1
6289 1
6290 1
6295 1
6296 1
6298 1
6299 1
6301 1
6306 1
6309 1
6310 1
6311 1
6313 1
6317 1
6318 1
6321 1
6323 1
6324 1
6326 1
6327 1
6331 1
6332 1
6333 1
6336 1
6337 1
6339 1
6344 1
6345 1
6346 1
6347 1
6348 1
6350 1
6351 1
6352 1
6354 1
6356 1
6357 1
6369 1
6372 1
6373 1
6374 1
6376 1
6377 1
6379 1
6380 1
6381 1
6384 1
6385 1
6389 1
6390 1
6391 1
6392 1
6395 1
6398 1
6402 1
6404 1
6406 1
6407 1
6409 1
6412 1
6415 1
6419 1
6421 1
6422 1
6424 1
6425 1
6426 1
6433 1
6436 1
6437 1
6438 1
6439 1
6440 1
6444 1
6445 1
6446 1
6447 1
6450 1
6454 1
6455 1
6457 1
6458 1
6460 1
6461 1
6462 1
6468 1
6471 1
6479 1
6484 1
6488 1
6491 1
6495 1
6496 1
6499 1
6500 1
6507 1
6508 1
6509 1
6513 1
6516 1
6523 1
6525 1
6528 1
6529 1
6531 1
6533 1
6535 1
6538 1
6539 1
6540 1
6542 1
6544 1
6545 1
6548 1
6550 1
6551 1
6557 1
6559 1
6560 1
6561 1
6562 1
6570 1
6571 1
6572 1
6573 1
6574 1
6576 1
6577 1
6579 1
6581 1
6582 1
6583 1
6587 1
6588 1
6589 1
6590 1
6592 1
6595 1
6596 1
6599 1
6600 1
6601 1
6602 1
6603 1
6608 1
6609 1
6610 1
6611 1
6614 1
6615 1
6617 1
6618 1
6619 1
6620 1
6624 1
6626 1
6628 1
6630 1
6631 1
6632 1
6635 1
6637 1
6638 1
6640 1
6641 1
6643 1
6646 1
6647 1
6648 1
6651 1
6654 1
6658 1
6659 1
6660 1
6661 1
6662 1
6663 1
6665 1
6666 1
6668 1
6669 1
6673 1
6678 1
6679 1
6681 1
6682 1
6685 1
6686 1
6687 1
6690 1
6691 1
6692 1
6693 1
6694 1
6699 1
6701 1
6703 1
6705 1
6706 1
6708 1
6709 1
6710 1
6713 1
6714 1
6717 1
6720 1
6722 1
6723 1
6725 1
6726 1
6727 1
6728 1
6732 1
6734 1
6735 1
6736 1
6737 1
6738 1
6740 1
6741 1
6742 1
6743 1
6744 1
6745 1
6748 1
6749 1
6750 1
6751 1
6752 1
6754 1
6756 1
6758 1
6761 1
6762 1
6763 1
6764 1
6768 1
6769 1
6770 1
6771 1
6773 1
6774 1
6776 1
6777 1
6778 1
6780 1
6781 1
6783 1
6785 1
6786 1
6787 1
6788 1
6790 1
6791 1
6793 1
6794 1
6795 1
6796 1
6800 1
6803 1
6804 1
6805 1
6807 1
6808 1
6809 1
6810 1
6815 1
6817 1
6821 1
6823 1
6825 1
6826 1
6830 1
6832 1
6833 1
6834 1
6835 1
6837 1
6844 1
6846 1
6847 1
6850 1
6851 1
6852 1
6853 1
6854 1
6855 1
6858 1
6859 1
6860 1
6863 1
6865 1
6866 1
6867 1
6868 1
6869 1
6872 1
6873 1
6875 1
6879 1
6880 1
6883 1
6884 1
6885 1
6887 1
6893 1
6895 1
6896 1
6897 1
6898 1
6899 1
6900 1
6901 1
6902 1
6904 1
6905 1
6909 1
6911 1
6912 1
6913 1
6914 1
6916 1
6917 1
6918 1
6920 1
6921 1
6922 1
6923 1
6924 1
6927 1
6928 1
6930 1
6931 1
6932 1
6934 1
6935 1
6936 1
6937 1
6938 1
6939 1
6942 1
6945 1
6947 1
6950 1
6951 1
6952 1
6954 1
6955 1
6956 1
6957 1
6959 1
6960 1
6964 1
6965 1
6967 1
6968 1
6969 1
6970 1
6972 1
6973 1
6974 1
6976 1
6977 1
6978 1
6979 1
6980 1
6981 1
6982 1
6983 1
6984 1
6985 1
6986 1
6987 1
6988 1
6989 1
6990 1
6991 1
6992 1
6993 1
6995 1
6996 1
6998 1
6999 1
7000 1
7001 1
7008 1
7009 1
7010 1
7012 1
7014 1
7015 1
7016 1
7019 1
7026 1
7028 1
7029 1
7030 1
7031 1
7032 1
7033 1
7034 1
7036 1
7037 1
7039 1
7040 1
7041 1
7042 1
7043 1
7052 1
7053 1
7055 1
7056 1
7059 1
7060 1
7061 1
7062 1
7063 1
7064 1
7065 1
2212 0.5
2229 0.5
2266 0.5
2488 0.5
2540 0.5
2597 0.5
2782 0.5
2801 0.5
2959 0.5
3141 0.5
3264 0.5
3277 0.5
3302 0.5
3498 0.5
3842 0.5
3847 0.5
3898 0.5
3913 0.5
4086 0.5
4097 0.5
4116 0.5
4134 0.5
4192 0.5
4220 0.5
4517 0.5
4518 0.5
4558 0.5
4566 0.5
4588 0.5
4590 0.5
4697 0.5
4698 0.5
4717 0.5
4735 0.5
4736 0.5
4741 0.5
4742 0.5
4822 0.5
5013 0.5
5023 0.5
5088 0.5
5089 0.5
5094 0.5
5244 0.5
5245 0.5
5328 0.5
5378 0.5
5475 0.5
5728 0.5
5777 0.5
5825 0.5
5826 0.5
5827 0.5
5829 0.5
5842 0.5
5874 0.5
5932 0.5
6072 0.5
6283 0.5
6312 0.5
6342 0.5
6349 0.5
6355 0.5
6358 0.5
6359 0.5
6368 0.5
6382 0.5
6386 0.5
6413 0.5
6429 0.5
6503 0.5
6506 0.5
6530 0.5
6549 0.5
6566 0.5
6567 0.5
6575 0.5
6578 0.5
6605 0.5
6644 0.5
6652 0.5
6698 0.5
6700 0.5
6729 0.5
6746 0.5
6760 0.5
6765 0.5
6772 0.5
6801 0.5
6886 0.5
7007 0.5
7035 0.5
7049 0.5
7058 0.5
