node 1311 iteration 0
0 0
1 3
2 15
3 35
4 39
5 58
6 79
7 105
8 96
9 108
10 74
11 49
12 31
13 21
14 9
15 13
16 13
17 12
18 13
19 6
20 4
21 4
22 2
23 2
24 0
25 0
last timestep 25
node 1311 iteration 1
0 0
1 1
2 1
3 2
4 2
5 3
6 1
7 2
8 3
9 7
10 17
11 24
12 37
13 66
14 80
15 94
16 93
17 75
18 66
19 50
20 18
21 22
22 15
23 13
24 6
25 5
26 8
27 5
28 5
29 1
30 0
31 0
last timestep 31
node 1311 iteration 2
0 0
1 0
2 1
3 4
4 9
5 22
6 36
7 55
8 77
9 90
10 96
11 95
12 92
13 68
14 55
15 35
16 17
17 7
18 4
19 6
20 6
21 2
22 1
23 1
24 3
25 5
26 1
27 1
28 0
last timestep 28
node 1311 iteration 3
0 0
1 1
2 1
3 0
4 0
last timestep 4
node 1311 iteration 4
0 0
1 0
2 1
3 0
last timestep 3
node 1311 iteration 5
0 0
1 3
2 3
3 8
4 14
5 25
6 45
7 44
8 56
9 87
10 130
11 112
12 108
13 72
14 47
15 33
16 15
17 4
18 8
19 2
20 2
21 2
22 0
23 0
last timestep 23
node 1311 iteration 6
0 0
1 3
2 10
3 16
4 21
5 44
6 59
7 79
8 90
9 83
10 103
11 79
12 64
13 49
14 31
15 22
16 11
17 11
18 4
19 1
20 1
21 0
22 0
last timestep 22
node 1311 iteration 7
0 0
1 3
2 7
3 6
4 8
5 12
6 18
7 15
8 31
9 38
10 54
11 61
12 69
13 60
14 57
15 61
16 70
17 49
18 30
19 21
20 26
21 7
22 3
23 3
24 4
25 4
26 3
27 0
28 0
last timestep 28
node 1311 iteration 8
0 0
1 1
2 0
3 1
4 3
5 9
6 15
7 24
8 37
9 43
10 60
11 62
12 69
13 71
14 77
15 67
16 62
17 65
18 36
19 34
20 25
21 20
22 8
23 2
24 0
last timestep 24
node 1311 iteration 9
0 0
1 4
2 8
3 4
4 2
5 1
6 0
7 0
last timestep 7
