node 1475 iteration 0
0 0
1 0
2 0
last timestep 2
node 1475 iteration 1
0 0
1 1
2 0
3 0
last timestep 3
node 1475 iteration 2
0 0
1 0
2 0
last timestep 2
node 1475 iteration 3
0 0
1 2
2 4
3 5
4 16
5 31
6 53
7 66
8 93
9 104
10 107
11 82
12 79
13 52
14 38
15 23
16 16
17 10
18 11
19 10
20 1
21 0
22 0
last timestep 22
node 1475 iteration 4
0 0
1 2
2 6
3 8
4 6
5 9
6 16
7 26
8 44
9 64
10 73
11 98
12 102
13 93
14 82
15 67
16 53
17 40
18 28
19 11
20 11
21 4
22 0
23 0
last timestep 23
node 1475 iteration 5
0 0
1 0
2 0
last timestep 2
node 1475 iteration 6
0 0
1 3
2 2
3 4
4 7
5 5
6 13
7 20
8 27
9 51
10 53
11 74
12 86
13 75
14 59
15 59
16 40
17 39
18 33
19 31
20 22
21 18
22 9
23 6
24 12
25 7
26 4
27 0
28 0
last timestep 28
node 1475 iteration 7
0 0
1 1
2 6
3 2
4 3
5 4
6 4
7 0
8 1
9 3
10 5
11 7
12 17
13 19
14 13
15 38
16 53
17 73
18 102
19 119
20 111
21 119
22 89
23 59
24 30
25 24
26 13
27 14
28 13
29 5
30 2
31 1
32 0
last timestep 32
node 1475 iteration 8
0 0
1 2
2 5
3 11
4 13
5 18
6 39
7 47
8 48
9 67
10 110
11 113
12 97
13 95
14 62
15 38
16 37
17 34
18 10
19 8
20 2
21 3
22 1
23 1
24 0
25 0
last timestep 25
node 1475 iteration 9
0 0
1 5
2 11
3 7
4 4
5 11
6 24
7 42
8 62
9 53
10 75
11 68
12 70
13 65
14 62
15 69
16 52
17 35
18 30
19 16
20 13
21 5
22 2
23 1
24 1
25 0
26 0
last timestep 26
