node 13 iteration 0
0 0
1 6
2 9
3 28
4 44
5 80
6 98
7 114
8 130
9 108
10 59
11 51
12 40
13 26
14 18
15 8
16 3
17 7
18 5
19 1
20 2
21 1
22 0
23 1
24 1
25 0
last timestep 25
node 13 iteration 1
0 0
1 5
2 2
3 2
4 3
5 6
6 17
7 20
8 34
9 41
10 54
11 91
12 90
13 101
14 76
15 55
16 44
17 35
18 25
19 19
20 17
21 15
22 16
23 9
24 12
25 7
26 6
27 1
28 1
29 0
30 0
last timestep 30
node 13 iteration 2
0 0
1 3
2 3
3 4
4 8
5 8
6 14
7 18
8 25
9 52
10 85
11 108
12 115
13 96
14 81
15 52
16 63
17 32
18 12
19 10
20 7
21 9
22 7
23 7
24 2
25 5
26 2
27 2
28 0
29 0
last timestep 29
node 13 iteration 3
0 0
1 1
2 2
3 1
4 3
5 1
6 0
7 0
last timestep 7
node 13 iteration 4
0 0
1 2
2 5
3 10
4 16
5 22
6 20
7 22
8 30
9 40
10 64
11 62
12 74
13 82
14 68
15 48
16 59
17 40
18 22
19 15
20 9
21 4
22 6
23 3
24 3
25 0
26 0
last timestep 26
node 13 iteration 5
0 0
1 2
2 3
3 6
4 6
5 3
6 10
7 10
8 8
9 7
10 9
11 16
12 23
13 30
14 40
15 42
16 65
17 91
18 82
19 77
20 57
21 55
22 49
23 40
24 46
25 31
26 16
27 9
28 1
29 4
30 2
31 1
32 1
33 0
34 0
last timestep 34
node 13 iteration 6
0 0
1 3
2 7
3 4
4 9
5 18
6 21
7 17
8 26
9 42
10 45
11 46
12 47
13 63
14 73
15 65
16 76
17 64
18 66
19 53
20 33
21 29
22 14
23 7
24 5
25 3
26 2
27 1
28 1
29 0
30 0
last timestep 30
node 13 iteration 7
0 0
1 4
2 6
3 8
4 8
5 18
6 30
7 26
8 32
9 49
10 71
11 82
12 87
13 80
14 71
15 69
16 36
17 20
18 15
19 5
20 3
21 0
22 0
last timestep 22
node 13 iteration 8
0 0
1 3
2 1
3 0
4 0
last timestep 4
node 13 iteration 9
0 0
1 2
2 6
3 9
4 17
5 15
6 25
7 42
8 83
9 84
10 92
11 89
12 72
13 75
14 58
15 42
16 25
17 15
18 8
19 2
20 2
21 1
22 0
23 0
last timestep 23
