node 96 iteration 0
0 0
1 2
2 4
3 6
4 9
5 26
6 60
7 76
8 83
9 95
10 111
11 93
12 83
13 85
14 48
15 21
16 14
17 3
18 0
19 5
20 0
last timestep 20
node 96 iteration 1
0 0
1 1
2 5
3 5
4 15
5 17
6 29
7 40
8 58
9 69
10 63
11 58
12 61
13 52
14 37
15 27
16 21
17 23
18 11
19 9
20 13
21 6
22 3
23 5
24 6
25 6
26 7
27 4
28 1
29 0
30 0
last timestep 30
node 96 iteration 2
0 0
1 3
2 7
3 13
4 29
5 41
6 52
7 53
8 40
9 44
10 47
11 64
12 68
13 52
14 57
15 42
16 37
17 34
18 13
19 8
20 8
21 2
22 4
23 1
24 0
25 0
last timestep 25
node 96 iteration 3
0 0
1 4
2 13
3 10
4 14
5 33
6 57
7 81
8 111
9 129
10 105
11 103
12 89
13 61
14 43
15 35
16 15
17 9
18 9
19 6
20 6
21 2
22 1
23 2
24 1
25 1
26 4
27 3
28 2
29 0
30 0
last timestep 30
node 96 iteration 4
0 0
1 2
2 5
3 11
4 6
5 8
6 5
7 7
8 12
9 18
10 18
11 33
12 43
13 54
14 74
15 82
16 77
17 82
18 49
19 38
20 34
21 24
22 13
23 9
24 5
25 3
26 1
27 0
28 0
last timestep 28
node 96 iteration 5
0 0
1 1
2 0
3 0
last timestep 3
node 96 iteration 6
0 0
1 2
2 4
3 2
4 1
5 2
6 1
7 0
8 0
last timestep 8
node 96 iteration 7
0 0
1 2
2 0
3 0
last timestep 3
node 96 iteration 8
0 0
1 0
2 0
last timestep 2
node 96 iteration 9
0 0
1 6
2 4
3 9
4 16
5 29
6 38
7 69
8 100
9 118
10 129
11 117
12 73
13 75
14 57
15 32
16 15
17 13
18 12
19 10
20 2
21 3
22 9
23 2
24 2
25 0
26 0
last timestep 26
