node 236 iteration 0
0 0
1 3
2 10
3 22
4 17
5 38
6 71
7 80
8 113
9 141
10 116
11 98
12 66
13 51
14 31
15 17
16 4
17 2
18 2
19 1
20 0
21 0
last timestep 21
node 236 iteration 1
0 0
1 4
2 4
3 10
4 7
5 11
6 15
7 34
8 32
9 62
10 93
11 89
12 86
13 81
14 82
15 83
16 59
17 38
18 24
19 17
20 14
21 4
22 3
23 2
24 2
25 1
26 2
27 2
28 5
29 7
30 3
31 2
32 1
33 0
34 0
last timestep 34
node 236 iteration 2
0 0
1 3
2 7
3 2
4 7
5 11
6 12
7 19
8 47
9 73
10 83
11 117
12 132
13 96
14 87
15 58
16 46
17 47
18 25
19 22
20 16
21 5
22 1
23 1
24 0
25 0
last timestep 25
node 236 iteration 3
0 0
1 3
2 3
3 4
4 9
5 16
6 15
7 22
8 29
9 44
10 70
11 91
12 90
13 91
14 102
15 93
16 77
17 48
18 34
19 18
20 4
21 4
22 3
23 2
24 0
25 0
last timestep 25
node 236 iteration 4
0 0
1 7
2 7
3 10
4 17
5 19
6 28
7 52
8 61
9 81
10 80
11 79
12 80
13 72
14 49
15 33
16 31
17 19
18 13
19 8
20 5
21 2
22 1
23 0
24 1
25 2
26 1
27 0
last timestep 27
node 236 iteration 5
0 0
1 5
2 3
3 7
4 7
5 13
6 32
7 34
8 32
9 39
10 52
11 78
12 73
13 72
14 57
15 51
16 58
17 44
18 37
19 25
20 8
21 8
22 2
23 3
24 0
25 0
last timestep 25
node 236 iteration 6
0 0
1 5
2 5
3 7
4 14
5 31
6 32
7 31
8 35
9 54
10 51
11 64
12 72
13 70
14 63
15 49
16 32
17 31
18 21
19 10
20 3
21 2
22 0
23 0
last timestep 23
node 236 iteration 7
0 0
1 3
2 1
3 1
4 0
5 0
last timestep 5
node 236 iteration 8
0 0
1 4
2 3
3 7
4 6
5 10
6 14
7 30
8 32
9 65
10 69
11 73
12 96
13 111
14 86
15 53
16 45
17 26
18 19
19 11
20 9
21 3
22 1
23 0
24 0
last timestep 24
node 236 iteration 9
0 0
1 2
2 1
3 4
4 12
5 22
6 34
7 70
8 81
9 104
10 94
11 94
12 93
13 60
14 49
15 37
16 17
17 12
18 9
19 8
20 6
21 1
22 3
23 0
24 2
25 4
26 4
27 0
last timestep 27
