node 1319 iteration 0
0 0
1 3
2 1
3 1
4 0
5 0
last timestep 5
node 1319 iteration 1
0 0
1 3
2 6
3 10
4 24
5 17
6 16
7 18
8 31
9 33
10 30
11 36
12 35
13 39
14 51
15 45
16 66
17 68
18 49
19 45
20 22
21 17
22 7
23 8
24 5
25 5
26 5
27 7
28 11
29 4
30 9
31 3
32 1
33 1
34 1
35 0
36 0
last timestep 36
node 1319 iteration 2
0 0
1 1
2 2
3 1
4 4
5 1
6 2
7 1
8 1
9 0
10 0
last timestep 10
node 1319 iteration 3
0 0
1 4
2 13
3 17
4 12
5 23
6 39
7 65
8 66
9 59
10 53
11 63
12 52
13 70
14 59
15 38
16 28
17 28
18 28
19 18
20 11
21 3
22 3
23 3
24 0
25 0
last timestep 25
node 1319 iteration 4
0 0
1 1
2 4
3 7
4 7
5 16
6 25
7 20
8 29
9 38
10 39
11 61
12 81
13 82
14 90
15 83
16 66
17 51
18 47
19 25
20 19
21 17
22 13
23 8
24 6
25 1
26 1
27 0
28 0
last timestep 28
node 1319 iteration 5
0 0
1 3
2 6
3 6
4 8
5 9
6 10
7 15
8 14
9 22
10 22
11 44
12 50
13 68
14 89
15 105
16 84
17 73
18 65
19 48
20 33
21 25
22 24
23 17
24 17
25 5
26 3
27 1
28 0
29 1
30 0
last timestep 30
node 1319 iteration 6
0 0
1 7
2 10
3 13
4 32
5 38
6 60
7 64
8 90
9 92
10 87
11 84
12 70
13 70
14 63
15 46
16 28
17 11
18 13
19 2
20 1
21 1
22 0
23 0
last timestep 23
node 1319 iteration 7
0 0
1 1
2 0
3 0
last timestep 3
node 1319 iteration 8
0 0
1 2
2 5
3 13
4 19
5 36
6 57
7 90
8 112
9 114
10 96
11 70
12 52
13 36
14 28
15 19
16 14
17 13
18 5
19 5
20 2
21 1
22 0
23 0
last timestep 23
node 1319 iteration 9
0 0
1 1
2 1
3 1
4 1
5 1
6 0
7 1
8 0
last timestep 8
