node 2079 iteration 0
0 0
1 3
2 12
3 10
4 8
5 7
6 9
7 17
8 19
9 28
10 46
11 62
12 78
13 75
14 85
15 79
16 63
17 65
18 51
19 38
20 22
21 18
22 7
23 4
24 4
25 2
26 1
27 1
28 1
29 0
30 0
last timestep 30
node 2079 iteration 1
0 0
1 0
2 0
last timestep 2
node 2079 iteration 2
0 0
1 3
2 1
3 3
4 2
5 2
6 4
7 3
8 4
9 15
10 25
11 34
12 39
13 47
14 45
15 45
16 63
17 98
18 105
19 88
20 59
21 41
22 32
23 25
24 15
25 6
26 0
27 1
28 0
last timestep 28
node 2079 iteration 3
0 0
1 2
2 4
3 1
4 0
5 0
last timestep 5
node 2079 iteration 4
0 0
1 2
2 1
3 3
4 4
5 8
6 9
7 11
8 15
9 14
10 15
11 10
12 10
13 25
14 29
15 44
16 62
17 85
18 99
19 98
20 78
21 59
22 44
23 22
24 13
25 10
26 8
27 12
28 3
29 4
30 1
31 0
32 0
last timestep 32
node 2079 iteration 5
0 0
1 2
2 5
3 8
4 8
5 19
6 25
7 44
8 44
9 75
10 92
11 100
12 111
13 110
14 82
15 52
16 39
17 29
18 18
19 7
20 7
21 4
22 0
23 0
last timestep 23
node 2079 iteration 6
0 0
1 2
2 3
3 5
4 17
5 10
6 11
7 11
8 20
9 42
10 36
11 72
12 71
13 78
14 97
15 97
16 70
17 59
18 53
19 30
20 12
21 7
22 4
23 2
24 1
25 0
26 0
last timestep 26
node 2079 iteration 7
0 0
1 3
2 5
3 5
4 1
5 0
6 0
last timestep 6
node 2079 iteration 8
0 0
1 3
2 2
3 4
4 1
5 1
6 5
7 5
8 7
9 6
10 17
11 24
12 48
13 49
14 58
15 65
16 79
17 87
18 86
19 81
20 69
21 35
22 16
23 10
24 4
25 2
26 1
27 0
28 0
last timestep 28
node 2079 iteration 9
0 0
1 1
2 0
3 0
last timestep 3
