node 1089 iteration 0
0 0
1 3
2 2
3 3
4 6
5 9
6 3
7 8
8 6
9 7
10 5
11 8
12 6
13 6
14 2
15 5
16 8
17 7
18 17
19 17
20 33
21 53
22 49
23 84
24 75
25 77
26 72
27 61
28 44
29 26
30 32
31 18
32 14
33 6
34 3
35 0
36 0
last timestep 36
node 1089 iteration 1
0 0
1 1
2 3
3 3
4 1
5 2
6 2
7 2
8 0
9 0
last timestep 9
node 1089 iteration 2
0 0
1 3
2 6
3 4
4 1
5 4
6 1
7 0
8 0
last timestep 8
node 1089 iteration 3
0 0
1 4
2 3
3 5
4 5
5 6
6 9
7 14
8 17
9 37
10 34
11 43
12 44
13 28
14 39
15 40
16 45
17 41
18 52
19 53
20 47
21 28
22 32
23 35
24 28
25 15
26 17
27 14
28 4
29 10
30 12
31 5
32 0
33 0
last timestep 33
node 1089 iteration 4
0 0
1 3
2 1
3 2
4 5
5 5
6 3
7 7
8 20
9 27
10 29
11 61
12 68
13 66
14 57
15 71
16 70
17 66
18 54
19 39
20 32
21 33
22 28
23 16
24 8
25 8
26 9
27 5
28 1
29 0
30 0
last timestep 30
node 1089 iteration 5
0 0
1 2
2 2
3 1
4 1
5 4
6 8
7 5
8 3
9 5
10 9
11 8
12 9
13 14
14 15
15 29
16 47
17 62
18 104
19 118
20 99
21 95
22 75
23 51
24 47
25 40
26 17
27 12
28 11
29 7
30 3
31 1
32 0
33 0
last timestep 33
node 1089 iteration 6
0 0
1 0
2 0
last timestep 2
node 1089 iteration 7
0 0
1 2
2 9
3 17
4 29
5 46
6 66
7 82
8 89
9 87
10 98
11 107
12 101
13 62
14 41
15 31
16 19
17 14
18 12
19 6
20 8
21 0
22 0
last timestep 22
node 1089 iteration 8
0 0
1 3
2 1
3 3
4 3
5 3
6 8
7 4
8 4
9 13
10 15
11 37
12 42
13 67
14 90
15 74
16 68
17 64
18 54
19 43
20 31
21 32
22 28
23 19
24 12
25 3
26 6
27 2
28 3
29 4
30 1
31 2
32 2
33 2
34 5
35 4
36 5
37 5
38 0
39 0
last timestep 39
node 1089 iteration 9
0 0
1 4
2 8
3 16
4 30
5 48
6 81
7 88
8 113
9 120
10 76
11 70
12 53
13 23
14 17
15 16
16 7
17 8
18 6
19 0
20 0
last timestep 20
