node 1572 iteration 0
0 0
1 1
2 5
3 6
4 20
5 31
6 30
7 52
8 61
9 78
10 74
11 69
12 76
13 50
14 55
15 42
16 47
17 39
18 28
19 30
20 23
21 17
22 11
23 8
24 8
25 2
26 6
27 3
28 0
29 0
last timestep 29
node 1572 iteration 1
0 0
1 4
2 4
3 8
4 20
5 19
6 29
7 50
8 58
9 94
10 111
11 92
12 104
13 81
14 51
15 35
16 21
17 19
18 7
19 5
20 4
21 1
22 1
23 0
24 0
last timestep 24
node 1572 iteration 2
0 0
1 1
2 5
3 10
4 11
5 19
6 18
7 25
8 27
9 58
10 68
11 91
12 101
13 87
14 75
15 68
16 50
17 22
18 16
19 9
20 10
21 4
22 4
23 6
24 5
25 1
26 0
27 0
last timestep 27
node 1572 iteration 3
0 0
1 2
2 0
3 0
last timestep 3
node 1572 iteration 4
0 0
1 2
2 3
3 9
4 14
5 18
6 30
7 59
8 86
9 77
10 74
11 86
12 92
13 92
14 71
15 45
16 35
17 26
18 16
19 9
20 5
21 3
22 1
23 3
24 2
25 1
26 0
27 0
last timestep 27
node 1572 iteration 5
0 0
1 2
2 2
3 2
4 7
5 5
6 5
7 17
8 8
9 9
10 12
11 9
12 15
13 9
14 21
15 31
16 59
17 54
18 51
19 56
20 57
21 46
22 41
23 46
24 44
25 32
26 18
27 11
28 11
29 6
30 5
31 2
32 1
33 2
34 1
35 0
36 0
last timestep 36
node 1572 iteration 6
0 0
1 1
2 10
3 16
4 26
5 28
6 37
7 45
8 74
9 77
10 69
11 73
12 76
13 49
14 35
15 36
16 21
17 19
18 8
19 11
20 7
21 5
22 3
23 6
24 3
25 1
26 5
27 1
28 0
29 0
last timestep 29
node 1572 iteration 7
0 0
1 0
2 3
3 4
4 5
5 17
6 19
7 34
8 40
9 34
10 57
11 78
12 80
13 77
14 71
15 62
16 47
17 47
18 37
19 19
20 5
21 4
22 1
23 1
24 0
last timestep 24
node 1572 iteration 8
0 0
1 2
2 2
3 1
4 1
5 2
6 4
7 12
8 31
9 32
10 40
11 54
12 85
13 89
14 90
15 86
16 78
17 48
18 34
19 30
20 20
21 24
22 26
23 13
24 1
25 1
26 1
27 1
28 1
29 0
30 0
last timestep 30
node 1572 iteration 9
0 0
1 3
2 6
3 12
4 12
5 10
6 11
7 15
8 29
9 38
10 65
11 74
12 86
13 105
14 98
15 77
16 72
17 37
18 20
19 14
20 11
21 10
22 6
23 3
24 2
25 2
26 2
27 0
28 2
29 3
30 4
31 5
32 2
33 3
34 4
35 5
36 9
37 8
38 9
39 6
40 8
41 5
42 6
43 3
44 1
45 1
46 0
last timestep 46
