node 859 iteration 0
0 0
1 5
2 5
3 13
4 25
5 44
6 57
7 70
8 72
9 73
10 106
11 102
12 81
13 76
14 50
15 28
16 17
17 13
18 17
19 15
20 7
21 3
22 3
23 1
24 6
25 3
26 1
27 0
28 0
last timestep 28
node 859 iteration 1
0 0
1 0
2 1
3 0
last timestep 3
node 859 iteration 2
0 0
1 2
2 3
3 2
4 1
5 2
6 2
7 4
8 9
9 7
10 4
11 4
12 9
13 8
14 8
15 7
16 5
17 7
18 20
19 22
20 24
21 42
22 49
23 39
24 38
25 42
26 32
27 72
28 72
29 58
30 48
31 36
32 43
33 17
34 14
35 4
36 3
37 0
38 0
last timestep 38
node 859 iteration 3
0 0
1 1
2 0
3 0
last timestep 3
node 859 iteration 4
0 0
1 0
2 3
3 11
4 13
5 15
6 23
7 24
8 30
9 37
10 34
11 28
12 32
13 37
14 46
15 45
16 59
17 74
18 49
19 59
20 44
21 44
22 37
23 28
24 15
25 9
26 3
27 1
28 1
29 1
30 1
31 1
32 0
last timestep 32
node 859 iteration 5
0 0
1 0
2 0
last timestep 2
node 859 iteration 6
0 0
1 3
2 14
3 28
4 51
5 65
6 92
7 84
8 95
9 106
10 73
11 54
12 42
13 24
14 15
15 16
16 7
17 9
18 5
19 4
20 2
21 3
22 5
23 1
24 2
25 0
26 0
last timestep 26
node 859 iteration 7
0 0
1 3
2 3
3 2
4 3
5 8
6 8
7 11
8 23
9 42
10 61
11 67
12 76
13 89
14 82
15 116
16 96
17 91
18 46
19 32
20 13
21 7
22 1
23 0
24 0
last timestep 24
node 859 iteration 8
0 0
1 3
2 1
3 0
4 0
last timestep 4
node 859 iteration 9
0 0
1 2
2 0
3 0
last timestep 3
