node 1342 iteration 0
0 0
1 3
2 1
3 2
4 2
5 6
6 7
7 9
8 13
9 22
10 23
11 31
12 22
13 30
14 52
15 48
16 42
17 55
18 60
19 69
20 60
21 46
22 31
23 17
24 16
25 9
26 9
27 14
28 5
29 2
30 3
31 5
32 5
33 2
34 1
35 0
36 0
last timestep 36
node 1342 iteration 1
0 0
1 4
2 8
3 20
4 29
5 32
6 40
7 54
8 69
9 71
10 60
11 85
12 79
13 79
14 43
15 33
16 34
17 19
18 15
19 7
20 3
21 1
22 0
23 0
last timestep 23
node 1342 iteration 2
0 0
1 1
2 3
3 2
4 3
5 2
6 2
7 1
8 1
9 0
10 0
last timestep 10
node 1342 iteration 3
0 0
1 2
2 7
3 6
4 8
5 11
6 19
7 17
8 16
9 46
10 32
11 45
12 57
13 68
14 62
15 80
16 77
17 67
18 53
19 50
20 48
21 40
22 23
23 16
24 9
25 7
26 8
27 3
28 0
29 0
last timestep 29
node 1342 iteration 4
0 0
1 1
2 0
3 0
last timestep 3
node 1342 iteration 5
0 0
1 1
2 1
3 0
4 3
5 3
6 3
7 1
8 0
last timestep 8
node 1342 iteration 6
0 0
1 2
2 7
3 5
4 11
5 18
6 12
7 27
8 29
9 46
10 62
11 85
12 102
13 87
14 83
15 73
16 55
17 30
18 27
19 14
20 8
21 8
22 4
23 2
24 0
25 1
26 0
last timestep 26
node 1342 iteration 7
0 0
1 1
2 0
3 0
last timestep 3
node 1342 iteration 8
0 0
1 1
2 0
3 0
last timestep 3
node 1342 iteration 9
0 0
1 2
2 7
3 16
4 23
5 28
6 35
7 60
8 75
9 99
10 98
11 116
12 94
13 91
14 55
15 39
16 20
17 8
18 4
19 2
20 2
21 3
22 2
23 1
24 0
25 0
last timestep 25
