node 1237 iteration 0
0 0
1 3
2 6
3 11
4 23
5 24
6 52
7 72
8 72
9 91
10 85
11 78
12 61
13 62
14 42
15 29
16 19
17 6
18 12
19 9
20 11
21 10
22 11
23 6
24 3
25 2
26 1
27 0
28 0
last timestep 28
node 1237 iteration 1
0 0
1 3
2 7
3 8
4 11
5 21
6 18
7 24
8 36
9 33
10 47
11 53
12 69
13 52
14 56
15 50
16 59
17 34
18 38
19 31
20 33
21 29
22 15
23 13
24 9
25 7
26 5
27 4
28 1
29 2
30 0
31 0
last timestep 31
node 1237 iteration 2
0 0
1 1
2 1
3 2
4 1
5 1
6 8
7 12
8 18
9 17
10 33
11 71
12 84
13 84
14 83
15 71
16 78
17 63
18 47
19 40
20 38
21 33
22 15
23 9
24 5
25 1
26 5
27 1
28 1
29 1
30 1
31 0
32 0
last timestep 32
node 1237 iteration 3
0 0
1 2
2 1
3 9
4 22
5 41
6 66
7 88
8 123
9 130
10 94
11 68
12 43
13 18
14 17
15 14
16 16
17 20
18 8
19 5
20 3
21 1
22 1
23 0
24 0
last timestep 24
node 1237 iteration 4
0 0
1 2
2 8
3 4
4 8
5 19
6 19
7 24
8 32
9 36
10 52
11 65
12 72
13 70
14 66
15 73
16 60
17 48
18 44
19 51
20 16
21 5
22 3
23 3
24 1
25 5
26 3
27 2
28 4
29 6
30 3
31 2
32 0
33 0
last timestep 33
node 1237 iteration 5
0 0
1 2
2 5
3 9
4 14
5 23
6 36
7 49
8 52
9 62
10 76
11 90
12 99
13 79
14 66
15 48
16 40
17 18
18 18
19 15
20 9
21 7
22 1
23 0
24 1
25 0
last timestep 25
node 1237 iteration 6
0 0
1 4
2 1
3 3
4 4
5 8
6 13
7 18
8 25
9 46
10 62
11 62
12 64
13 70
14 63
15 85
16 73
17 76
18 55
19 43
20 33
21 27
22 14
23 12
24 8
25 0
26 0
last timestep 26
node 1237 iteration 7
0 0
1 3
2 4
3 2
4 4
5 2
6 3
7 4
8 9
9 13
10 22
11 39
12 62
13 59
14 80
15 60
16 49
17 51
18 55
19 44
20 43
21 56
22 51
23 41
24 29
25 16
26 7
27 4
28 2
29 0
30 0
last timestep 30
node 1237 iteration 8
0 0
1 2
2 1
3 4
4 2
5 6
6 11
7 9
8 19
9 27
10 38
11 69
12 105
13 89
14 98
15 73
16 67
17 45
18 42
19 18
20 28
21 12
22 7
23 5
24 4
25 2
26 1
27 1
28 0
29 0
last timestep 29
node 1237 iteration 9
0 0
1 1
2 6
3 9
4 21
5 26
6 55
7 84
8 101
9 120
10 109
11 93
12 76
13 34
14 29
15 16
16 8
17 4
18 9
19 5
20 4
21 3
22 1
23 1
24 0
25 0
last timestep 25
