node 1672 iteration 0
0 0
1 0
2 0
last timestep 2
node 1672 iteration 1
0 0
1 1
2 4
3 3
4 7
5 13
6 25
7 32
8 69
9 109
10 93
11 126
12 105
13 91
14 69
15 46
16 23
17 17
18 12
19 7
20 3
21 3
22 2
23 0
24 1
25 1
26 1
27 0
last timestep 27
node 1672 iteration 2
0 0
1 2
2 3
3 4
4 8
5 6
6 11
7 9
8 10
9 17
10 29
11 46
12 61
13 65
14 86
15 74
16 71
17 66
18 63
19 60
20 41
21 20
22 14
23 16
24 22
25 15
26 16
27 9
28 11
29 7
30 3
31 3
32 3
33 1
34 1
35 0
36 0
last timestep 36
node 1672 iteration 3
0 0
1 5
2 3
3 8
4 10
5 7
6 7
7 12
8 22
9 29
10 43
11 58
12 74
13 90
14 74
15 87
16 72
17 56
18 39
19 17
20 14
21 9
22 5
23 3
24 3
25 3
26 1
27 1
28 2
29 1
30 1
31 0
32 0
last timestep 32
node 1672 iteration 4
0 0
1 3
2 2
3 4
4 7
5 15
6 19
7 36
8 58
9 64
10 75
11 96
12 94
13 91
14 81
15 69
16 54
17 25
18 15
19 10
20 2
21 1
22 0
23 0
last timestep 23
node 1672 iteration 5
0 0
1 0
2 0
last timestep 2
node 1672 iteration 6
0 0
1 0
2 0
last timestep 2
node 1672 iteration 7
0 0
1 1
2 0
3 0
last timestep 3
node 1672 iteration 8
0 0
1 0
2 0
last timestep 2
node 1672 iteration 9
0 0
1 1
2 1
3 1
4 0
5 0
last timestep 5
