node 676 iteration 0
0 0
1 2
2 4
3 13
4 14
5 15
6 24
7 29
8 42
9 60
10 77
11 90
12 77
13 79
14 68
15 62
16 40
17 26
18 25
19 7
20 6
21 2
22 0
23 0
last timestep 23
node 676 iteration 1
0 0
1 0
2 0
last timestep 2
node 676 iteration 2
0 0
1 1
2 3
3 6
4 15
5 23
6 27
7 37
8 39
9 40
10 55
11 55
12 76
13 84
14 81
15 60
16 52
17 38
18 31
19 20
20 9
21 5
22 5
23 5
24 4
25 5
26 1
27 3
28 2
29 3
30 2
31 0
32 3
33 5
34 0
last timestep 34
node 676 iteration 3
0 0
1 0
2 0
last timestep 2
node 676 iteration 4
0 0
1 3
2 11
3 16
4 20
5 38
6 62
7 88
8 107
9 107
10 112
11 90
12 72
13 41
14 22
15 12
16 15
17 8
18 12
19 4
20 3
21 0
22 0
last timestep 22
node 676 iteration 5
0 0
1 4
2 2
3 9
4 18
5 20
6 46
7 64
8 114
9 116
10 115
11 91
12 82
13 56
14 47
15 38
16 28
17 12
18 7
19 9
20 2
21 7
22 5
23 5
24 6
25 1
26 1
27 0
28 0
last timestep 28
node 676 iteration 6
0 0
1 0
2 0
last timestep 2
node 676 iteration 7
0 0
1 4
2 5
3 3
4 8
5 7
6 20
7 27
8 43
9 53
10 76
11 78
12 94
13 111
14 123
15 99
16 74
17 52
18 35
19 32
20 16
21 12
22 5
23 1
24 1
25 0
26 0
last timestep 26
node 676 iteration 8
0 0
1 4
2 6
3 6
4 8
5 12
6 27
7 19
8 20
9 24
10 36
11 44
12 43
13 77
14 63
15 70
16 56
17 74
18 63
19 54
20 48
21 33
22 18
23 11
24 6
25 7
26 8
27 5
28 0
29 1
30 1
31 1
32 0
last timestep 32
node 676 iteration 9
0 0
1 2
2 4
3 2
4 6
5 1
6 1
7 2
8 3
9 6
10 12
11 30
12 38
13 56
14 74
15 81
16 76
17 92
18 106
19 73
20 55
21 42
22 25
23 21
24 6
25 4
26 3
27 4
28 0
29 0
last timestep 29
