node 1136 iteration 0
0 0
1 2
2 1
3 2
4 0
5 0
last timestep 5
node 1136 iteration 1
0 0
1 3
2 9
3 11
4 20
5 35
6 36
7 40
8 60
9 68
10 70
11 95
12 92
13 79
14 68
15 47
16 34
17 22
18 9
19 7
20 3
21 1
22 0
23 0
last timestep 23
node 1136 iteration 2
0 0
1 1
2 1
3 2
4 2
5 3
6 9
7 7
8 17
9 25
10 24
11 33
12 18
13 26
14 36
15 41
16 57
17 52
18 50
19 56
20 51
21 61
22 40
23 45
24 35
25 41
26 21
27 12
28 12
29 11
30 7
31 4
32 8
33 4
34 3
35 1
36 0
37 0
last timestep 37
node 1136 iteration 3
0 0
1 4
2 8
3 21
4 41
5 44
6 48
7 56
8 59
9 70
10 73
11 74
12 64
13 56
14 42
15 38
16 30
17 19
18 18
19 15
20 9
21 5
22 4
23 1
24 0
25 1
26 0
last timestep 26
node 1136 iteration 4
0 0
1 1
2 0
3 1
4 0
last timestep 4
node 1136 iteration 5
0 0
1 2
2 5
3 9
4 13
5 17
6 35
7 51
8 62
9 78
10 77
11 72
12 77
13 59
14 63
15 35
16 30
17 27
18 16
19 14
20 5
21 4
22 4
23 4
24 5
25 2
26 1
27 0
28 0
last timestep 28
node 1136 iteration 6
0 0
1 1
2 3
3 9
4 13
5 18
6 45
7 45
8 62
9 59
10 69
11 92
12 84
13 76
14 72
15 85
16 43
17 36
18 21
19 8
20 6
21 1
22 0
23 0
last timestep 23
node 1136 iteration 7
0 0
1 1
2 2
3 2
4 2
5 5
6 9
7 11
8 20
9 27
10 36
11 57
12 49
13 62
14 73
15 88
16 91
17 53
18 47
19 31
20 26
21 19
22 12
23 6
24 3
25 4
26 1
27 0
28 0
last timestep 28
node 1136 iteration 8
0 0
1 1
2 0
3 0
last timestep 3
node 1136 iteration 9
0 0
1 2
2 3
3 5
4 10
5 19
6 45
7 72
8 86
9 80
10 72
11 61
12 64
13 79
14 71
15 44
16 36
17 25
18 18
19 12
20 12
21 16
22 6
23 1
24 4
25 3
26 0
27 0
last timestep 27
