node 1131 iteration 0
0 0
1 1
2 1
3 1
4 1
5 1
6 1
7 1
8 0
9 0
last timestep 9
node 1131 iteration 1
0 0
1 2
2 6
3 12
4 12
5 11
6 19
7 26
8 31
9 34
10 53
11 57
12 68
13 81
14 82
15 97
16 76
17 43
18 21
19 12
20 12
21 8
22 8
23 8
24 6
25 3
26 2
27 1
28 1
29 1
30 0
31 1
32 1
33 0
last timestep 33
node 1131 iteration 2
0 0
1 2
2 2
3 3
4 8
5 8
6 12
7 22
8 30
9 43
10 37
11 69
12 61
13 89
14 75
15 63
16 65
17 48
18 43
19 18
20 16
21 13
22 11
23 6
24 9
25 3
26 3
27 0
28 0
last timestep 28
node 1131 iteration 3
0 0
1 3
2 0
3 1
4 2
5 11
6 33
7 55
8 99
9 93
10 82
11 69
12 70
13 42
14 54
15 32
16 28
17 13
18 6
19 7
20 2
21 2
22 0
last timestep 22
node 1131 iteration 4
0 0
1 1
2 3
3 11
4 11
5 12
6 16
7 34
8 45
9 49
10 72
11 77
12 72
13 75
14 59
15 45
16 35
17 37
18 25
19 14
20 11
21 9
22 2
23 3
24 2
25 1
26 0
27 0
last timestep 27
node 1131 iteration 5
0 0
1 3
2 3
3 4
4 4
5 6
6 9
7 13
8 7
9 16
10 22
11 29
12 42
13 60
14 93
15 88
16 79
17 70
18 52
19 42
20 29
21 28
22 19
23 12
24 13
25 4
26 7
27 8
28 1
29 0
30 0
last timestep 30
node 1131 iteration 6
0 0
1 3
2 3
3 8
4 13
5 27
6 26
7 49
8 68
9 73
10 107
11 113
12 107
13 98
14 73
15 39
16 26
17 22
18 6
19 5
20 5
21 6
22 1
23 2
24 1
25 1
26 1
27 1
28 2
29 0
30 0
last timestep 30
node 1131 iteration 7
0 0
1 2
2 3
3 5
4 13
5 10
6 11
7 16
8 41
9 33
10 61
11 84
12 97
13 86
14 95
15 95
16 87
17 58
18 48
19 34
20 17
21 24
22 10
23 6
24 2
25 0
26 0
last timestep 26
node 1131 iteration 8
0 0
1 1
2 1
3 0
4 0
last timestep 4
node 1131 iteration 9
0 0
1 0
2 0
last timestep 2
