node 588 iteration 0
0 0
1 3
2 2
3 2
4 1
5 0
6 0
last timestep 6
node 588 iteration 1
0 0
1 4
2 7
3 7
4 11
5 11
6 19
7 14
8 13
9 25
10 22
11 42
12 47
13 48
14 53
15 55
16 54
17 71
18 62
19 59
20 39
21 27
22 34
23 24
24 16
25 11
26 6
27 4
28 3
29 3
30 2
31 0
32 0
last timestep 32
node 588 iteration 2
0 0
1 0
2 0
last timestep 2
node 588 iteration 3
0 0
1 2
2 0
3 0
last timestep 3
node 588 iteration 4
0 0
1 0
2 0
last timestep 2
node 588 iteration 5
0 0
1 2
2 4
3 7
4 4
5 2
6 2
7 9
8 10
9 16
10 28
11 34
12 58
13 61
14 65
15 89
16 97
17 86
18 63
19 48
20 21
21 14
22 16
23 10
24 11
25 12
26 3
27 4
28 2
29 2
30 3
31 1
32 0
33 0
last timestep 33
node 588 iteration 6
0 0
1 2
2 4
3 3
4 5
5 4
6 7
7 15
8 26
9 45
10 74
11 88
12 82
13 111
14 103
15 73
16 63
17 47
18 25
19 16
20 9
21 5
22 2
23 0
24 0
last timestep 24
node 588 iteration 7
0 0
1 3
2 4
3 2
4 0
5 0
last timestep 5
node 588 iteration 8
0 0
1 1
2 2
3 1
4 3
5 3
6 14
7 9
8 10
9 2
10 6
11 13
12 18
13 26
14 48
15 51
16 94
17 99
18 85
19 83
20 82
21 61
22 55
23 31
24 20
25 11
26 5
27 6
28 5
29 5
30 5
31 3
32 2
33 1
34 2
35 0
36 0
last timestep 36
node 588 iteration 9
0 0
1 1
2 0
3 0
last timestep 3
