node 149 iteration 0
0 0
1 2
2 11
3 16
4 22
5 64
6 74
7 85
8 78
9 83
10 98
11 94
12 67
13 60
14 29
15 13
16 5
17 2
18 3
19 0
20 0
last timestep 20
node 149 iteration 1
0 0
1 2
2 3
3 3
4 2
5 0
6 0
last timestep 6
node 149 iteration 2
0 0
1 1
2 0
3 0
last timestep 3
node 149 iteration 3
0 0
1 2
2 6
3 11
4 12
5 23
6 37
7 53
8 61
9 69
10 61
11 51
12 66
13 80
14 57
15 70
16 61
17 34
18 18
19 12
20 3
21 1
22 3
23 2
24 2
25 2
26 1
27 0
28 0
last timestep 28
node 149 iteration 4
0 0
1 2
2 0
3 0
last timestep 3
node 149 iteration 5
0 0
1 0
2 0
last timestep 2
node 149 iteration 6
0 0
1 2
2 0
3 0
last timestep 3
node 149 iteration 7
0 0
1 2
2 4
3 10
4 4
5 5
6 6
7 6
8 7
9 8
10 7
11 14
12 16
13 14
14 16
15 26
16 30
17 48
18 31
19 42
20 52
21 62
22 68
23 46
24 46
25 28
26 34
27 33
28 21
29 24
30 12
31 10
32 9
33 9
34 5
35 5
36 10
37 5
38 6
39 2
40 0
41 0
last timestep 41
node 149 iteration 8
0 0
1 1
2 3
3 4
4 3
5 8
6 8
7 17
8 29
9 61
10 69
11 75
12 101
13 109
14 86
15 75
16 55
17 53
18 25
19 12
20 5
21 1
22 0
23 0
last timestep 23
node 149 iteration 9
0 0
1 3
2 3
3 3
4 7
5 10
6 17
7 32
8 49
9 69
10 80
11 102
12 101
13 72
14 59
15 48
16 24
17 23
18 28
19 18
20 17
21 12
22 11
23 6
24 3
25 8
26 1
27 0
28 0
last timestep 28
