node 223 iteration 0
0 0
1 1
2 1
3 0
4 0
last timestep 4
node 223 iteration 1
0 0
1 1
2 0
3 0
last timestep 3
node 223 iteration 2
0 0
1 1
2 2
3 1
4 0
5 1
6 0
last timestep 6
node 223 iteration 3
0 0
1 3
2 17
3 20
4 26
5 50
6 49
7 65
8 63
9 90
10 93
11 77
12 70
13 62
14 32
15 24
16 20
17 10
18 6
19 5
20 6
21 6
22 6
23 4
24 1
25 0
26 0
last timestep 26
node 223 iteration 4
0 0
1 1
2 1
3 0
4 0
last timestep 4
node 223 iteration 5
0 0
1 3
2 7
3 7
4 4
5 7
6 2
7 3
8 5
9 14
10 25
11 29
12 40
13 63
14 76
15 80
16 80
17 66
18 80
19 74
20 39
21 29
22 26
23 31
24 21
25 16
26 10
27 2
28 1
29 0
30 0
last timestep 30
node 223 iteration 6
0 0
1 2
2 3
3 3
4 6
5 12
6 19
7 32
8 50
9 68
10 68
11 62
12 55
13 66
14 67
15 56
16 39
17 31
18 21
19 15
20 14
21 13
22 13
23 14
24 9
25 1
26 1
27 1
28 0
29 0
last timestep 29
node 223 iteration 7
0 0
1 4
2 10
3 18
4 18
5 30
6 47
7 61
8 73
9 84
10 94
11 94
12 65
13 46
14 35
15 24
16 20
17 18
18 16
19 11
20 5
21 10
22 10
23 3
24 7
25 4
26 1
27 0
28 0
last timestep 28
node 223 iteration 8
0 0
1 4
2 3
3 5
4 11
5 19
6 35
7 46
8 64
9 71
10 66
11 70
12 69
13 53
14 45
15 30
16 40
17 14
18 9
19 15
20 6
21 7
22 3
23 2
24 0
25 1
26 0
last timestep 26
node 223 iteration 9
0 0
1 0
2 0
last timestep 2
