node 1266 iteration 0
0 0
1 3
2 9
3 33
4 52
5 50
6 72
7 103
8 89
9 111
10 85
11 57
12 37
13 18
14 8
15 10
16 7
17 4
18 4
19 4
20 7
21 9
22 7
23 3
24 3
25 2
26 5
27 2
28 1
29 0
30 0
last timestep 30
node 1266 iteration 1
0 0
1 2
2 3
3 20
4 34
5 64
6 77
7 84
8 97
9 88
10 71
11 60
12 40
13 29
14 20
15 11
16 12
17 10
18 3
19 3
20 2
21 2
22 3
23 2
24 3
25 2
26 3
27 2
28 3
29 2
30 0
31 0
last timestep 31
node 1266 iteration 2
0 0
1 5
2 2
3 3
4 8
5 17
6 18
7 27
8 27
9 26
10 39
11 66
12 67
13 76
14 66
15 74
16 55
17 47
18 44
19 28
20 17
21 9
22 2
23 0
24 1
25 0
last timestep 25
node 1266 iteration 3
0 0
1 2
2 3
3 5
4 15
5 13
6 16
7 23
8 47
9 45
10 63
11 74
12 78
13 97
14 84
15 66
16 55
17 30
18 24
19 15
20 9
21 6
22 2
23 0
24 0
last timestep 24
node 1266 iteration 4
0 0
1 3
2 2
3 3
4 0
5 0
last timestep 5
node 1266 iteration 5
0 0
1 2
2 0
3 0
last timestep 3
node 1266 iteration 6
0 0
1 3
2 0
3 0
last timestep 3
node 1266 iteration 7
0 0
1 3
2 2
3 4
4 3
5 2
6 1
7 5
8 4
9 5
10 16
11 5
12 4
13 5
14 5
15 12
16 23
17 34
18 47
19 77
20 94
21 83
22 64
23 76
24 65
25 60
26 41
27 28
28 20
29 13
30 7
31 6
32 2
33 10
34 1
35 0
36 0
last timestep 36
node 1266 iteration 8
0 0
1 1
2 1
3 0
4 0
last timestep 4
node 1266 iteration 9
0 0
1 4
2 1
3 4
4 1
5 2
6 5
7 4
8 9
9 8
10 6
11 13
12 15
13 15
14 32
15 44
16 50
17 68
18 90
19 70
20 73
21 66
22 49
23 26
24 14
25 7
26 7
27 0
28 0
last timestep 28
