node 862 iteration 0
0 0
1 0
2 1
3 0
last timestep 3
node 862 iteration 1
0 0
1 0
2 0
last timestep 2
node 862 iteration 2
0 0
1 2
2 0
3 0
last timestep 3
node 862 iteration 3
0 0
1 4
2 2
3 3
4 6
5 11
6 21
7 23
8 41
9 36
10 49
11 66
12 84
13 73
14 73
15 76
16 78
17 57
18 33
19 16
20 10
21 10
22 1
23 0
24 0
last timestep 24
node 862 iteration 4
0 0
1 2
2 6
3 10
4 6
5 3
6 4
7 10
8 6
9 16
10 21
11 42
12 57
13 79
14 101
15 99
16 102
17 74
18 58
19 37
20 20
21 18
22 17
23 12
24 7
25 4
26 1
27 0
28 0
last timestep 28
node 862 iteration 5
0 0
1 0
2 0
last timestep 2
node 862 iteration 6
0 0
1 1
2 4
3 15
4 18
5 21
6 46
7 57
8 60
9 49
10 82
11 82
12 69
13 58
14 47
15 24
16 15
17 14
18 8
19 5
20 2
21 2
22 0
23 0
last timestep 23
node 862 iteration 7
0 0
1 2
2 2
3 8
4 13
5 23
6 25
7 24
8 37
9 63
10 96
11 126
12 123
13 111
14 79
15 66
16 49
17 32
18 20
19 5
20 12
21 3
22 2
23 1
24 0
25 1
26 0
last timestep 26
node 862 iteration 8
0 0
1 2
2 2
3 4
4 5
5 6
6 19
7 30
8 48
9 74
10 90
11 103
12 113
13 96
14 81
15 58
16 39
17 43
18 14
19 9
20 4
21 3
22 3
23 0
24 0
last timestep 24
node 862 iteration 9
0 0
1 2
2 0
3 0
last timestep 3
