node 1127 iteration 0
0 0
1 2
2 4
3 2
4 0
5 0
last timestep 5
node 1127 iteration 1
0 0
1 0
2 0
last timestep 2
node 1127 iteration 2
0 0
1 1
2 4
3 11
4 35
5 40
6 42
7 66
8 86
9 109
10 112
11 102
12 79
13 53
14 37
15 23
16 13
17 12
18 9
19 3
20 3
21 2
22 5
23 3
24 3
25 1
26 2
27 0
28 0
last timestep 28
node 1127 iteration 3
0 0
1 0
2 0
last timestep 2
node 1127 iteration 4
0 0
1 4
2 5
3 3
4 5
5 6
6 4
7 3
8 2
9 3
10 4
11 9
12 7
13 10
14 7
15 21
16 43
17 54
18 52
19 66
20 69
21 79
22 78
23 51
24 23
25 18
26 16
27 10
28 4
29 2
30 0
31 2
32 2
33 1
34 0
last timestep 34
node 1127 iteration 5
0 0
1 2
2 5
3 15
4 16
5 18
6 38
7 40
8 40
9 55
10 72
11 84
12 78
13 66
14 67
15 54
16 38
17 26
18 16
19 7
20 8
21 5
22 5
23 4
24 4
25 2
26 3
27 2
28 1
29 0
30 0
last timestep 30
node 1127 iteration 6
0 0
1 2
2 3
3 4
4 4
5 9
6 7
7 11
8 15
9 16
10 15
11 30
12 49
13 47
14 66
15 105
16 125
17 132
18 90
19 60
20 33
21 25
22 16
23 10
24 8
25 2
26 0
27 0
last timestep 27
node 1127 iteration 7
0 0
1 0
2 0
last timestep 2
node 1127 iteration 8
0 0
1 0
2 0
last timestep 2
node 1127 iteration 9
0 0
1 2
2 1
3 2
4 5
5 10
6 12
7 14
8 27
9 28
10 37
11 53
12 52
13 63
14 69
15 70
16 74
17 67
18 55
19 45
20 38
21 20
22 14
23 6
24 3
25 1
26 0
27 1
28 0
last timestep 28
