node 2326 iteration 0
0 0
1 0
2 0
last timestep 2
node 2326 iteration 1
0 0
1 1
2 7
3 7
4 29
5 37
6 69
7 110
8 98
9 103
10 100
11 85
12 86
13 58
14 34
15 26
16 18
17 13
18 6
19 6
20 3
21 6
22 2
23 2
24 0
25 0
last timestep 25
node 2326 iteration 2
0 0
1 0
2 0
last timestep 2
node 2326 iteration 3
0 0
1 0
2 0
last timestep 2
node 2326 iteration 4
0 0
1 6
2 6
3 10
4 8
5 9
6 22
7 34
8 54
9 66
10 72
11 82
12 86
13 75
14 67
15 55
16 50
17 55
18 36
19 25
20 15
21 13
22 5
23 5
24 1
25 0
26 0
last timestep 26
node 2326 iteration 5
0 0
1 0
2 4
3 4
4 2
5 8
6 26
7 31
8 36
9 47
10 71
11 74
12 77
13 72
14 82
15 71
16 56
17 31
18 16
19 6
20 4
21 1
22 1
23 0
last timestep 23
node 2326 iteration 6
0 0
1 1
2 0
3 0
last timestep 3
node 2326 iteration 7
0 0
1 2
2 4
3 2
4 3
5 8
6 3
7 3
8 10
9 12
10 14
11 15
12 21
13 32
14 40
15 52
16 38
17 58
18 60
19 73
20 85
21 89
22 66
23 45
24 42
25 24
26 11
27 6
28 3
29 3
30 0
31 0
last timestep 31
node 2326 iteration 8
0 0
1 2
2 10
3 9
4 4
5 3
6 1
7 3
8 2
9 2
10 5
11 2
12 2
13 2
14 2
15 6
16 12
17 11
18 30
19 45
20 44
21 44
22 45
23 67
24 48
25 39
26 50
27 47
28 45
29 34
30 29
31 25
32 20
33 10
34 6
35 7
36 4
37 2
38 0
39 0
last timestep 39
node 2326 iteration 9
0 0
1 2
2 4
3 7
4 15
5 25
6 34
7 44
8 75
9 66
10 84
11 74
12 87
13 70
14 51
15 45
16 29
17 24
18 16
19 16
20 8
21 2
22 3
23 1
24 1
25 0
26 0
last timestep 26
