node 1496 iteration 0
0 0
1 3
2 7
3 13
4 35
5 60
6 64
7 98
8 75
9 93
10 71
11 80
12 59
13 29
14 21
15 14
16 14
17 13
18 6
19 6
20 7
21 8
22 3
23 1
24 1
25 1
26 1
27 0
28 0
last timestep 28
node 1496 iteration 1
0 0
1 4
2 2
3 3
4 1
5 2
6 2
7 5
8 2
9 7
10 6
11 11
12 22
13 32
14 65
15 86
16 112
17 123
18 96
19 69
20 56
21 43
22 32
23 23
24 9
25 11
26 6
27 4
28 1
29 1
30 1
31 0
32 0
last timestep 32
node 1496 iteration 2
0 0
1 3
2 10
3 9
4 17
5 46
6 75
7 78
8 80
9 105
10 99
11 84
12 64
13 45
14 40
15 32
16 20
17 11
18 2
19 0
20 1
21 0
last timestep 21
node 1496 iteration 3
0 0
1 0
2 0
last timestep 2
node 1496 iteration 4
0 0
1 2
2 6
3 8
4 7
5 21
6 17
7 41
8 72
9 99
10 87
11 98
12 94
13 81
14 60
15 54
16 48
17 28
18 17
19 13
20 3
21 3
22 1
23 0
24 0
last timestep 24
node 1496 iteration 5
0 0
1 0
2 6
3 3
4 0
last timestep 4
node 1496 iteration 6
0 0
1 1
2 4
3 11
4 21
5 22
6 17
7 28
8 32
9 42
10 52
11 76
12 77
13 77
14 82
15 64
16 44
17 30
18 35
19 30
20 21
21 8
22 3
23 0
24 0
last timestep 24
node 1496 iteration 7
0 0
1 1
2 2
3 0
4 0
last timestep 4
node 1496 iteration 8
0 0
1 0
2 2
3 1
4 2
5 1
6 7
7 15
8 23
9 31
10 51
11 51
12 54
13 91
14 85
15 61
16 45
17 32
18 43
19 35
20 20
21 23
22 21
23 13
24 8
25 9
26 2
27 0
last timestep 27
node 1496 iteration 9
0 0
1 1
2 0
3 0
last timestep 3
