node 1625 iteration 0
0 0
1 0
2 0
last timestep 2
node 1625 iteration 1
0 0
1 1
2 2
3 3
4 4
5 7
6 11
7 21
8 26
9 46
10 51
11 64
12 65
13 74
14 72
15 73
16 65
17 57
18 67
19 47
20 31
21 25
22 21
23 12
24 8
25 7
26 5
27 4
28 1
29 0
30 0
last timestep 30
node 1625 iteration 2
0 0
1 1
2 2
3 5
4 10
5 15
6 24
7 46
8 73
9 75
10 82
11 100
12 67
13 57
14 60
15 38
16 29
17 13
18 8
19 3
20 1
21 0
22 0
last timestep 22
node 1625 iteration 3
0 0
1 2
2 0
3 0
last timestep 3
node 1625 iteration 4
0 0
1 3
2 18
3 23
4 22
5 28
6 41
7 74
8 76
9 103
10 95
11 113
12 90
13 60
14 38
15 27
16 21
17 16
18 4
19 2
20 0
21 0
last timestep 21
node 1625 iteration 5
0 0
1 1
2 2
3 5
4 7
5 6
6 15
7 14
8 20
9 30
10 44
11 52
12 52
13 51
14 59
15 46
16 61
17 56
18 42
19 34
20 31
21 29
22 21
23 15
24 8
25 4
26 1
27 2
28 3
29 2
30 0
31 0
last timestep 31
node 1625 iteration 6
0 0
1 5
2 7
3 11
4 14
5 20
6 21
7 24
8 35
9 63
10 82
11 70
12 76
13 71
14 60
15 49
16 43
17 32
18 20
19 18
20 16
21 14
22 11
23 10
24 5
25 1
26 1
27 0
28 0
last timestep 28
node 1625 iteration 7
0 0
1 0
2 0
last timestep 2
node 1625 iteration 8
0 0
1 1
2 2
3 1
4 1
5 3
6 5
7 8
8 7
9 12
10 26
11 53
12 68
13 98
14 126
15 120
16 108
17 75
18 43
19 29
20 7
21 1
22 2
23 1
24 0
25 0
last timestep 25
node 1625 iteration 9
0 0
1 0
2 0
last timestep 2
