node 772 iteration 0
0 0
1 3
2 10
3 13
4 14
5 15
6 20
7 22
8 32
9 57
10 91
11 85
12 85
13 73
14 64
15 52
16 40
17 38
18 27
19 19
20 13
21 5
22 6
23 1
24 1
25 1
26 0
27 0
last timestep 27
node 772 iteration 1
0 0
1 3
2 6
3 2
4 1
5 0
6 0
last timestep 6
node 772 iteration 2
0 0
1 0
2 0
last timestep 2
node 772 iteration 3
0 0
1 2
2 1
3 0
4 0
last timestep 4
node 772 iteration 4
0 0
1 2
2 14
3 7
4 9
5 22
6 44
7 52
8 46
9 50
10 43
11 46
12 41
13 69
14 54
15 71
16 46
17 47
18 37
19 31
20 30
21 18
22 9
23 10
24 6
25 5
26 5
27 1
28 0
29 0
last timestep 29
node 772 iteration 5
0 0
1 1
2 1
3 1
4 1
5 3
6 1
7 1
8 2
9 0
10 2
11 4
12 1
13 3
14 8
15 9
16 12
17 16
18 15
19 21
20 32
21 35
22 43
23 62
24 66
25 62
26 68
27 49
28 40
29 31
30 32
31 23
32 30
33 19
34 12
35 9
36 6
37 7
38 4
39 2
40 0
last timestep 40
node 772 iteration 6
0 0
1 0
2 0
last timestep 2
node 772 iteration 7
0 0
1 3
2 2
3 2
4 2
5 7
6 4
7 9
8 12
9 19
10 18
11 33
12 53
13 65
14 84
15 71
16 65
17 79
18 86
19 58
20 34
21 31
22 17
23 15
24 5
25 5
26 6
27 3
28 4
29 0
30 1
31 2
32 2
33 1
34 0
last timestep 34
node 772 iteration 8
0 0
1 0
2 0
last timestep 2
node 772 iteration 9
0 0
1 2
2 3
3 17
4 24
5 24
6 30
7 39
8 53
9 49
10 66
11 94
12 89
13 120
14 71
15 52
16 27
17 13
18 12
19 9
20 7
21 3
22 0
23 1
24 0
last timestep 24
