node 2528 iteration 0
0 0
1 0
2 0
last timestep 2
node 2528 iteration 1
0 0
1 0
2 0
last timestep 2
node 2528 iteration 2
0 0
1 1
2 1
3 3
4 5
5 3
6 9
7 14
8 31
9 49
10 47
11 53
12 59
13 75
14 68
15 88
16 75
17 76
18 74
19 50
20 36
21 22
22 21
23 10
24 5
25 5
26 5
27 3
28 4
29 3
30 1
31 0
32 0
last timestep 32
node 2528 iteration 3
0 0
1 2
2 3
3 2
4 0
5 1
6 3
7 3
8 2
9 9
10 14
11 42
12 56
13 62
14 65
15 53
16 60
17 71
18 56
19 46
20 43
21 39
22 29
23 18
24 21
25 20
26 14
27 11
28 4
29 0
last timestep 29
node 2528 iteration 4
0 0
1 1
2 2
3 7
4 8
5 8
6 10
7 16
8 21
9 33
10 50
11 72
12 81
13 96
14 102
15 104
16 73
17 58
18 44
19 27
20 18
21 14
22 3
23 2
24 0
25 0
last timestep 25
node 2528 iteration 5
0 0
1 3
2 0
3 0
last timestep 3
node 2528 iteration 6
0 0
1 2
2 8
3 11
4 13
5 28
6 40
7 66
8 61
9 75
10 65
11 71
12 56
13 39
14 44
15 34
16 24
17 15
18 14
19 3
20 3
21 2
22 4
23 2
24 3
25 1
26 1
27 0
28 0
last timestep 28
node 2528 iteration 7
0 0
1 2
2 4
3 2
4 2
5 3
6 2
7 1
8 0
9 1
10 0
last timestep 10
node 2528 iteration 8
0 0
1 3
2 11
3 11
4 7
5 6
6 14
7 17
8 25
9 26
10 64
11 71
12 84
13 78
14 69
15 57
16 53
17 35
18 30
19 20
20 19
21 16
22 6
23 2
24 1
25 0
26 0
last timestep 26
node 2528 iteration 9
0 0
1 1
2 2
3 2
4 1
5 2
6 3
7 5
8 8
9 16
10 33
11 40
12 81
13 95
14 101
15 110
16 106
17 75
18 55
19 40
20 21
21 11
22 8
23 5
24 2
25 0
26 0
last timestep 26
