node 1769 iteration 0
0 0
1 4
2 17
3 26
4 38
5 57
6 80
7 78
8 67
9 73
10 67
11 72
12 82
13 62
14 42
15 35
16 20
17 16
18 16
19 1
20 1
21 0
22 0
last timestep 22
node 1769 iteration 1
0 0
1 3
2 2
3 8
4 4
5 8
6 29
7 31
8 38
9 63
10 64
11 74
12 72
13 71
14 47
15 42
16 38
17 19
18 18
19 15
20 8
21 6
22 2
23 2
24 2
25 2
26 2
27 4
28 7
29 4
30 4
31 3
32 3
33 2
34 0
35 0
last timestep 35
node 1769 iteration 2
0 0
1 9
2 13
3 34
4 34
5 66
6 89
7 88
8 78
9 69
10 73
11 80
12 68
13 36
14 28
15 19
16 8
17 1
18 0
19 1
20 0
last timestep 20
node 1769 iteration 3
0 0
1 2
2 1
3 3
4 4
5 9
6 17
7 15
8 9
9 18
10 32
11 43
12 48
13 65
14 57
15 64
16 64
17 62
18 51
19 54
20 51
21 37
22 28
23 24
24 10
25 3
26 4
27 1
28 0
29 0
last timestep 29
node 1769 iteration 4
0 0
1 5
2 8
3 6
4 8
5 15
6 12
7 23
8 26
9 44
10 56
11 57
12 82
13 72
14 68
15 56
16 35
17 39
18 41
19 41
20 40
21 18
22 14
23 15
24 9
25 6
26 6
27 3
28 4
29 6
30 2
31 0
32 0
last timestep 32
node 1769 iteration 5
0 0
1 6
2 5
3 4
4 3
5 0
6 0
last timestep 6
node 1769 iteration 6
0 0
1 3
2 1
3 3
4 3
5 8
6 6
7 11
8 20
9 38
10 53
11 82
12 96
13 99
14 102
15 95
16 82
17 51
18 40
19 42
20 23
21 10
22 3
23 1
24 2
25 1
26 0
27 0
last timestep 27
node 1769 iteration 7
0 0
1 8
2 11
3 18
4 40
5 44
6 55
7 79
8 94
9 79
10 85
11 78
12 57
13 57
14 30
15 22
16 16
17 16
18 9
19 3
20 0
21 0
last timestep 21
node 1769 iteration 8
0 0
1 6
2 1
3 2
4 1
5 0
6 0
last timestep 6
node 1769 iteration 9
0 0
1 6
2 7
3 8
4 16
5 15
6 23
7 26
8 27
9 45
10 71
11 89
12 94
13 81
14 80
15 47
16 51
17 32
18 21
19 10
20 10
21 10
22 7
23 5
24 7
25 6
26 1
27 1
28 0
29 0
last timestep 29
