node 181 iteration 0
0 0
1 3
2 1
3 2
4 7
5 16
6 23
7 21
8 23
9 28
10 30
11 43
12 59
13 58
14 71
15 78
16 95
17 73
18 35
19 30
20 25
21 15
22 9
23 9
24 4
25 3
26 2
27 3
28 5
29 1
30 1
31 2
32 0
33 0
last timestep 33
node 181 iteration 1
0 0
1 1
2 1
3 1
4 3
5 1
6 1
7 0
8 0
last timestep 8
node 181 iteration 2
0 0
1 1
2 0
3 0
last timestep 3
node 181 iteration 3
0 0
1 4
2 2
3 4
4 6
5 5
6 15
7 10
8 16
9 29
10 39
11 42
12 48
13 51
14 54
15 55
16 57
17 64
18 58
19 32
20 27
21 12
22 11
23 17
24 21
25 8
26 5
27 5
28 7
29 2
30 5
31 2
32 2
33 2
34 0
35 0
last timestep 35
node 181 iteration 4
0 0
1 1
2 0
3 0
last timestep 3
node 181 iteration 5
0 0
1 1
2 0
3 0
last timestep 3
node 181 iteration 6
0 0
1 1
2 1
3 3
4 4
5 3
6 2
7 5
8 2
9 0
10 0
last timestep 10
node 181 iteration 7
0 0
1 1
2 6
3 9
4 19
5 34
6 31
7 44
8 61
9 62
10 76
11 69
12 92
13 81
14 75
15 39
16 33
17 16
18 12
19 11
20 9
21 4
22 6
23 7
24 5
25 4
26 1
27 0
28 0
last timestep 28
node 181 iteration 8
0 0
1 3
2 7
3 8
4 9
5 11
6 20
7 24
8 30
9 39
10 50
11 72
12 98
13 114
14 84
15 55
16 54
17 54
18 37
19 26
20 15
21 16
22 10
23 6
24 5
25 2
26 2
27 2
28 2
29 0
30 0
last timestep 30
node 181 iteration 9
0 0
1 2
2 3
3 2
4 0
5 1
6 9
7 12
8 27
9 29
10 50
11 70
12 93
13 96
14 89
15 100
16 101
17 86
18 50
19 24
20 16
21 13
22 3
23 3
24 1
25 0
last timestep 25
