node 1040 iteration 0
0 0
1 5
2 11
3 20
4 23
5 50
6 60
7 71
8 71
9 65
10 87
11 72
12 64
13 45
14 31
15 29
16 13
17 9
18 5
19 3
20 2
21 2
22 1
23 0
24 0
last timestep 24
node 1040 iteration 1
0 0
1 3
2 3
3 3
4 2
5 2
6 4
7 6
8 8
9 7
10 11
11 19
12 25
13 35
14 57
15 74
16 84
17 70
18 74
19 69
20 52
21 38
22 30
23 9
24 7
25 6
26 3
27 3
28 0
29 0
last timestep 29
node 1040 iteration 2
0 0
1 6
2 10
3 8
4 11
5 15
6 22
7 21
8 33
9 53
10 51
11 54
12 74
13 89
14 91
15 62
16 45
17 28
18 34
19 22
20 22
21 11
22 5
23 2
24 3
25 1
26 0
27 1
28 0
last timestep 28
node 1040 iteration 3
0 0
1 5
2 6
3 18
4 23
5 29
6 48
7 45
8 68
9 71
10 54
11 66
12 51
13 51
14 32
15 26
16 23
17 21
18 14
19 9
20 9
21 6
22 5
23 6
24 3
25 0
26 2
27 1
28 0
last timestep 28
node 1040 iteration 4
0 0
1 4
2 5
3 7
4 10
5 10
6 6
7 7
8 17
9 19
10 19
11 26
12 37
13 53
14 47
15 37
16 40
17 38
18 37
19 35
20 31
21 35
22 32
23 35
24 26
25 26
26 26
27 21
28 14
29 10
30 9
31 5
32 5
33 9
34 7
35 4
36 4
37 3
38 1
39 1
40 1
41 0
42 0
last timestep 42
node 1040 iteration 5
0 0
1 3
2 1
3 2
4 2
5 4
6 10
7 7
8 16
9 23
10 22
11 39
12 45
13 48
14 63
15 73
16 74
17 81
18 65
19 40
20 33
21 30
22 21
23 14
24 17
25 7
26 7
27 3
28 3
29 2
30 3
31 1
32 0
33 0
last timestep 33
node 1040 iteration 6
0 0
1 2
2 2
3 18
4 18
5 32
6 46
7 58
8 87
9 117
10 89
11 72
12 53
13 67
14 47
15 34
16 25
17 15
18 15
19 11
20 6
21 4
22 2
23 4
24 4
25 2
26 0
27 0
last timestep 27
node 1040 iteration 7
0 0
1 4
2 5
3 4
4 9
5 5
6 13
7 25
8 33
9 34
10 48
11 65
12 72
13 78
14 83
15 90
16 73
17 65
18 35
19 22
20 28
21 17
22 11
23 10
24 8
25 6
26 6
27 0
28 0
last timestep 28
node 1040 iteration 8
0 0
1 2
2 3
3 0
4 1
5 0
last timestep 5
node 1040 iteration 9
0 0
1 3
2 10
3 7
4 13
5 18
6 41
7 57
8 62
9 69
10 75
11 83
12 82
13 59
14 39
15 29
16 30
17 13
18 6
19 6
20 3
21 0
22 1
23 2
24 1
25 1
26 0
last timestep 26
