node 119 iteration 0
0 0
1 5
2 9
3 17
4 38
5 63
6 90
7 104
8 94
9 96
10 89
11 55
12 44
13 25
14 10
15 3
16 3
17 1
18 2
19 1
20 1
21 0
22 0
last timestep 22
node 119 iteration 1
0 0
1 0
2 0
last timestep 2
node 119 iteration 2
0 0
1 3
2 4
3 6
4 11
5 15
6 25
7 36
8 66
9 79
10 88
11 102
12 114
13 82
14 55
15 52
16 39
17 20
18 12
19 9
20 2
21 2
22 1
23 2
24 2
25 3
26 1
27 0
28 0
last timestep 28
node 119 iteration 3
0 0
1 6
2 8
3 8
4 11
5 15
6 16
7 24
8 28
9 33
10 55
11 71
12 87
13 92
14 75
15 83
16 57
17 36
18 35
19 23
20 13
21 12
22 2
23 2
24 1
25 0
26 0
last timestep 26
node 119 iteration 4
0 0
1 3
2 2
3 1
4 0
5 0
last timestep 5
node 119 iteration 5
0 0
1 4
2 5
3 3
4 3
5 1
6 0
7 0
last timestep 7
node 119 iteration 6
0 0
1 0
2 0
last timestep 2
node 119 iteration 7
0 0
1 4
2 6
3 12
4 26
5 52
6 44
7 65
8 82
9 70
10 54
11 51
12 35
13 31
14 29
15 20
16 17
17 24
18 17
19 8
20 10
21 7
22 13
23 16
24 11
25 8
26 3
27 3
28 0
29 1
30 0
last timestep 30
node 119 iteration 8
0 0
1 1
2 0
3 0
last timestep 3
node 119 iteration 9
0 0
1 2
2 2
3 1
4 5
5 6
6 9
7 6
8 3
9 4
10 7
11 9
12 13
13 16
14 21
15 20
16 41
17 49
18 44
19 58
20 77
21 76
22 64
23 51
24 33
25 29
26 18
27 12
28 19
29 14
30 12
31 3
32 1
33 0
34 0
last timestep 34
