node 42 iteration 0
0 0
1 3
2 3
3 0
4 0
last timestep 4
node 42 iteration 1
0 0
1 3
2 4
3 5
4 4
5 4
6 9
7 11
8 12
9 23
10 29
11 54
12 54
13 81
14 69
15 71
16 77
17 63
18 52
19 45
20 24
21 24
22 10
23 4
24 5
25 2
26 3
27 2
28 0
29 0
last timestep 29
node 42 iteration 2
0 0
1 0
2 0
last timestep 2
node 42 iteration 3
0 0
1 4
2 1
3 0
4 0
last timestep 4
node 42 iteration 4
0 0
1 4
2 4
3 14
4 19
5 20
6 21
7 31
8 46
9 54
10 84
11 91
12 75
13 67
14 66
15 57
16 44
17 31
18 23
19 15
20 12
21 10
22 6
23 3
24 3
25 2
26 0
27 0
last timestep 27
node 42 iteration 5
0 0
1 3
2 7
3 6
4 16
5 23
6 36
7 63
8 80
9 90
10 97
11 96
12 87
13 81
14 62
15 34
16 28
17 16
18 10
19 5
20 4
21 1
22 0
23 0
last timestep 23
node 42 iteration 6
0 0
1 4
2 3
3 5
4 6
5 11
6 14
7 32
8 27
9 28
10 38
11 55
12 71
13 79
14 86
15 74
16 65
17 31
18 22
19 23
20 17
21 12
22 9
23 4
24 9
25 6
26 3
27 2
28 3
29 4
30 1
31 0
32 0
last timestep 32
node 42 iteration 7
0 0
1 3
2 7
3 15
4 12
5 23
6 36
7 29
8 29
9 39
10 71
11 72
12 92
13 89
14 90
15 70
16 58
17 50
18 27
19 18
20 13
21 9
22 11
23 5
24 1
25 0
26 0
last timestep 26
node 42 iteration 8
0 0
1 2
2 4
3 3
4 5
5 4
6 18
7 26
8 33
9 51
10 59
11 70
12 91
13 104
14 97
15 73
16 56
17 42
18 30
19 18
20 14
21 5
22 3
23 2
24 2
25 0
26 0
last timestep 26
node 42 iteration 9
0 0
1 1
2 0
3 0
last timestep 3
