node 1288 iteration 0
0 0
1 6
2 5
3 10
4 15
5 19
6 38
7 58
8 87
9 106
10 97
11 116
12 81
13 74
14 52
15 42
16 25
17 14
18 6
19 8
20 6
21 0
22 0
last timestep 22
node 1288 iteration 1
0 0
1 2
2 2
3 2
4 7
5 6
6 12
7 25
8 32
9 33
10 32
11 59
12 69
13 69
14 77
15 78
16 60
17 62
18 56
19 34
20 34
21 18
22 13
23 9
24 7
25 6
26 3
27 0
28 0
last timestep 28
node 1288 iteration 2
0 0
1 5
2 5
3 14
4 19
5 39
6 46
7 59
8 69
9 62
10 58
11 66
12 62
13 59
14 58
15 62
16 38
17 33
18 30
19 19
20 16
21 12
22 10
23 6
24 6
25 3
26 1
27 0
28 0
last timestep 28
node 1288 iteration 3
0 0
1 2
2 3
3 6
4 3
5 7
6 9
7 12
8 11
9 12
10 14
11 20
12 20
13 26
14 30
15 36
16 52
17 55
18 69
19 48
20 63
21 73
22 56
23 41
24 23
25 18
26 11
27 16
28 5
29 1
30 1
31 1
32 0
33 0
last timestep 33
node 1288 iteration 4
0 0
1 4
2 4
3 8
4 9
5 14
6 16
7 11
8 14
9 20
10 42
11 43
12 58
13 69
14 65
15 94
16 79
17 69
18 78
19 64
20 48
21 40
22 24
23 16
24 11
25 8
26 3
27 2
28 1
29 0
30 0
last timestep 30
node 1288 iteration 5
0 0
1 3
2 1
3 1
4 1
5 0
6 1
7 4
8 4
9 8
10 16
11 17
12 11
13 21
14 27
15 46
16 62
17 86
18 111
19 99
20 75
21 65
22 60
23 40
24 13
25 10
26 6
27 1
28 0
last timestep 28
node 1288 iteration 6
0 0
1 0
2 0
last timestep 2
node 1288 iteration 7
0 0
1 4
2 7
3 9
4 26
5 20
6 21
7 18
8 33
9 49
10 39
11 38
12 52
13 58
14 59
15 73
16 66
17 65
18 51
19 39
20 26
21 13
22 6
23 8
24 3
25 0
26 0
last timestep 26
node 1288 iteration 8
0 0
1 3
2 4
3 2
4 1
5 0
6 0
last timestep 6
node 1288 iteration 9
0 0
1 0
2 0
last timestep 2
