node 580 iteration 0
0 0
1 7
2 11
3 7
4 10
5 10
6 12
7 15
8 13
9 27
10 27
11 30
12 49
13 51
14 66
15 74
16 65
17 66
18 71
19 45
20 40
21 32
22 22
23 17
24 9
25 4
26 3
27 3
28 5
29 3
30 0
31 1
32 0
last timestep 32
node 580 iteration 1
0 0
1 2
2 1
3 0
4 0
last timestep 4
node 580 iteration 2
0 0
1 0
2 3
3 8
4 13
5 19
6 27
7 37
8 53
9 82
10 88
11 63
12 80
13 51
14 48
15 32
16 28
17 23
18 13
19 19
20 9
21 5
22 2
23 0
last timestep 23
node 580 iteration 3
0 0
1 2
2 3
3 3
4 6
5 11
6 18
7 25
8 31
9 66
10 80
11 112
12 94
13 105
14 100
15 94
16 77
17 47
18 22
19 9
20 4
21 0
22 1
23 0
last timestep 23
node 580 iteration 4
0 0
1 1
2 2
3 5
4 13
5 28
6 36
7 31
8 36
9 35
10 53
11 62
12 79
13 95
14 92
15 71
16 64
17 48
18 25
19 18
20 14
21 11
22 6
23 3
24 4
25 0
26 0
last timestep 26
node 580 iteration 5
0 0
1 1
2 0
3 0
last timestep 3
node 580 iteration 6
0 0
1 3
2 10
3 11
4 33
5 65
6 113
7 99
8 105
9 120
10 91
11 70
12 61
13 30
14 16
15 14
16 13
17 8
18 8
19 5
20 3
21 1
22 0
23 0
last timestep 23
node 580 iteration 7
0 0
1 2
2 5
3 6
4 8
5 10
6 11
7 4
8 8
9 24
10 23
11 17
12 12
13 20
14 25
15 29
16 43
17 41
18 55
19 51
20 58
21 49
22 53
23 52
24 40
25 27
26 22
27 13
28 15
29 11
30 14
31 5
32 1
33 1
34 0
35 0
last timestep 35
node 580 iteration 8
0 0
1 1
2 1
3 1
4 3
5 4
6 7
7 8
8 20
9 17
10 20
11 34
12 30
13 44
14 50
15 71
16 67
17 94
18 88
19 45
20 48
21 40
22 31
23 20
24 19
25 9
26 7
27 6
28 7
29 4
30 2
31 5
32 9
33 5
34 2
35 0
36 1
37 2
38 1
39 0
last timestep 39
node 580 iteration 9
0 0
1 1
2 1
3 3
4 8
5 26
6 42
7 74
8 87
9 105
10 103
11 85
12 81
13 52
14 32
15 17
16 22
17 16
18 18
19 2
20 7
21 4
22 2
23 0
24 0
last timestep 24
