node 630 iteration 0
0 0
1 3
2 14
3 11
4 10
5 15
6 17
7 24
8 29
9 37
10 42
11 69
12 57
13 79
14 76
15 91
16 59
17 61
18 53
19 24
20 22
21 20
22 11
23 11
24 7
25 5
26 3
27 2
28 3
29 1
30 1
31 0
32 0
last timestep 32
node 630 iteration 1
0 0
1 4
2 6
3 8
4 16
5 22
6 31
7 62
8 72
9 104
10 71
11 68
12 63
13 56
14 43
15 41
16 32
17 26
18 17
19 4
20 0
21 1
22 0
last timestep 22
node 630 iteration 2
0 0
1 1
2 1
3 0
4 0
last timestep 4
node 630 iteration 3
0 0
1 3
2 8
3 23
4 35
5 69
6 85
7 104
8 106
9 86
10 69
11 71
12 62
13 41
14 27
15 24
16 18
17 12
18 2
19 3
20 2
21 3
22 2
23 0
24 0
last timestep 24
node 630 iteration 4
0 0
1 2
2 1
3 2
4 2
5 9
6 13
7 8
8 10
9 23
10 15
11 15
12 36
13 48
14 66
15 81
16 78
17 100
18 89
19 73
20 55
21 30
22 20
23 12
24 6
25 4
26 0
27 0
last timestep 27
node 630 iteration 5
0 0
1 1
2 0
3 4
4 5
5 12
6 10
7 19
8 13
9 10
10 9
11 17
12 24
13 45
14 62
15 65
16 83
17 84
18 69
19 74
20 47
21 46
22 29
23 16
24 15
25 11
26 7
27 3
28 3
29 0
last timestep 29
node 630 iteration 6
0 0
1 0
2 2
3 2
4 5
5 12
6 15
7 34
8 50
9 52
10 79
11 94
12 102
13 103
14 118
15 71
16 50
17 47
18 17
19 13
20 4
21 2
22 5
23 3
24 0
last timestep 24
node 630 iteration 7
0 0
1 2
2 9
3 12
4 22
5 33
6 54
7 66
8 83
9 94
10 103
11 83
12 63
13 42
14 29
15 17
16 21
17 24
18 16
19 13
20 12
21 6
22 1
23 1
24 0
25 0
last timestep 25
node 630 iteration 8
0 0
1 3
2 6
3 6
4 13
5 16
6 22
7 25
8 38
9 40
10 58
11 56
12 69
13 83
14 69
15 65
16 58
17 36
18 30
19 33
20 16
21 17
22 10
23 2
24 0
25 0
last timestep 25
node 630 iteration 9
0 0
1 4
2 17
3 17
4 36
5 34
6 48
7 68
8 89
9 89
10 84
11 85
12 79
13 56
14 54
15 40
16 20
17 8
18 6
19 1
20 0
21 0
last timestep 21
