node 843 iteration 0
0 0
1 1
2 2
3 1
4 1
5 0
6 0
last timestep 6
node 843 iteration 1
0 0
1 1
2 0
3 0
last timestep 3
node 843 iteration 2
0 0
1 1
2 0
3 0
last timestep 3
node 843 iteration 3
0 0
1 1
2 0
3 1
4 1
5 2
6 5
7 4
8 8
9 8
10 14
11 14
12 16
13 18
14 29
15 36
16 63
17 57
18 84
19 71
20 55
21 58
22 47
23 30
24 31
25 39
26 23
27 16
28 10
29 13
30 7
31 3
32 4
33 1
34 2
35 0
last timestep 35
node 843 iteration 4
0 0
1 1
2 1
3 4
4 5
5 6
6 10
7 14
8 15
9 26
10 43
11 44
12 72
13 95
14 98
15 78
16 80
17 74
18 50
19 40
20 31
21 27
22 21
23 9
24 8
25 3
26 2
27 3
28 1
29 2
30 1
31 0
32 0
last timestep 32
node 843 iteration 5
0 0
1 2
2 4
3 11
4 13
5 27
6 30
7 48
8 72
9 82
10 100
11 111
12 126
13 101
14 73
15 38
16 23
17 21
18 10
19 11
20 5
21 1
22 0
23 0
last timestep 23
node 843 iteration 6
0 0
1 0
2 2
3 3
4 3
5 11
6 9
7 15
8 15
9 22
10 35
11 34
12 40
13 43
14 54
15 72
16 66
17 76
18 84
19 60
20 56
21 36
22 17
23 18
24 13
25 9
26 7
27 7
28 2
29 2
30 3
31 0
last timestep 31
node 843 iteration 7
0 0
1 1
2 0
3 3
4 8
5 16
6 10
7 10
8 29
9 50
10 37
11 58
12 84
13 95
14 109
15 99
16 75
17 88
18 48
19 25
20 18
21 12
22 10
23 6
24 5
25 2
26 1
27 3
28 1
29 0
last timestep 29
node 843 iteration 8
0 0
1 1
2 4
3 3
4 9
5 19
6 25
7 39
8 39
9 56
10 71
11 79
12 86
13 78
14 60
15 53
16 42
17 16
18 14
19 9
20 10
21 8
22 8
23 2
24 1
25 0
26 0
last timestep 26
node 843 iteration 9
0 0
1 0
2 0
last timestep 2
