node 1277 iteration 0
0 0
1 7
2 4
3 5
4 7
5 4
6 9
7 4
8 2
9 3
10 1
11 7
12 7
13 16
14 29
15 45
16 54
17 78
18 92
19 93
20 96
21 80
22 77
23 55
24 46
25 16
26 7
27 2
28 0
29 0
last timestep 29
node 1277 iteration 1
0 0
1 2
2 0
3 0
last timestep 3
node 1277 iteration 2
0 0
1 2
2 3
3 6
4 8
5 16
6 33
7 47
8 62
9 75
10 80
11 86
12 89
13 81
14 57
15 45
16 22
17 18
18 19
19 5
20 4
21 3
22 4
23 3
24 1
25 0
26 0
last timestep 26
node 1277 iteration 3
0 0
1 1
2 1
3 1
4 5
5 5
6 8
7 9
8 36
9 44
10 61
11 82
12 93
13 102
14 110
15 89
16 68
17 47
18 29
19 15
20 8
21 12
22 8
23 4
24 5
25 5
26 1
27 1
28 0
29 0
last timestep 29
node 1277 iteration 4
0 0
1 4
2 10
3 10
4 15
5 15
6 28
7 34
8 52
9 62
10 73
11 86
12 78
13 60
14 47
15 41
16 33
17 27
18 28
19 16
20 8
21 3
22 1
23 4
24 1
25 0
26 0
last timestep 26
node 1277 iteration 5
0 0
1 2
2 3
3 8
4 15
5 33
6 48
7 78
8 103
9 102
10 96
11 90
12 72
13 70
14 27
15 24
16 19
17 12
18 7
19 2
20 2
21 0
22 0
last timestep 22
node 1277 iteration 6
0 0
1 4
2 4
3 10
4 11
5 20
6 38
7 69
8 80
9 113
10 93
11 104
12 90
13 57
14 48
15 27
16 14
17 13
18 6
19 3
20 1
21 0
22 0
last timestep 22
node 1277 iteration 7
0 0
1 4
2 8
3 11
4 21
5 25
6 29
7 36
8 53
9 59
10 53
11 57
12 87
13 80
14 78
15 63
16 40
17 37
18 32
19 16
20 7
21 6
22 3
23 4
24 0
25 0
last timestep 25
node 1277 iteration 8
0 0
1 5
2 8
3 10
4 15
5 25
6 32
7 46
8 54
9 84
10 91
11 89
12 90
13 74
14 71
15 36
16 20
17 7
18 6
19 5
20 4
21 3
22 3
23 1
24 0
25 0
last timestep 25
node 1277 iteration 9
0 0
1 0
2 0
last timestep 2
