node 619 iteration 0
0 0
1 3
2 2
3 7
4 6
5 4
6 4
7 0
8 0
last timestep 8
node 619 iteration 1
0 0
1 7
2 5
3 7
4 7
5 14
6 24
7 40
8 51
9 73
10 88
11 87
12 85
13 74
14 65
15 58
16 39
17 32
18 25
19 16
20 11
21 19
22 14
23 15
24 9
25 5
26 2
27 2
28 1
29 0
30 0
last timestep 30
node 619 iteration 2
0 0
1 1
2 6
3 4
4 15
5 24
6 29
7 39
8 45
9 59
10 83
11 76
12 81
13 84
14 64
15 42
16 28
17 17
18 12
19 10
20 9
21 3
22 0
23 0
last timestep 23
node 619 iteration 3
0 0
1 3
2 5
3 12
4 17
5 25
6 32
7 61
8 71
9 79
10 83
11 75
12 71
13 54
14 34
15 24
16 29
17 15
18 13
19 14
20 8
21 7
22 0
23 0
last timestep 23
node 619 iteration 4
0 0
1 4
2 2
3 2
4 4
5 8
6 10
7 18
8 41
9 41
10 50
11 71
12 79
13 92
14 83
15 60
16 44
17 42
18 24
19 15
20 13
21 9
22 13
23 8
24 5
25 1
26 2
27 3
28 2
29 0
30 1
31 0
last timestep 31
node 619 iteration 5
0 0
1 4
2 3
3 1
4 0
5 0
last timestep 5
node 619 iteration 6
0 0
1 6
2 21
3 14
4 33
5 40
6 53
7 69
8 58
9 62
10 70
11 63
12 57
13 40
14 29
15 28
16 18
17 14
18 10
19 5
20 4
21 3
22 2
23 3
24 0
25 0
last timestep 25
node 619 iteration 7
0 0
1 4
2 5
3 5
4 5
5 6
6 8
7 12
8 24
9 43
10 55
11 69
12 93
13 100
14 60
15 59
16 49
17 53
18 54
19 34
20 19
21 9
22 7
23 3
24 0
25 1
26 0
last timestep 26
node 619 iteration 8
0 0
1 7
2 9
3 9
4 10
5 4
6 2
7 3
8 12
9 4
10 4
11 0
12 0
last timestep 12
node 619 iteration 9
0 0
1 4
2 7
3 15
4 13
5 15
6 28
7 33
8 42
9 60
10 59
11 60
12 86
13 83
14 63
15 62
16 54
17 30
18 15
19 14
20 10
21 3
22 6
23 1
24 0
25 0
last timestep 25
