node 627 iteration 0
0 0
1 3
2 3
3 4
4 11
5 21
6 25
7 64
8 61
9 71
10 72
11 77
12 46
13 52
14 32
15 34
16 24
17 22
18 20
19 16
20 18
21 17
22 3
23 2
24 0
25 0
last timestep 25
node 627 iteration 1
0 0
1 1
2 0
3 0
last timestep 3
node 627 iteration 2
0 0
1 1
2 0
3 0
last timestep 3
node 627 iteration 3
0 0
1 6
2 4
3 8
4 8
5 7
6 12
7 24
8 29
9 34
10 37
11 41
12 38
13 26
14 39
15 56
16 53
17 42
18 44
19 36
20 47
21 40
22 29
23 28
24 18
25 11
26 4
27 7
28 5
29 6
30 3
31 5
32 1
33 0
34 0
last timestep 34
node 627 iteration 4
0 0
1 0
2 0
last timestep 2
node 627 iteration 5
0 0
1 3
2 13
3 13
4 21
5 27
6 30
7 41
8 37
9 43
10 75
11 67
12 65
13 60
14 53
15 58
16 44
17 34
18 32
19 23
20 19
21 10
22 5
23 7
24 1
25 0
26 0
last timestep 26
node 627 iteration 6
0 0
1 1
2 3
3 5
4 3
5 4
6 8
7 15
8 33
9 35
10 49
11 73
12 71
13 87
14 89
15 84
16 68
17 39
18 25
19 15
20 10
21 11
22 6
23 1
24 0
25 1
26 1
27 0
last timestep 27
node 627 iteration 7
0 0
1 2
2 1
3 1
4 0
5 0
last timestep 5
node 627 iteration 8
0 0
1 2
2 3
3 13
4 11
5 13
6 27
7 47
8 56
9 56
10 70
11 77
12 86
13 77
14 68
15 58
16 40
17 39
18 22
19 16
20 5
21 3
22 6
23 3
24 0
25 0
last timestep 25
node 627 iteration 9
0 0
1 4
2 8
3 9
4 21
5 39
6 67
7 73
8 98
9 97
10 81
11 101
12 96
13 60
14 42
15 38
16 13
17 11
18 10
19 6
20 3
21 2
22 0
23 0
last timestep 23
