node 1281 iteration 0
0 0
1 3
2 7
3 12
4 7
5 15
6 34
7 22
8 26
9 36
10 33
11 39
12 35
13 49
14 35
15 38
16 49
17 37
18 25
19 25
20 29
21 29
22 14
23 13
24 14
25 15
26 22
27 18
28 11
29 4
30 9
31 3
32 6
33 5
34 3
35 2
36 0
37 0
last timestep 37
node 1281 iteration 1
0 0
1 2
2 3
3 4
4 4
5 3
6 6
7 5
8 13
9 20
10 35
11 50
12 74
13 80
14 80
15 92
16 62
17 55
18 52
19 49
20 26
21 20
22 13
23 13
24 9
25 2
26 1
27 0
28 0
last timestep 28
node 1281 iteration 2
0 0
1 7
2 4
3 3
4 4
5 5
6 3
7 1
8 1
9 0
10 2
11 3
12 6
13 18
14 11
15 11
16 23
17 37
18 42
19 43
20 44
21 69
22 72
23 84
24 73
25 71
26 71
27 41
28 30
29 26
30 17
31 13
32 6
33 3
34 3
35 3
36 3
37 6
38 5
39 9
40 5
41 5
42 1
43 1
44 0
last timestep 44
node 1281 iteration 3
0 0
1 4
2 7
3 24
4 19
5 35
6 60
7 77
8 94
9 95
10 93
11 81
12 70
13 60
14 50
15 38
16 20
17 16
18 7
19 7
20 5
21 1
22 1
23 0
24 0
last timestep 24
node 1281 iteration 4
0 0
1 4
2 7
3 9
4 16
5 23
6 19
7 19
8 28
9 41
10 63
11 73
12 69
13 69
14 61
15 77
16 47
17 32
18 23
19 24
20 10
21 11
22 14
23 18
24 7
25 6
26 10
27 6
28 3
29 1
30 0
31 0
last timestep 31
node 1281 iteration 5
0 0
1 0
2 0
last timestep 2
node 1281 iteration 6
0 0
1 4
2 6
3 11
4 20
5 31
6 60
7 98
8 93
9 90
10 75
11 70
12 54
13 44
14 35
15 22
16 11
17 14
18 15
19 3
20 3
21 1
22 0
23 2
24 0
last timestep 24
node 1281 iteration 7
0 0
1 1
2 4
3 5
4 4
5 6
6 7
7 11
8 17
9 26
10 31
11 38
12 66
13 79
14 83
15 79
16 86
17 55
18 44
19 31
20 23
21 20
22 28
23 20
24 12
25 6
26 1
27 4
28 1
29 0
30 0
last timestep 30
node 1281 iteration 8
0 0
1 5
2 7
3 10
4 25
5 39
6 59
7 61
8 70
9 83
10 100
11 114
12 113
13 72
14 50
15 32
16 16
17 14
18 5
19 2
20 1
21 1
22 0
23 0
last timestep 23
node 1281 iteration 9
0 0
1 6
2 11
3 22
4 24
5 24
6 32
7 32
8 42
9 55
10 64
11 89
12 86
13 108
14 111
15 77
16 52
17 37
18 25
19 9
20 4
21 0
22 0
last timestep 22
