node 1616 iteration 0
0 0
1 0
2 0
last timestep 2
node 1616 iteration 1
0 0
1 0
2 0
last timestep 2
node 1616 iteration 2
0 0
1 1
2 1
3 3
4 2
5 2
6 3
7 4
8 17
9 16
10 19
11 42
12 52
13 66
14 88
15 84
16 94
17 92
18 84
19 79
20 60
21 43
22 22
23 20
24 9
25 5
26 5
27 1
28 2
29 2
30 0
31 0
last timestep 31
node 1616 iteration 3
0 0
1 0
2 0
last timestep 2
node 1616 iteration 4
0 0
1 1
2 0
3 1
4 0
last timestep 4
node 1616 iteration 5
0 0
1 0
2 2
3 4
4 6
5 9
6 8
7 10
8 17
9 33
10 34
11 42
12 51
13 72
14 100
15 62
16 69
17 57
18 42
19 31
20 20
21 17
22 10
23 16
24 15
25 8
26 2
27 1
28 0
last timestep 28
node 1616 iteration 6
0 0
1 2
2 2
3 4
4 8
5 9
6 15
7 26
8 50
9 67
10 68
11 94
12 82
13 97
14 101
15 70
16 48
17 35
18 18
19 15
20 10
21 2
22 0
23 1
24 0
last timestep 24
node 1616 iteration 7
0 0
1 1
2 3
3 3
4 5
5 4
6 5
7 10
8 12
9 26
10 35
11 46
12 63
13 70
14 66
15 85
16 73
17 60
18 48
19 41
20 35
21 21
22 22
23 7
24 7
25 8
26 1
27 2
28 1
29 0
30 0
last timestep 30
node 1616 iteration 8
0 0
1 3
2 5
3 3
4 4
5 10
6 18
7 17
8 32
9 55
10 76
11 86
12 90
13 68
14 60
15 56
16 38
17 45
18 36
19 28
20 22
21 14
22 15
23 11
24 9
25 3
26 3
27 1
28 1
29 0
30 0
last timestep 30
node 1616 iteration 9
0 0
1 4
2 6
3 16
4 14
5 16
6 35
7 51
8 64
9 89
10 98
11 114
12 100
13 59
14 39
15 29
16 15
17 11
18 10
19 6
20 4
21 3
22 0
23 0
last timestep 23
