node 1087 iteration 0
0 0
1 3
2 7
3 13
4 22
5 27
6 46
7 60
8 105
9 105
10 105
11 95
12 62
13 36
14 17
15 11
16 6
17 1
18 0
19 0
last timestep 19
node 1087 iteration 1
0 0
1 2
2 3
3 17
4 33
5 37
6 61
7 119
8 92
9 118
10 83
11 80
12 59
13 37
14 28
15 30
16 17
17 15
18 8
19 5
20 3
21 3
22 5
23 4
24 0
25 0
last timestep 25
node 1087 iteration 2
0 0
1 2
2 1
3 3
4 4
5 4
6 7
7 18
8 32
9 43
10 66
11 85
12 111
13 105
14 108
15 100
16 48
17 42
18 27
19 14
20 14
21 12
22 10
23 5
24 3
25 3
26 0
27 0
last timestep 27
node 1087 iteration 3
0 0
1 2
2 0
3 0
last timestep 3
node 1087 iteration 4
0 0
1 0
2 0
last timestep 2
node 1087 iteration 5
0 0
1 1
2 0
3 0
last timestep 3
node 1087 iteration 6
0 0
1 2
2 4
3 3
4 7
5 5
6 7
7 16
8 16
9 14
10 20
11 23
12 26
13 30
14 50
15 58
16 72
17 59
18 85
19 60
20 44
21 32
22 27
23 19
24 24
25 19
26 9
27 6
28 3
29 1
30 2
31 0
32 1
33 1
34 1
35 0
last timestep 35
node 1087 iteration 7
0 0
1 4
2 1
3 3
4 5
5 8
6 7
7 7
8 14
9 15
10 27
11 34
12 57
13 52
14 54
15 50
16 69
17 82
18 81
19 68
20 54
21 27
22 20
23 13
24 8
25 2
26 4
27 2
28 1
29 0
30 0
last timestep 30
node 1087 iteration 8
0 0
1 0
2 0
last timestep 2
node 1087 iteration 9
0 0
1 2
2 3
3 3
4 19
5 24
6 51
7 58
8 83
9 82
10 102
11 92
12 60
13 48
14 39
15 29
16 17
17 15
18 9
19 6
20 6
21 5
22 1
23 1
24 0
25 0
last timestep 25
