node 238 iteration 0
0 0
1 3
2 7
3 10
4 13
5 25
6 34
7 51
8 64
9 95
10 115
11 114
12 91
13 67
14 45
15 31
16 23
17 12
18 8
19 3
20 1
21 0
22 0
last timestep 22
node 238 iteration 1
0 0
1 1
2 1
3 3
4 4
5 2
6 1
7 5
8 7
9 16
10 29
11 55
12 77
13 67
14 96
15 76
16 73
17 56
18 62
19 66
20 72
21 30
22 15
23 13
24 11
25 6
26 8
27 4
28 1
29 4
30 0
31 0
last timestep 31
node 238 iteration 2
0 0
1 3
2 4
3 6
4 10
5 12
6 21
7 36
8 36
9 40
10 50
11 68
12 83
13 92
14 89
15 58
16 29
17 17
18 12
19 12
20 13
21 7
22 6
23 5
24 4
25 5
26 8
27 7
28 11
29 3
30 3
31 2
32 3
33 0
34 0
last timestep 34
node 238 iteration 3
0 0
1 0
2 0
last timestep 2
node 238 iteration 4
0 0
1 1
2 0
3 0
last timestep 3
node 238 iteration 5
0 0
1 0
2 2
3 0
last timestep 3
node 238 iteration 6
0 0
1 4
2 4
3 10
4 12
5 17
6 10
7 14
8 21
9 29
10 47
11 73
12 84
13 100
14 94
15 89
16 63
17 57
18 46
19 33
20 25
21 19
22 8
23 0
24 0
last timestep 24
node 238 iteration 7
0 0
1 7
2 6
3 13
4 35
5 41
6 58
7 53
8 86
9 93
10 99
11 87
12 70
13 53
14 54
15 35
16 21
17 13
18 11
19 10
20 1
21 1
22 4
23 1
24 0
25 0
last timestep 25
node 238 iteration 8
0 0
1 0
2 0
last timestep 2
node 238 iteration 9
0 0
1 3
2 2
3 4
4 9
5 13
6 27
7 41
8 43
9 61
10 88
11 85
12 60
13 60
14 48
15 38
16 31
17 28
18 26
19 9
20 5
21 6
22 3
23 3
24 4
25 3
26 2
27 1
28 3
29 1
30 1
31 1
32 0
33 0
last timestep 33
