node 543 iteration 0
0 0
1 6
2 3
3 4
4 11
5 19
6 16
7 22
8 24
9 42
10 43
11 57
12 74
13 81
14 75
15 86
16 68
17 57
18 39
19 24
20 17
21 12
22 6
23 6
24 1
25 0
26 0
last timestep 26
node 543 iteration 1
0 0
1 3
2 11
3 12
4 12
5 12
6 15
7 21
8 33
9 50
10 55
11 67
12 74
13 81
14 65
15 82
16 56
17 47
18 30
19 29
20 10
21 8
22 7
23 3
24 6
25 1
26 0
27 0
last timestep 27
node 543 iteration 2
0 0
1 4
2 1
3 2
4 8
5 7
6 9
7 11
8 19
9 39
10 62
11 70
12 95
13 120
14 112
15 89
16 65
17 56
18 38
19 29
20 21
21 11
22 7
23 0
24 0
last timestep 24
node 543 iteration 3
0 0
1 5
2 14
3 20
4 19
5 36
6 39
7 49
8 59
9 78
10 82
11 70
12 47
13 50
14 42
15 29
16 25
17 18
18 8
19 12
20 14
21 6
22 3
23 1
24 0
25 0
last timestep 25
node 543 iteration 4
0 0
1 2
2 3
3 0
4 2
5 5
6 6
7 8
8 13
9 22
10 28
11 41
12 61
13 67
14 63
15 77
16 67
17 77
18 61
19 56
20 52
21 37
22 22
23 20
24 25
25 19
26 11
27 8
28 10
29 6
30 4
31 3
32 6
33 10
34 6
35 2
36 2
37 1
38 0
last timestep 38
node 543 iteration 5
0 0
1 2
2 2
3 7
4 14
5 16
6 35
7 49
8 53
9 82
10 88
11 92
12 92
13 81
14 73
15 51
16 40
17 27
18 18
19 12
20 8
21 1
22 0
23 0
last timestep 23
node 543 iteration 6
0 0
1 5
2 1
3 0
4 0
last timestep 4
node 543 iteration 7
0 0
1 2
2 1
3 2
4 1
5 4
6 5
7 8
8 16
9 27
10 32
11 36
12 53
13 54
14 80
15 89
16 127
17 107
18 70
19 47
20 32
21 15
22 7
23 4
24 3
25 4
26 6
27 3
28 3
29 3
30 3
31 0
32 0
last timestep 32
node 543 iteration 8
0 0
1 4
2 6
3 10
4 28
5 24
6 53
7 102
8 111
9 113
10 123
11 82
12 74
13 54
14 39
15 21
16 19
17 7
18 2
19 2
20 0
21 0
last timestep 21
node 543 iteration 9
0 0
1 4
2 10
3 9
4 11
5 21
6 34
7 38
8 48
9 78
10 78
11 70
12 63
13 66
14 59
15 48
16 24
17 19
18 20
19 17
20 6
21 2
22 0
23 0
last timestep 23
