node 1015 iteration 0
0 0
1 5
2 9
3 1
4 2
5 3
6 4
7 5
8 4
9 9
10 14
11 12
12 15
13 16
14 31
15 53
16 56
17 90
18 99
19 102
20 90
21 68
22 68
23 41
24 21
25 18
26 8
27 4
28 0
29 0
last timestep 29
node 1015 iteration 1
0 0
1 4
2 4
3 7
4 14
5 26
6 45
7 69
8 99
9 103
10 105
11 72
12 72
13 68
14 56
15 39
16 24
17 15
18 10
19 4
20 5
21 2
22 4
23 2
24 0
25 0
last timestep 25
node 1015 iteration 2
0 0
1 6
2 4
3 11
4 18
5 18
6 18
7 24
8 32
9 27
10 42
11 48
12 46
13 43
14 60
15 61
16 49
17 50
18 38
19 44
20 29
21 24
22 24
23 22
24 10
25 5
26 5
27 2
28 1
29 1
30 0
31 0
last timestep 31
node 1015 iteration 3
0 0
1 5
2 4
3 2
4 0
5 0
last timestep 5
node 1015 iteration 4
0 0
1 3
2 3
3 2
4 5
5 11
6 12
7 17
8 21
9 24
10 32
11 33
12 69
13 91
14 97
15 96
16 94
17 55
18 55
19 50
20 37
21 26
22 26
23 14
24 9
25 6
26 3
27 0
28 0
last timestep 28
node 1015 iteration 5
0 0
1 3
2 7
3 15
4 17
5 25
6 29
7 33
8 54
9 51
10 44
11 41
12 56
13 76
14 69
15 62
16 51
17 38
18 21
19 16
20 18
21 6
22 7
23 6
24 5
25 4
26 4
27 4
28 8
29 0
30 1
31 0
last timestep 31
node 1015 iteration 6
0 0
1 6
2 15
3 8
4 9
5 8
6 17
7 28
8 40
9 66
10 75
11 69
12 62
13 54
14 49
15 49
16 47
17 30
18 26
19 13
20 9
21 4
22 4
23 1
24 1
25 0
26 0
last timestep 26
node 1015 iteration 7
0 0
1 9
2 8
3 12
4 17
5 22
6 40
7 40
8 54
9 71
10 88
11 75
12 87
13 78
14 68
15 62
16 40
17 31
18 20
19 6
20 1
21 2
22 3
23 4
24 2
25 3
26 1
27 0
28 0
last timestep 28
node 1015 iteration 8
0 0
1 4
2 4
3 2
4 1
5 5
6 6
7 8
8 8
9 23
10 31
11 56
12 77
13 91
14 96
15 89
16 80
17 69
18 49
19 39
20 22
21 18
22 12
23 8
24 2
25 1
26 2
27 0
28 0
last timestep 28
node 1015 iteration 9
0 0
1 9
2 8
3 10
4 19
5 24
6 25
7 32
8 26
9 36
10 57
11 74
12 75
13 83
14 60
15 45
16 37
17 27
18 13
19 20
20 18
21 13
22 10
23 13
24 8
25 3
26 2
27 3
28 1
29 0
30 0
last timestep 30
