node 1077 iteration 0
0 0
1 5
2 9
3 13
4 26
5 46
6 69
7 71
8 85
9 81
10 67
11 72
12 59
13 50
14 33
15 50
16 32
17 17
18 10
19 8
20 7
21 1
22 1
23 1
24 0
25 0
last timestep 25
node 1077 iteration 1
0 0
1 3
2 10
3 8
4 23
5 45
6 69
7 85
8 112
9 123
10 79
11 55
12 56
13 47
14 32
15 33
16 35
17 22
18 7
19 11
20 2
21 0
22 0
last timestep 22
node 1077 iteration 2
0 0
1 7
2 6
3 6
4 8
5 15
6 20
7 27
8 44
9 52
10 63
11 70
12 83
13 76
14 61
15 54
16 47
17 37
18 30
19 32
20 17
21 14
22 13
23 7
24 2
25 1
26 1
27 0
28 0
last timestep 28
node 1077 iteration 3
0 0
1 3
2 7
3 3
4 4
5 10
6 11
7 19
8 19
9 22
10 37
11 33
12 74
13 72
14 84
15 90
16 73
17 68
18 52
19 57
20 50
21 29
22 19
23 20
24 10
25 8
26 6
27 7
28 4
29 2
30 0
31 0
last timestep 31
node 1077 iteration 4
0 0
1 10
2 7
3 8
4 8
5 9
6 24
7 47
8 65
9 84
10 92
11 98
12 89
13 82
14 71
15 56
16 34
17 17
18 12
19 3
20 2
21 3
22 1
23 2
24 0
25 0
last timestep 25
node 1077 iteration 5
0 0
1 2
2 4
3 14
4 20
5 31
6 36
7 42
8 43
9 61
10 53
11 63
12 77
13 71
14 63
15 46
16 40
17 38
18 29
19 21
20 4
21 2
22 2
23 4
24 4
25 0
26 4
27 1
28 1
29 0
last timestep 29
node 1077 iteration 6
0 0
1 6
2 2
3 9
4 18
5 21
6 38
7 37
8 55
9 75
10 95
11 110
12 96
13 94
14 59
15 38
16 34
17 25
18 24
19 16
20 6
21 6
22 6
23 2
24 0
25 0
last timestep 25
node 1077 iteration 7
0 0
1 3
2 3
3 8
4 10
5 26
6 37
7 63
8 62
9 73
10 67
11 58
12 61
13 60
14 49
15 47
16 37
17 26
18 27
19 16
20 15
21 9
22 8
23 7
24 5
25 2
26 0
27 0
last timestep 27
node 1077 iteration 8
0 0
1 2
2 1
3 0
4 0
last timestep 4
node 1077 iteration 9
0 0
1 4
2 8
3 13
4 27
5 38
6 65
7 64
8 108
9 88
10 79
11 68
12 58
13 61
14 39
15 9
16 7
17 4
18 2
19 2
20 1
21 1
22 0
23 0
last timestep 23
