node 320 iteration 0
0 0
1 1
2 0
3 0
last timestep 3
node 320 iteration 1
0 0
1 2
2 0
3 0
last timestep 3
node 320 iteration 2
0 0
1 1
2 1
3 2
4 3
5 3
6 5
7 3
8 2
9 3
10 3
11 3
12 7
13 13
14 15
15 25
16 32
17 39
18 53
19 71
20 74
21 76
22 52
23 43
24 51
25 29
26 36
27 48
28 24
29 13
30 12
31 14
32 8
33 5
34 0
35 0
last timestep 35
node 320 iteration 3
0 0
1 0
2 0
last timestep 2
node 320 iteration 4
0 0
1 1
2 2
3 1
4 1
5 4
6 6
7 7
8 10
9 22
10 37
11 55
12 50
13 80
14 102
15 96
16 76
17 73
18 55
19 44
20 39
21 23
22 16
23 13
24 7
25 8
26 5
27 4
28 1
29 0
30 0
last timestep 30
node 320 iteration 5
0 0
1 2
2 2
3 4
4 1
5 0
6 0
last timestep 6
node 320 iteration 6
0 0
1 1
2 2
3 3
4 7
5 12
6 16
7 45
8 73
9 96
10 122
11 108
12 119
13 99
14 89
15 62
16 32
17 20
18 17
19 6
20 2
21 1
22 0
23 0
last timestep 23
node 320 iteration 7
0 0
1 2
2 9
3 11
4 10
5 9
6 16
7 20
8 29
9 37
10 47
11 46
12 76
13 81
14 98
15 89
16 83
17 52
18 39
19 25
20 19
21 10
22 9
23 3
24 1
25 3
26 5
27 2
28 5
29 1
30 0
31 0
last timestep 31
node 320 iteration 8
0 0
1 2
2 1
3 1
4 3
5 2
6 1
7 1
8 0
9 0
last timestep 9
node 320 iteration 9
0 0
1 3
2 0
3 0
last timestep 3
