node 16 iteration 0
0 0
1 3
2 0
3 0
last timestep 3
node 16 iteration 1
0 0
1 1
2 1
3 2
4 3
5 2
6 1
7 1
8 3
9 4
10 1
11 3
12 8
13 12
14 25
15 25
16 40
17 47
18 77
19 72
20 90
21 77
22 67
23 59
24 39
25 26
26 17
27 15
28 4
29 6
30 2
31 1
32 2
33 1
34 0
35 0
last timestep 35
node 16 iteration 2
0 0
1 2
2 1
3 3
4 6
5 10
6 16
7 23
8 40
9 76
10 92
11 88
12 85
13 90
14 62
15 46
16 43
17 43
18 29
19 11
20 5
21 1
22 4
23 3
24 2
25 0
26 0
last timestep 26
node 16 iteration 3
0 0
1 4
2 2
3 3
4 0
5 1
6 6
7 16
8 26
9 38
10 34
11 41
12 58
13 96
14 98
15 69
16 59
17 68
18 29
19 25
20 19
21 22
22 16
23 9
24 8
25 2
26 1
27 0
last timestep 27
node 16 iteration 4
0 0
1 6
2 9
3 23
4 15
5 28
6 40
7 51
8 74
9 80
10 87
11 82
12 69
13 60
14 42
15 30
16 25
17 17
18 12
19 6
20 3
21 4
22 1
23 0
24 0
last timestep 24
node 16 iteration 5
0 0
1 2
2 4
3 6
4 5
5 8
6 15
7 19
8 22
9 33
10 36
11 55
12 77
13 62
14 56
15 47
16 39
17 42
18 38
19 30
20 29
21 13
22 11
23 7
24 12
25 6
26 4
27 0
28 0
last timestep 28
node 16 iteration 6
0 0
1 1
2 1
3 0
4 0
last timestep 4
node 16 iteration 7
0 0
1 1
2 0
3 0
last timestep 3
node 16 iteration 8
0 0
1 2
2 0
3 0
last timestep 3
node 16 iteration 9
0 0
1 1
2 0
3 0
last timestep 3
