node 1084 iteration 0
0 0
1 4
2 6
3 10
4 20
5 35
6 71
7 85
8 74
9 99
10 89
11 92
12 85
13 49
14 41
15 20
16 19
17 19
18 17
19 1
20 3
21 3
22 0
23 0
last timestep 23
node 1084 iteration 1
0 0
1 5
2 11
3 14
4 20
5 27
6 48
7 70
8 91
9 112
10 86
11 100
12 85
13 73
14 44
15 20
16 18
17 5
18 8
19 2
20 1
21 0
22 0
last timestep 22
node 1084 iteration 2
0 0
1 3
2 5
3 8
4 24
5 35
6 72
7 91
8 110
9 108
10 105
11 60
12 49
13 49
14 36
15 43
16 23
17 15
18 10
19 5
20 2
21 1
22 0
23 0
last timestep 23
node 1084 iteration 3
0 0
1 1
2 1
3 2
4 6
5 17
6 34
7 57
8 64
9 74
10 102
11 109
12 113
13 84
14 78
15 47
16 30
17 23
18 4
19 1
20 2
21 6
22 8
23 6
24 3
25 1
26 0
27 0
last timestep 27
node 1084 iteration 4
0 0
1 7
2 6
3 12
4 29
5 30
6 52
7 61
8 82
9 74
10 81
11 75
12 70
13 41
14 35
15 21
16 20
17 17
18 8
19 5
20 3
21 1
22 1
23 0
24 0
last timestep 24
node 1084 iteration 5
0 0
1 4
2 5
3 7
4 13
5 16
6 28
7 27
8 31
9 39
10 62
11 82
12 53
13 81
14 64
15 55
16 28
17 17
18 16
19 12
20 8
21 6
22 4
23 3
24 3
25 5
26 5
27 6
28 6
29 2
30 2
31 0
32 0
last timestep 32
node 1084 iteration 6
0 0
1 0
2 2
3 0
last timestep 3
node 1084 iteration 7
0 0
1 6
2 13
3 11
4 25
5 19
6 34
7 34
8 39
9 72
10 71
11 80
12 84
13 84
14 61
15 45
16 32
17 19
18 8
19 2
20 0
21 0
last timestep 21
node 1084 iteration 8
0 0
1 3
2 3
3 4
4 11
5 15
6 9
7 7
8 14
9 30
10 30
11 41
12 44
13 54
14 56
15 51
16 47
17 48
18 47
19 68
20 56
21 34
22 24
23 21
24 18
25 9
26 1
27 1
28 0
29 1
30 0
last timestep 30
node 1084 iteration 9
0 0
1 3
2 5
3 16
4 10
5 21
6 18
7 21
8 30
9 34
10 46
11 62
12 71
13 87
14 77
15 60
16 55
17 36
18 27
19 20
20 10
21 7
22 6
23 3
24 1
25 3
26 0
27 0
last timestep 27
