node 1605 iteration 0
0 0
1 5
2 10
3 22
4 32
5 50
6 63
7 75
8 101
9 105
10 106
11 60
12 45
13 27
14 19
15 7
16 6
17 4
18 2
19 2
20 1
21 1
22 0
23 0
last timestep 23
node 1605 iteration 1
0 0
1 3
2 1
3 4
4 6
5 2
6 1
7 0
8 0
last timestep 8
node 1605 iteration 2
0 0
1 4
2 3
3 23
4 36
5 43
6 59
7 77
8 105
9 98
10 102
11 72
12 41
13 32
14 35
15 19
16 12
17 7
18 3
19 1
20 1
21 2
22 1
23 0
24 0
last timestep 24
node 1605 iteration 3
0 0
1 2
2 2
3 2
4 6
5 6
6 11
7 16
8 29
9 40
10 46
11 68
12 76
13 78
14 92
15 75
16 47
17 48
18 33
19 28
20 16
21 15
22 3
23 3
24 1
25 0
26 0
last timestep 26
node 1605 iteration 4
0 0
1 1
2 0
3 0
last timestep 3
node 1605 iteration 5
0 0
1 1
2 2
3 4
4 3
5 4
6 7
7 7
8 16
9 25
10 30
11 38
12 47
13 66
14 81
15 82
16 84
17 79
18 69
19 47
20 35
21 27
22 20
23 21
24 18
25 20
26 13
27 6
28 3
29 2
30 1
31 0
32 0
last timestep 32
node 1605 iteration 6
0 0
1 5
2 3
3 5
4 6
5 9
6 10
7 10
8 4
9 12
10 12
11 8
12 12
13 11
14 9
15 21
16 25
17 45
18 57
19 55
20 67
21 81
22 67
23 45
24 31
25 27
26 21
27 23
28 13
29 12
30 5
31 5
32 3
33 0
34 0
last timestep 34
node 1605 iteration 7
0 0
1 2
2 0
3 0
last timestep 3
node 1605 iteration 8
0 0
1 4
2 7
3 6
4 8
5 8
6 1
7 3
8 17
9 22
10 35
11 50
12 64
13 67
14 66
15 70
16 70
17 54
18 61
19 51
20 47
21 30
22 14
23 17
24 6
25 4
26 5
27 3
28 0
29 0
last timestep 29
node 1605 iteration 9
0 0
1 3
2 3
3 2
4 0
5 0
last timestep 5
