node 2248 iteration 0
0 0
1 4
2 8
3 16
4 33
5 50
6 62
7 75
8 81
9 93
10 96
11 94
12 90
13 64
14 39
15 32
16 14
17 14
18 4
19 1
20 2
21 1
22 0
23 0
last timestep 23
node 2248 iteration 1
0 0
1 0
2 0
last timestep 2
node 2248 iteration 2
0 0
1 3
2 9
3 15
4 25
5 48
6 66
7 93
8 100
9 90
10 94
11 75
12 75
13 59
14 33
15 20
16 10
17 5
18 3
19 7
20 4
21 3
22 0
23 0
last timestep 23
node 2248 iteration 3
0 0
1 2
2 5
3 8
4 16
5 20
6 30
7 59
8 89
9 88
10 113
11 88
12 86
13 66
14 55
15 48
16 23
17 27
18 11
19 9
20 11
21 6
22 4
23 1
24 0
25 0
last timestep 25
node 2248 iteration 4
0 0
1 5
2 14
3 15
4 39
5 51
6 55
7 79
8 94
9 80
10 98
11 82
12 81
13 58
14 39
15 24
16 20
17 15
18 7
19 7
20 12
21 15
22 4
23 2
24 1
25 0
26 0
last timestep 26
node 2248 iteration 5
0 0
1 1
2 2
3 2
4 2
5 7
6 7
7 16
8 15
9 20
10 33
11 33
12 56
13 63
14 60
15 68
16 73
17 67
18 57
19 45
20 34
21 23
22 12
23 6
24 4
25 2
26 1
27 0
28 0
last timestep 28
node 2248 iteration 6
0 0
1 2
2 3
3 15
4 28
5 36
6 40
7 64
8 79
9 78
10 75
11 60
12 62
13 34
14 31
15 35
16 26
17 27
18 7
19 5
20 1
21 6
22 3
23 1
24 0
25 0
last timestep 25
node 2248 iteration 7
0 0
1 5
2 2
3 5
4 11
5 16
6 42
7 34
8 58
9 74
10 89
11 105
12 99
13 79
14 57
15 42
16 26
17 30
18 14
19 3
20 1
21 2
22 0
23 0
last timestep 23
node 2248 iteration 8
0 0
1 0
2 3
3 5
4 19
5 19
6 40
7 50
8 90
9 93
10 121
11 108
12 81
13 56
14 51
15 33
16 22
17 17
18 9
19 4
20 5
21 5
22 6
23 7
24 1
25 1
26 1
27 1
28 1
29 0
last timestep 29
node 2248 iteration 9
0 0
1 2
2 0
3 0
last timestep 3
