node 118 iteration 0
0 0
1 3
2 2
3 0
4 0
last timestep 4
node 118 iteration 1
0 0
1 4
2 4
3 11
4 9
5 12
6 18
7 18
8 41
9 45
10 78
11 76
12 105
13 108
14 74
15 58
16 61
17 41
18 26
19 30
20 24
21 18
22 14
23 9
24 8
25 6
26 3
27 2
28 0
29 0
last timestep 29
node 118 iteration 2
0 0
1 1
2 0
3 0
last timestep 3
node 118 iteration 3
0 0
1 2
2 3
3 2
4 1
5 2
6 1
7 1
8 3
9 16
10 20
11 42
12 50
13 64
14 81
15 69
16 72
17 60
18 70
19 61
20 53
21 37
22 34
23 24
24 16
25 14
26 7
27 3
28 1
29 0
30 0
last timestep 30
node 118 iteration 4
0 0
1 5
2 8
3 11
4 13
5 11
6 24
7 29
8 40
9 42
10 49
11 63
12 63
13 78
14 74
15 72
16 56
17 38
18 39
19 24
20 12
21 10
22 7
23 7
24 4
25 5
26 4
27 5
28 6
29 6
30 2
31 0
32 0
last timestep 32
node 118 iteration 5
0 0
1 5
2 2
3 5
4 6
5 4
6 6
7 9
8 32
9 33
10 51
11 76
12 73
13 71
14 76
15 70
16 61
17 39
18 27
19 22
20 11
21 6
22 2
23 0
24 0
last timestep 24
node 118 iteration 6
0 0
1 1
2 3
3 3
4 2
5 1
6 6
7 5
8 6
9 4
10 7
11 8
12 13
13 12
14 13
15 10
16 12
17 13
18 21
19 27
20 44
21 51
22 64
23 57
24 70
25 53
26 59
27 61
28 64
29 51
30 28
31 15
32 7
33 2
34 3
35 4
36 3
37 2
38 0
39 1
40 1
41 1
42 0
last timestep 42
node 118 iteration 7
0 0
1 2
2 2
3 3
4 5
5 3
6 0
7 1
8 1
9 0
last timestep 9
node 118 iteration 8
0 0
1 0
2 0
last timestep 2
node 118 iteration 9
0 0
1 2
2 2
3 4
4 14
5 10
6 26
7 50
8 64
9 82
10 117
11 115
12 81
13 78
14 71
15 40
16 29
17 25
18 24
19 12
20 6
21 1
22 0
23 0
last timestep 23
