node 768 iteration 0
0 0
1 2
2 2
3 2
4 0
5 0
last timestep 5
node 768 iteration 1
0 0
1 2
2 3
3 8
4 12
5 15
6 25
7 37
8 52
9 88
10 81
11 111
12 100
13 83
14 60
15 65
16 40
17 19
18 13
19 9
20 6
21 4
22 1
23 0
24 0
last timestep 24
node 768 iteration 2
0 0
1 2
2 5
3 9
4 7
5 14
6 18
7 13
8 30
9 23
10 47
11 34
12 38
13 37
14 43
15 45
16 44
17 33
18 42
19 46
20 40
21 33
22 28
23 17
24 11
25 14
26 4
27 7
28 17
29 10
30 8
31 3
32 4
33 1
34 1
35 0
36 0
last timestep 36
node 768 iteration 3
0 0
1 1
2 3
3 6
4 13
5 30
6 41
7 62
8 64
9 65
10 86
11 85
12 94
13 87
14 70
15 42
16 24
17 13
18 4
19 6
20 8
21 8
22 4
23 1
24 2
25 4
26 3
27 1
28 0
29 0
last timestep 29
node 768 iteration 4
0 0
1 4
2 4
3 9
4 5
5 5
6 11
7 11
8 30
9 38
10 53
11 87
12 77
13 79
14 60
15 51
16 52
17 42
18 40
19 28
20 12
21 9
22 10
23 7
24 5
25 6
26 3
27 2
28 3
29 2
30 1
31 1
32 0
33 0
last timestep 33
node 768 iteration 5
0 0
1 1
2 1
3 1
4 1
5 0
6 0
last timestep 6
node 768 iteration 6
0 0
1 4
2 10
3 21
4 28
5 47
6 108
7 150
8 126
9 121
10 103
11 83
12 53
13 37
14 15
15 12
16 12
17 10
18 4
19 1
20 2
21 2
22 1
23 0
24 0
last timestep 24
node 768 iteration 7
0 0
1 3
2 1
3 2
4 3
5 5
6 9
7 12
8 22
9 23
10 34
11 37
12 61
13 81
14 109
15 112
16 91
17 81
18 52
19 33
20 25
21 11
22 7
23 6
24 5
25 5
26 2
27 0
28 0
last timestep 28
node 768 iteration 8
0 0
1 3
2 5
3 11
4 12
5 17
6 29
7 51
8 41
9 54
10 80
11 106
12 105
13 69
14 50
15 46
16 38
17 34
18 16
19 12
20 7
21 5
22 5
23 1
24 0
25 0
last timestep 25
node 768 iteration 9
0 0
1 3
2 2
3 1
4 2
5 1
6 1
7 0
8 0
last timestep 8
