node 1124 iteration 0
0 0
1 2
2 5
3 7
4 15
5 14
6 23
7 50
8 65
9 71
10 91
11 95
12 86
13 85
14 72
15 64
16 43
17 26
18 7
19 7
20 3
21 3
22 1
23 0
24 0
last timestep 24
node 1124 iteration 1
0 0
1 2
2 2
3 2
4 1
5 2
6 3
7 2
8 10
9 6
10 12
11 29
12 39
13 38
14 61
15 63
16 51
17 45
18 49
19 50
20 39
21 28
22 25
23 15
24 18
25 17
26 14
27 16
28 8
29 13
30 10
31 8
32 12
33 11
34 5
35 2
36 3
37 2
38 1
39 0
40 0
last timestep 40
node 1124 iteration 2
0 0
1 5
2 4
3 6
4 6
5 9
6 13
7 28
8 31
9 28
10 31
11 29
12 38
13 64
14 47
15 79
16 79
17 78
18 52
19 32
20 29
21 33
22 23
23 14
24 15
25 12
26 7
27 4
28 2
29 4
30 3
31 4
32 2
33 2
34 3
35 4
36 2
37 1
38 1
39 1
40 0
41 0
last timestep 41
node 1124 iteration 3
0 0
1 1
2 0
3 0
last timestep 3
node 1124 iteration 4
0 0
1 2
2 0
3 0
last timestep 3
node 1124 iteration 5
0 0
1 3
2 4
3 7
4 10
5 19
6 28
7 45
8 75
9 92
10 99
11 97
12 89
13 92
14 64
15 49
16 30
17 14
18 11
19 6
20 6
21 0
22 0
last timestep 22
node 1124 iteration 6
0 0
1 2
2 0
3 0
last timestep 3
node 1124 iteration 7
0 0
1 7
2 4
3 2
4 1
5 5
6 6
7 18
8 12
9 9
10 13
11 20
12 32
13 58
14 57
15 60
16 71
17 69
18 60
19 43
20 43
21 31
22 27
23 19
24 20
25 21
26 13
27 14
28 9
29 7
30 5
31 10
32 3
33 1
34 1
35 2
36 5
37 3
38 2
39 1
40 3
41 3
42 0
43 0
last timestep 43
node 1124 iteration 8
0 0
1 2
2 3
3 7
4 7
5 17
6 26
7 44
8 66
9 83
10 107
11 126
12 82
13 95
14 78
15 40
16 43
17 30
18 21
19 12
20 4
21 2
22 2
23 0
24 0
last timestep 24
node 1124 iteration 9
0 0
1 4
2 1
3 9
4 13
5 24
6 39
7 67
8 65
9 103
10 92
11 95
12 75
13 56
14 54
15 35
16 17
17 14
18 9
19 4
20 3
21 4
22 7
23 2
24 0
25 0
last timestep 25
