node 1458 iteration 0
0 0
1 2
2 1
3 2
4 3
5 12
6 12
7 30
8 46
9 48
10 65
11 86
12 82
13 96
14 73
15 61
16 52
17 37
18 30
19 36
20 23
21 12
22 6
23 4
24 3
25 4
26 5
27 4
28 4
29 1
30 1
31 1
32 2
33 1
34 3
35 3
36 4
37 1
38 0
39 1
40 1
41 1
42 0
last timestep 42
node 1458 iteration 1
0 0
1 1
2 6
3 6
4 9
5 22
6 33
7 41
8 64
9 75
10 78
11 71
12 63
13 73
14 67
15 53
16 37
17 21
18 18
19 13
20 8
21 9
22 2
23 1
24 0
25 0
last timestep 25
node 1458 iteration 2
0 0
1 5
2 8
3 17
4 19
5 34
6 41
7 42
8 61
9 80
10 76
11 75
12 77
13 67
14 47
15 54
16 46
17 35
18 21
19 13
20 14
21 7
22 5
23 7
24 5
25 3
26 0
27 0
last timestep 27
node 1458 iteration 3
0 0
1 4
2 11
3 23
4 46
5 68
6 102
7 102
8 72
9 77
10 71
11 61
12 48
13 28
14 20
15 16
16 12
17 9
18 4
19 3
20 6
21 2
22 3
23 2
24 7
25 1
26 1
27 1
28 0
29 0
last timestep 29
node 1458 iteration 4
0 0
1 1
2 0
3 0
last timestep 3
node 1458 iteration 5
0 0
1 4
2 6
3 9
4 13
5 15
6 17
7 38
8 43
9 46
10 64
11 83
12 82
13 63
14 63
15 67
16 48
17 22
18 15
19 6
20 6
21 5
22 5
23 1
24 0
25 0
last timestep 25
node 1458 iteration 6
0 0
1 0
2 0
last timestep 2
node 1458 iteration 7
0 0
1 2
2 7
3 7
4 14
5 15
6 23
7 40
8 44
9 65
10 67
11 92
12 103
13 111
14 75
15 64
16 46
17 18
18 17
19 11
20 11
21 5
22 6
23 4
24 7
25 1
26 0
27 0
last timestep 27
node 1458 iteration 8
0 0
1 0
2 0
last timestep 2
node 1458 iteration 9
0 0
1 5
2 8
3 24
4 33
5 34
6 53
7 57
8 85
9 95
10 95
11 88
12 59
13 53
14 34
15 34
16 39
17 29
18 24
19 8
20 6
21 3
22 2
23 0
24 0
last timestep 24
