node 1417 iteration 0
0 0
1 2
2 0
3 2
4 8
5 9
6 12
7 17
8 35
9 68
10 69
11 79
12 106
13 114
14 101
15 86
16 53
17 35
18 23
19 6
20 2
21 3
22 1
23 1
24 0
last timestep 24
node 1417 iteration 1
0 0
1 1
2 2
3 3
4 4
5 9
6 19
7 32
8 19
9 50
10 65
11 70
12 64
13 39
14 53
15 42
16 44
17 39
18 35
19 45
20 37
21 32
22 21
23 13
24 3
25 2
26 1
27 4
28 1
29 1
30 0
31 2
32 0
last timestep 32
node 1417 iteration 2
0 0
1 3
2 1
3 2
4 12
5 16
6 9
7 11
8 24
9 32
10 23
11 27
12 34
13 48
14 51
15 61
16 60
17 59
18 61
19 44
20 43
21 31
22 36
23 23
24 17
25 17
26 5
27 3
28 1
29 1
30 0
31 0
last timestep 31
node 1417 iteration 3
0 0
1 2
2 11
3 13
4 25
5 34
6 42
7 55
8 66
9 79
10 80
11 80
12 81
13 88
14 56
15 51
16 48
17 29
18 12
19 6
20 2
21 1
22 0
23 0
last timestep 23
node 1417 iteration 4
0 0
1 3
2 6
3 7
4 6
5 10
6 9
7 25
8 41
9 58
10 81
11 85
12 95
13 81
14 64
15 56
16 51
17 42
18 35
19 21
20 22
21 18
22 14
23 6
24 5
25 1
26 1
27 0
28 0
last timestep 28
node 1417 iteration 5
0 0
1 2
2 0
3 0
last timestep 3
node 1417 iteration 6
0 0
1 0
2 0
last timestep 2
node 1417 iteration 7
0 0
1 3
2 6
3 12
4 18
5 29
6 47
7 55
8 73
9 94
10 109
11 87
12 88
13 61
14 62
15 43
16 18
17 15
18 16
19 13
20 8
21 9
22 4
23 2
24 0
25 0
last timestep 25
node 1417 iteration 8
0 0
1 2
2 3
3 2
4 5
5 4
6 6
7 7
8 14
9 17
10 28
11 33
12 49
13 45
14 62
15 73
16 76
17 86
18 47
19 49
20 37
21 36
22 31
23 29
24 19
25 11
26 6
27 6
28 6
29 1
30 0
31 1
32 0
last timestep 32
node 1417 iteration 9
0 0
1 1
2 0
3 0
last timestep 3
