node 728 iteration 0
0 0
1 3
2 6
3 13
4 11
5 17
6 35
7 48
8 65
9 59
10 61
11 73
12 79
13 86
14 51
15 38
16 34
17 45
18 32
19 15
20 13
21 16
22 14
23 6
24 1
25 1
26 4
27 0
28 0
last timestep 28
node 728 iteration 1
0 0
1 0
2 0
last timestep 2
node 728 iteration 2
0 0
1 4
2 8
3 10
4 14
5 18
6 24
7 34
8 62
9 73
10 89
11 67
12 72
13 68
14 79
15 61
16 46
17 29
18 17
19 2
20 1
21 1
22 0
23 0
last timestep 23
node 728 iteration 3
0 0
1 3
2 4
3 9
4 35
5 44
6 64
7 87
8 124
9 93
10 91
11 82
12 55
13 41
14 31
15 10
16 5
17 4
18 1
19 0
20 0
last timestep 20
node 728 iteration 4
0 0
1 0
2 0
last timestep 2
node 728 iteration 5
0 0
1 7
2 14
3 18
4 18
5 29
6 34
7 58
8 82
9 91
10 89
11 83
12 77
13 50
14 40
15 28
16 20
17 17
18 15
19 10
20 7
21 4
22 1
23 0
24 0
last timestep 24
node 728 iteration 6
0 0
1 2
2 4
3 5
4 2
5 0
6 0
last timestep 6
node 728 iteration 7
0 0
1 3
2 1
3 2
4 3
5 6
6 9
7 7
8 15
9 11
10 27
11 17
12 22
13 19
14 22
15 20
16 27
17 35
18 33
19 38
20 42
21 28
22 30
23 43
24 36
25 21
26 20
27 21
28 15
29 15
30 14
31 13
32 5
33 3
34 3
35 4
36 3
37 4
38 5
39 1
40 0
41 0
last timestep 41
node 728 iteration 8
0 0
1 5
2 20
3 34
4 48
5 59
6 72
7 86
8 81
9 79
10 85
11 87
12 61
13 46
14 35
15 21
16 12
17 5
18 8
19 9
20 3
21 0
22 1
23 0
last timestep 23
node 728 iteration 9
0 0
1 2
2 5
3 7
4 4
5 2
6 0
7 0
last timestep 7
