node 1722 iteration 0
0 0
1 4
2 5
3 12
4 20
5 36
6 55
7 78
8 95
9 91
10 99
11 96
12 109
13 64
14 48
15 34
16 6
17 10
18 3
19 1
20 0
21 0
last timestep 21
node 1722 iteration 1
0 0
1 6
2 2
3 7
4 11
5 10
6 18
7 24
8 28
9 35
10 57
11 59
12 54
13 50
14 44
15 40
16 37
17 23
18 25
19 17
20 29
21 9
22 10
23 4
24 3
25 3
26 3
27 5
28 3
29 0
30 1
31 2
32 1
33 0
last timestep 33
node 1722 iteration 2
0 0
1 2
2 4
3 6
4 6
5 3
6 4
7 3
8 5
9 6
10 23
11 29
12 34
13 36
14 43
15 58
16 69
17 67
18 65
19 67
20 61
21 63
22 56
23 42
24 26
25 20
26 6
27 6
28 5
29 3
30 3
31 4
32 4
33 2
34 0
35 0
last timestep 35
node 1722 iteration 3
0 0
1 7
2 12
3 11
4 20
5 24
6 34
7 34
8 55
9 51
10 76
11 74
12 69
13 77
14 66
15 77
16 57
17 42
18 23
19 13
20 7
21 4
22 3
23 2
24 0
25 0
last timestep 25
node 1722 iteration 4
0 0
1 6
2 17
3 18
4 23
5 26
6 41
7 43
8 51
9 65
10 83
11 74
12 62
13 37
14 32
15 34
16 31
17 19
18 20
19 11
20 8
21 2
22 1
23 1
24 0
25 0
last timestep 25
node 1722 iteration 5
0 0
1 5
2 3
3 9
4 11
5 24
6 25
7 29
8 32
9 67
10 107
11 114
12 117
13 88
14 61
15 50
16 38
17 21
18 19
19 10
20 5
21 2
22 0
23 0
last timestep 23
node 1722 iteration 6
0 0
1 5
2 1
3 0
4 0
last timestep 4
node 1722 iteration 7
0 0
1 6
2 17
3 35
4 44
5 66
6 63
7 70
8 78
9 89
10 85
11 72
12 45
13 33
14 31
15 22
16 15
17 7
18 7
19 10
20 7
21 9
22 13
23 17
24 5
25 7
26 1
27 1
28 0
29 0
last timestep 29
node 1722 iteration 8
0 0
1 2
2 0
3 0
last timestep 3
node 1722 iteration 9
0 0
1 5
2 4
3 2
4 0
5 2
6 0
last timestep 6
