node 2285 iteration 0
0 0
1 5
2 5
3 12
4 20
5 32
6 40
7 45
8 57
9 79
10 65
11 78
12 81
13 71
14 66
15 49
16 32
17 24
18 14
19 10
20 7
21 5
22 7
23 5
24 4
25 3
26 2
27 0
28 0
last timestep 28
node 2285 iteration 1
0 0
1 1
2 1
3 2
4 0
5 0
last timestep 5
node 2285 iteration 2
0 0
1 1
2 1
3 14
4 21
5 19
6 24
7 37
8 42
9 77
10 95
11 91
12 83
13 75
14 64
15 36
16 31
17 16
18 13
19 8
20 4
21 4
22 3
23 2
24 3
25 10
26 5
27 5
28 3
29 0
30 4
31 2
32 0
last timestep 32
node 2285 iteration 3
0 0
1 3
2 1
3 2
4 2
5 4
6 4
7 3
8 19
9 20
10 21
11 17
12 16
13 19
14 30
15 21
16 12
17 14
18 9
19 11
20 9
21 13
22 6
23 9
24 14
25 16
26 32
27 40
28 25
29 27
30 21
31 23
32 34
33 34
34 9
35 15
36 9
37 14
38 10
39 6
40 1
41 0
42 0
last timestep 42
node 2285 iteration 4
0 0
1 0
2 0
last timestep 2
node 2285 iteration 5
0 0
1 1
2 2
3 0
4 0
last timestep 4
node 2285 iteration 6
0 0
1 0
2 0
last timestep 2
node 2285 iteration 7
0 0
1 0
2 0
last timestep 2
node 2285 iteration 8
0 0
1 1
2 0
3 0
last timestep 3
node 2285 iteration 9
0 0
1 4
2 7
3 22
4 28
5 45
6 85
7 105
8 119
9 100
10 104
11 70
12 58
13 41
14 28
15 19
16 8
17 3
18 4
19 1
20 0
21 0
last timestep 21
