node 1649 iteration 0
0 0
1 3
2 5
3 8
4 19
5 18
6 34
7 29
8 57
9 84
10 102
11 112
12 107
13 72
14 76
15 42
16 24
17 31
18 18
19 14
20 18
21 4
22 5
23 2
24 1
25 2
26 6
27 5
28 4
29 0
30 0
last timestep 30
node 1649 iteration 1
0 0
1 1
2 1
3 1
4 0
5 0
last timestep 5
node 1649 iteration 2
0 0
1 3
2 1
3 2
4 4
5 16
6 33
7 42
8 58
9 85
10 73
11 95
12 78
13 82
14 71
15 54
16 45
17 36
18 27
19 17
20 13
21 5
22 2
23 0
24 1
25 1
26 1
27 0
last timestep 27
node 1649 iteration 3
0 0
1 2
2 3
3 9
4 10
5 29
6 42
7 45
8 54
9 69
10 52
11 71
12 67
13 64
14 60
15 51
16 40
17 24
18 26
19 12
20 14
21 13
22 3
23 6
24 5
25 3
26 1
27 1
28 0
29 1
30 0
last timestep 30
node 1649 iteration 4
0 0
1 0
2 0
last timestep 2
node 1649 iteration 5
0 0
1 4
2 0
3 0
last timestep 3
node 1649 iteration 6
0 0
1 0
2 0
last timestep 2
node 1649 iteration 7
0 0
1 3
2 5
3 8
4 29
5 33
6 57
7 74
8 88
9 79
10 88
11 86
12 69
13 52
14 33
15 21
16 11
17 5
18 1
19 1
20 6
21 9
22 5
23 2
24 2
25 0
26 0
last timestep 26
node 1649 iteration 8
0 0
1 3
2 4
3 6
4 4
5 1
6 3
7 5
8 7
9 14
10 18
11 37
12 42
13 75
14 87
15 96
16 86
17 97
18 78
19 53
20 38
21 34
22 25
23 16
24 5
25 4
26 0
27 2
28 2
29 0
last timestep 29
node 1649 iteration 9
0 0
1 1
2 5
3 4
4 16
5 19
6 19
7 22
8 41
9 34
10 57
11 79
12 76
13 91
14 100
15 83
16 72
17 35
18 22
19 16
20 7
21 6
22 1
23 1
24 2
25 4
26 2
27 1
28 0
29 0
last timestep 29
