node 2022 iteration 0
0 0
1 1
2 3
3 4
4 0
5 5
6 12
7 13
8 23
9 34
10 51
11 77
12 85
13 100
14 104
15 98
16 69
17 55
18 41
19 22
20 15
21 8
22 7
23 3
24 0
last timestep 24
node 2022 iteration 1
0 0
1 2
2 3
3 8
4 11
5 16
6 22
7 38
8 47
9 58
10 79
11 124
12 112
13 72
14 45
15 28
16 19
17 14
18 7
19 6
20 4
21 1
22 2
23 4
24 2
25 3
26 3
27 2
28 4
29 1
30 0
31 0
last timestep 31
node 2022 iteration 2
0 0
1 0
2 0
last timestep 2
node 2022 iteration 3
0 0
1 2
2 9
3 12
4 28
5 28
6 30
7 37
8 51
9 68
10 81
11 86
12 77
13 60
14 72
15 41
16 26
17 17
18 10
19 5
20 2
21 0
22 0
last timestep 22
node 2022 iteration 4
0 0
1 3
2 6
3 3
4 2
5 5
6 9
7 12
8 19
9 30
10 47
11 59
12 98
13 98
14 124
15 111
16 85
17 48
18 33
19 19
20 21
21 6
22 3
23 2
24 0
25 0
last timestep 25
node 2022 iteration 5
0 0
1 1
2 10
3 17
4 23
5 26
6 32
7 42
8 75
9 75
10 70
11 76
12 82
13 62
14 53
15 38
16 45
17 34
18 32
19 25
20 15
21 6
22 5
23 2
24 1
25 1
26 0
27 0
last timestep 27
node 2022 iteration 6
0 0
1 2
2 3
3 1
4 6
5 11
6 24
7 38
8 57
9 66
10 88
11 115
12 132
13 96
14 82
15 65
16 51
17 26
18 11
19 5
20 7
21 3
22 2
23 0
24 0
last timestep 24
node 2022 iteration 7
0 0
1 1
2 4
3 6
4 5
5 22
6 36
7 49
8 62
9 81
10 100
11 119
12 95
13 84
14 71
15 62
16 44
17 40
18 19
19 9
20 7
21 3
22 2
23 1
24 0
25 0
last timestep 25
node 2022 iteration 8
0 0
1 2
2 1
3 0
4 0
last timestep 4
node 2022 iteration 9
0 0
1 1
2 2
3 7
4 6
5 5
6 13
7 12
8 19
9 35
10 38
11 61
12 94
13 85
14 96
15 91
16 76
17 49
18 46
19 37
20 26
21 17
22 7
23 7
24 9
25 6
26 3
27 1
28 0
29 0
last timestep 29
