node 929 iteration 0
0 0
1 5
2 4
3 5
4 0
5 0
last timestep 5
node 929 iteration 1
0 0
1 1
2 0
3 0
last timestep 3
node 929 iteration 2
0 0
1 2
2 3
3 8
4 2
5 0
6 0
last timestep 6
node 929 iteration 3
0 0
1 4
2 5
3 2
4 5
5 13
6 15
7 27
8 57
9 56
10 72
11 76
12 70
13 59
14 62
15 54
16 48
17 35
18 40
19 25
20 17
21 11
22 7
23 4
24 1
25 1
26 1
27 0
28 0
last timestep 28
node 929 iteration 4
0 0
1 3
2 6
3 10
4 18
5 30
6 45
7 60
8 70
9 101
10 88
11 76
12 50
13 48
14 27
15 25
16 36
17 30
18 26
19 22
20 16
21 13
22 4
23 7
24 8
25 3
26 3
27 0
28 0
last timestep 28
node 929 iteration 5
0 0
1 6
2 5
3 16
4 27
5 38
6 79
7 77
8 80
9 90
10 88
11 66
12 47
13 30
14 16
15 14
16 14
17 10
18 7
19 6
20 3
21 3
22 6
23 2
24 0
25 0
last timestep 25
node 929 iteration 6
0 0
1 2
2 2
3 3
4 4
5 5
6 6
7 5
8 6
9 31
10 35
11 49
12 48
13 55
14 59
15 102
16 110
17 98
18 70
19 53
20 28
21 19
22 9
23 4
24 6
25 6
26 2
27 2
28 1
29 3
30 0
31 0
last timestep 31
node 929 iteration 7
0 0
1 6
2 8
3 10
4 13
5 20
6 36
7 64
8 67
9 65
10 105
11 85
12 77
13 65
14 51
15 37
16 35
17 17
18 5
19 4
20 4
21 0
22 0
last timestep 22
node 929 iteration 8
0 0
1 2
2 3
3 1
4 3
5 5
6 9
7 14
8 24
9 33
10 35
11 60
12 60
13 78
14 80
15 76
16 64
17 49
18 45
19 39
20 30
21 23
22 15
23 5
24 2
25 5
26 2
27 1
28 2
29 1
30 0
31 0
last timestep 31
node 929 iteration 9
0 0
1 4
2 7
3 8
4 7
5 13
6 28
7 33
8 51
9 50
10 42
11 52
12 54
13 56
14 86
15 59
16 44
17 32
18 15
19 17
20 11
21 6
22 2
23 1
24 1
25 2
26 3
27 0
28 0
last timestep 28
