node 808 iteration 0
0 0
1 2
2 2
3 4
4 4
5 8
6 11
7 19
8 35
9 53
10 58
11 87
12 84
13 119
14 113
15 98
16 76
17 42
18 23
19 15
20 12
21 10
22 4
23 2
24 1
25 2
26 0
27 0
last timestep 27
node 808 iteration 1
0 0
1 2
2 1
3 4
4 6
5 12
6 10
7 16
8 37
9 36
10 58
11 48
12 56
13 70
14 63
15 49
16 38
17 28
18 24
19 32
20 19
21 18
22 20
23 14
24 14
25 15
26 7
27 5
28 6
29 3
30 4
31 2
32 1
33 0
34 0
last timestep 34
node 808 iteration 2
0 0
1 2
2 0
3 0
last timestep 3
node 808 iteration 3
0 0
1 2
2 0
3 0
last timestep 3
node 808 iteration 4
0 0
1 1
2 3
3 4
4 3
5 3
6 2
7 3
8 13
9 9
10 14
11 14
12 20
13 20
14 24
15 33
16 37
17 54
18 55
19 52
20 56
21 57
22 42
23 42
24 29
25 17
26 15
27 17
28 23
29 13
30 6
31 6
32 7
33 4
34 1
35 1
36 0
37 0
last timestep 37
node 808 iteration 5
0 0
1 6
2 15
3 18
4 31
5 49
6 75
7 79
8 105
9 91
10 72
11 61
12 59
13 50
14 41
15 29
16 16
17 11
18 7
19 9
20 2
21 1
22 1
23 1
24 0
25 0
last timestep 25
node 808 iteration 6
0 0
1 4
2 3
3 3
4 7
5 10
6 10
7 13
8 19
9 27
10 39
11 51
12 78
13 87
14 112
15 92
16 53
17 39
18 32
19 28
20 20
21 14
22 12
23 7
24 7
25 0
26 1
27 1
28 1
29 3
30 0
last timestep 30
node 808 iteration 7
0 0
1 5
2 5
3 12
4 20
5 43
6 47
7 80
8 109
9 118
10 96
11 82
12 52
13 43
14 43
15 25
16 18
17 14
18 9
19 7
20 8
21 6
22 3
23 7
24 1
25 0
26 0
last timestep 26
node 808 iteration 8
0 0
1 0
2 1
3 3
4 5
5 8
6 11
7 27
8 37
9 59
10 95
11 110
12 136
13 104
14 83
15 50
16 32
17 20
18 17
19 16
20 7
21 7
22 1
23 2
24 2
25 8
26 5
27 3
28 2
29 2
30 1
31 1
32 2
33 4
34 0
last timestep 34
node 808 iteration 9
0 0
1 1
2 3
3 5
4 19
5 22
6 39
7 46
8 58
9 76
10 100
11 89
12 70
13 55
14 40
15 31
16 29
17 28
18 19
19 11
20 4
21 6
22 3
23 1
24 0
25 0
last timestep 25
