node 1795 iteration 0
0 0
1 1
2 1
3 2
4 3
5 5
6 11
7 8
8 16
9 16
10 13
11 21
12 22
13 46
14 57
15 72
16 90
17 80
18 64
19 35
20 32
21 28
22 23
23 17
24 15
25 21
26 25
27 15
28 12
29 13
30 9
31 9
32 6
33 7
34 2
35 5
36 4
37 6
38 6
39 2
40 0
41 0
last timestep 41
node 1795 iteration 1
0 0
1 1
2 0
3 0
last timestep 3
node 1795 iteration 2
0 0
1 1
2 0
3 0
last timestep 3
node 1795 iteration 3
0 0
1 5
2 5
3 12
4 8
5 15
6 41
7 45
8 65
9 76
10 106
11 110
12 90
13 89
14 74
15 39
16 17
17 16
18 13
19 7
20 8
21 5
22 3
23 2
24 0
25 0
last timestep 25
node 1795 iteration 4
0 0
1 3
2 2
3 2
4 2
5 3
6 1
7 0
8 0
last timestep 8
node 1795 iteration 5
0 0
1 0
2 5
3 3
4 14
5 23
6 29
7 36
8 47
9 77
10 75
11 100
12 91
13 85
14 71
15 52
16 41
17 24
18 18
19 9
20 10
21 5
22 3
23 0
last timestep 23
node 1795 iteration 6
0 0
1 3
2 1
3 0
4 0
last timestep 4
node 1795 iteration 7
0 0
1 5
2 6
3 6
4 11
5 14
6 41
7 75
8 70
9 81
10 84
11 104
12 92
13 75
14 54
15 41
16 29
17 21
18 7
19 9
20 9
21 6
22 2
23 0
24 0
last timestep 24
node 1795 iteration 8
0 0
1 3
2 5
3 2
4 2
5 7
6 14
7 16
8 17
9 30
10 47
11 47
12 67
13 49
14 50
15 49
16 39
17 40
18 23
19 29
20 26
21 18
22 10
23 14
24 9
25 7
26 2
27 0
28 0
last timestep 28
node 1795 iteration 9
0 0
1 4
2 0
3 0
last timestep 3
