node 752 iteration 0
0 0
1 2
2 1
3 4
4 19
5 14
6 21
7 42
8 53
9 62
10 77
11 95
12 101
13 89
14 76
15 55
16 34
17 26
18 12
19 9
20 8
21 2
22 4
23 0
24 0
last timestep 24
node 752 iteration 1
0 0
1 3
2 2
3 0
4 0
last timestep 4
node 752 iteration 2
0 0
1 2
2 3
3 1
4 1
5 4
6 2
7 2
8 1
9 4
10 9
11 20
12 24
13 28
14 54
15 49
16 60
17 59
18 56
19 56
20 49
21 56
22 56
23 41
24 32
25 27
26 17
27 21
28 12
29 7
30 6
31 4
32 4
33 0
34 0
last timestep 34
node 752 iteration 3
0 0
1 3
2 7
3 9
4 20
5 31
6 33
7 52
8 55
9 75
10 92
11 95
12 102
13 73
14 52
15 40
16 44
17 21
18 8
19 6
20 6
21 8
22 8
23 3
24 2
25 4
26 4
27 4
28 2
29 1
30 0
31 0
last timestep 31
node 752 iteration 4
0 0
1 1
2 4
3 9
4 16
5 17
6 34
7 60
8 88
9 101
10 97
11 83
12 72
13 61
14 49
15 32
16 20
17 13
18 8
19 10
20 6
21 5
22 3
23 2
24 1
25 0
26 0
last timestep 26
node 752 iteration 5
0 0
1 1
2 5
3 7
4 11
5 23
6 43
7 44
8 57
9 73
10 89
11 99
12 84
13 78
14 82
15 51
16 34
17 16
18 14
19 9
20 3
21 3
22 0
23 0
last timestep 23
node 752 iteration 6
0 0
1 1
2 0
3 0
last timestep 3
node 752 iteration 7
0 0
1 0
2 0
last timestep 2
node 752 iteration 8
0 0
1 1
2 11
3 15
4 28
5 33
6 41
7 50
8 53
9 82
10 117
11 107
12 84
13 69
14 47
15 31
16 24
17 13
18 8
19 7
20 5
21 7
22 3
23 4
24 0
25 0
last timestep 25
node 752 iteration 9
0 0
1 4
2 6
3 2
4 4
5 2
6 4
7 8
8 8
9 9
10 13
11 17
12 11
13 27
14 38
15 33
16 58
17 55
18 60
19 77
20 63
21 52
22 40
23 28
24 26
25 14
26 12
27 14
28 13
29 7
30 9
31 9
32 2
33 3
34 1
35 1
36 0
37 0
last timestep 37
