node 1316 iteration 0
0 0
1 1
2 1
3 0
4 1
5 1
6 0
last timestep 6
node 1316 iteration 1
0 0
1 2
2 2
3 16
4 19
5 25
6 44
7 47
8 63
9 63
10 68
11 92
12 83
13 71
14 67
15 38
16 26
17 16
18 16
19 14
20 9
21 14
22 12
23 8
24 4
25 3
26 1
27 1
28 0
29 0
last timestep 29
node 1316 iteration 2
0 0
1 0
2 0
last timestep 2
node 1316 iteration 3
0 0
1 1
2 1
3 0
4 0
last timestep 4
node 1316 iteration 4
0 0
1 2
2 4
3 5
4 3
5 6
6 13
7 13
8 13
9 26
10 29
11 50
12 55
13 50
14 54
15 76
16 59
17 59
18 67
19 55
20 41
21 22
22 17
23 10
24 2
25 1
26 4
27 8
28 8
29 9
30 3
31 5
32 0
33 1
34 0
last timestep 34
node 1316 iteration 5
0 0
1 1
2 1
3 1
4 0
5 0
last timestep 5
node 1316 iteration 6
0 0
1 3
2 5
3 8
4 5
5 7
6 9
7 10
8 18
9 27
10 42
11 63
12 53
13 54
14 48
15 37
16 32
17 40
18 23
19 26
20 40
21 33
22 28
23 20
24 8
25 6
26 1
27 0
28 0
last timestep 28
node 1316 iteration 7
0 0
1 1
2 4
3 7
4 10
5 12
6 21
7 36
8 56
9 60
10 71
11 67
12 62
13 53
14 47
15 47
16 34
17 27
18 14
19 9
20 6
21 8
22 7
23 7
24 2
25 1
26 0
27 0
last timestep 27
node 1316 iteration 8
0 0
1 2
2 3
3 5
4 3
5 2
6 1
7 2
8 7
9 13
10 11
11 12
12 24
13 28
14 34
15 51
16 64
17 74
18 87
19 71
20 62
21 38
22 32
23 27
24 25
25 17
26 17
27 7
28 2
29 1
30 1
31 3
32 6
33 1
34 0
35 0
last timestep 35
node 1316 iteration 9
0 0
1 1
2 6
3 15
4 23
5 57
6 69
7 72
8 94
9 99
10 95
11 102
12 86
13 70
14 50
15 25
16 12
17 9
18 4
19 2
20 2
21 1
22 0
23 0
last timestep 23
