node 297 iteration 0
0 0
1 2
2 3
3 16
4 24
5 58
6 84
7 105
8 100
9 110
10 88
11 90
12 78
13 49
14 28
15 15
16 10
17 4
18 2
19 0
20 0
last timestep 20
node 297 iteration 1
0 0
1 0
2 0
last timestep 2
node 297 iteration 2
0 0
1 5
2 2
3 3
4 9
5 14
6 12
7 24
8 46
9 59
10 58
11 55
12 41
13 53
14 57
15 53
16 51
17 41
18 54
19 47
20 32
21 26
22 17
23 8
24 8
25 1
26 1
27 0
28 0
last timestep 28
node 297 iteration 3
0 0
1 2
2 11
3 22
4 29
5 33
6 43
7 74
8 83
9 77
10 98
11 70
12 52
13 60
14 57
15 47
16 27
17 23
18 18
19 17
20 9
21 7
22 1
23 1
24 4
25 0
26 0
last timestep 26
node 297 iteration 4
0 0
1 2
2 0
3 0
last timestep 3
node 297 iteration 5
0 0
1 2
2 2
3 3
4 4
5 9
6 12
7 18
8 34
9 37
10 46
11 56
12 82
13 89
14 91
15 93
16 86
17 50
18 29
19 23
20 13
21 6
22 3
23 0
24 1
25 0
last timestep 25
node 297 iteration 6
0 0
1 1
2 1
3 4
4 9
5 3
6 2
7 10
8 27
9 38
10 50
11 68
12 75
13 78
14 69
15 46
16 54
17 46
18 45
19 39
20 39
21 28
22 10
23 7
24 9
25 8
26 4
27 0
28 1
29 0
last timestep 29
node 297 iteration 7
0 0
1 4
2 5
3 7
4 10
5 23
6 24
7 47
8 60
9 60
10 83
11 85
12 83
13 91
14 81
15 73
16 46
17 36
18 20
19 15
20 9
21 4
22 5
23 0
24 2
25 0
last timestep 25
node 297 iteration 8
0 0
1 2
2 4
3 25
4 34
5 78
6 66
7 104
8 97
9 96
10 76
11 65
12 58
13 32
14 17
15 18
16 6
17 2
18 2
19 4
20 2
21 2
22 0
23 0
last timestep 23
node 297 iteration 9
0 0
1 4
2 6
3 15
4 27
5 43
6 45
7 65
8 84
9 89
10 80
11 79
12 84
13 51
14 41
15 24
16 7
17 4
18 2
19 0
20 0
last timestep 20
