node 1278 iteration 0
0 0
1 3
2 12
3 10
4 7
5 5
6 11
7 15
8 18
9 16
10 30
11 44
12 57
13 65
14 91
15 90
16 105
17 86
18 71
19 35
20 25
21 27
22 12
23 9
24 5
25 3
26 1
27 2
28 3
29 1
30 1
31 0
32 0
last timestep 32
node 1278 iteration 1
0 0
1 4
2 14
3 11
4 21
5 45
6 56
7 107
8 104
9 88
10 88
11 73
12 62
13 50
14 21
15 8
16 5
17 10
18 6
19 3
20 3
21 2
22 0
23 1
24 3
25 4
26 5
27 10
28 3
29 1
30 1
31 1
32 1
33 0
last timestep 33
node 1278 iteration 2
0 0
1 0
2 0
last timestep 2
node 1278 iteration 3
0 0
1 1
2 4
3 7
4 8
5 15
6 14
7 22
8 26
9 38
10 56
11 67
12 83
13 59
14 65
15 62
16 52
17 49
18 36
19 23
20 18
21 6
22 3
23 5
24 0
25 2
26 0
last timestep 26
node 1278 iteration 4
0 0
1 0
2 6
3 15
4 21
5 24
6 33
7 47
8 80
9 91
10 77
11 64
12 64
13 66
14 43
15 37
16 30
17 18
18 8
19 4
20 1
21 1
22 0
last timestep 22
node 1278 iteration 5
0 0
1 1
2 1
3 4
4 8
5 19
6 28
7 32
8 49
9 48
10 55
11 77
12 57
13 73
14 80
15 57
16 51
17 34
18 17
19 24
20 24
21 12
22 10
23 7
24 8
25 1
26 0
27 0
last timestep 27
node 1278 iteration 6
0 0
1 1
2 0
3 3
4 7
5 14
6 18
7 29
8 23
9 27
10 28
11 47
12 58
13 70
14 86
15 106
16 99
17 79
18 54
19 54
20 25
21 14
22 10
23 3
24 0
last timestep 24
node 1278 iteration 7
0 0
1 2
2 3
3 4
4 5
5 17
6 25
7 30
8 46
9 49
10 64
11 105
12 96
13 93
14 78
15 70
16 45
17 30
18 19
19 15
20 12
21 9
22 7
23 4
24 2
25 1
26 1
27 0
28 0
last timestep 28
node 1278 iteration 8
0 0
1 1
2 0
3 0
last timestep 3
node 1278 iteration 9
0 0
1 6
2 6
3 4
4 7
5 10
6 13
7 25
8 32
9 48
10 55
11 76
12 75
13 67
14 83
15 68
16 52
17 37
18 24
19 14
20 14
21 9
22 13
23 11
24 6
25 1
26 0
27 0
last timestep 27
