node 1659 iteration 0
0 0
1 1
2 0
3 0
last timestep 3
node 1659 iteration 1
0 0
1 1
2 0
3 0
last timestep 3
node 1659 iteration 2
0 0
1 1
2 1
3 3
4 12
5 12
6 27
7 42
8 45
9 68
10 80
11 104
12 100
13 103
14 79
15 43
16 27
17 21
18 12
19 13
20 10
21 5
22 1
23 1
24 1
25 1
26 0
27 0
last timestep 27
node 1659 iteration 3
0 0
1 0
2 0
last timestep 2
node 1659 iteration 4
0 0
1 2
2 6
3 7
4 13
5 13
6 15
7 21
8 26
9 29
10 43
11 80
12 75
13 100
14 68
15 66
16 56
17 43
18 22
19 17
20 13
21 11
22 10
23 13
24 6
25 8
26 8
27 5
28 4
29 5
30 8
31 3
32 1
33 0
34 0
last timestep 34
node 1659 iteration 5
0 0
1 2
2 6
3 1
4 2
5 5
6 11
7 19
8 18
9 28
10 28
11 49
12 65
13 74
14 84
15 70
16 56
17 53
18 43
19 29
20 14
21 8
22 5
23 3
24 1
25 1
26 0
27 0
last timestep 27
node 1659 iteration 6
0 0
1 1
2 1
3 1
4 0
5 0
last timestep 5
node 1659 iteration 7
0 0
1 2
2 5
3 7
4 6
5 13
6 42
7 60
8 88
9 80
10 83
11 87
12 87
13 47
14 47
15 25
16 11
17 4
18 4
19 0
20 0
last timestep 20
node 1659 iteration 8
0 0
1 5
2 5
3 8
4 10
5 10
6 17
7 27
8 42
9 46
10 74
11 92
12 86
13 58
14 48
15 52
16 32
17 28
18 13
19 13
20 8
21 10
22 8
23 9
24 7
25 8
26 2
27 0
28 0
last timestep 28
node 1659 iteration 9
0 0
1 2
2 4
3 5
4 9
5 20
6 28
7 49
8 51
9 84
10 64
11 95
12 95
13 106
14 86
15 70
16 58
17 27
18 18
19 15
20 10
21 5
22 1
23 1
24 0
25 0
last timestep 25
