node 2177 iteration 0
0 0
1 2
2 3
3 2
4 1
5 3
6 7
7 7
8 10
9 16
10 27
11 39
12 39
13 52
14 77
15 81
16 96
17 80
18 72
19 62
20 34
21 25
22 20
23 15
24 10
25 10
26 4
27 4
28 0
29 0
last timestep 29
node 2177 iteration 1
0 0
1 3
2 3
3 4
4 8
5 16
6 20
7 24
8 45
9 45
10 51
11 46
12 64
13 55
14 56
15 46
16 27
17 33
18 48
19 28
20 18
21 15
22 13
23 10
24 10
25 3
26 2
27 0
28 0
last timestep 28
node 2177 iteration 2
0 0
1 5
2 4
3 6
4 5
5 6
6 14
7 22
8 29
9 50
10 69
11 66
12 82
13 89
14 92
15 99
16 65
17 54
18 22
19 23
20 20
21 13
22 6
23 3
24 4
25 0
26 1
27 0
last timestep 27
node 2177 iteration 3
0 0
1 3
2 6
3 5
4 8
5 5
6 6
7 12
8 11
9 33
10 29
11 62
12 64
13 84
14 92
15 71
16 54
17 36
18 23
19 21
20 15
21 12
22 12
23 16
24 11
25 7
26 12
27 5
28 5
29 2
30 1
31 0
32 1
33 0
last timestep 33
node 2177 iteration 4
0 0
1 2
2 5
3 14
4 11
5 19
6 28
7 33
8 38
9 57
10 76
11 89
12 100
13 103
14 80
15 56
16 43
17 33
18 37
19 24
20 15
21 5
22 2
23 3
24 0
25 1
26 0
last timestep 26
node 2177 iteration 5
0 0
1 3
2 1
3 0
4 0
last timestep 4
node 2177 iteration 6
0 0
1 1
2 0
3 0
last timestep 3
node 2177 iteration 7
0 0
1 4
2 3
3 3
4 1
5 0
6 0
last timestep 6
node 2177 iteration 8
0 0
1 1
2 4
3 4
4 4
5 5
6 3
7 4
8 4
9 4
10 5
11 12
12 26
13 26
14 48
15 53
16 72
17 79
18 114
19 104
20 84
21 58
22 45
23 39
24 21
25 13
26 8
27 2
28 0
29 0
last timestep 29
node 2177 iteration 9
0 0
1 1
2 5
3 5
4 18
5 29
6 63
7 72
8 91
9 92
10 108
11 100
12 76
13 41
14 38
15 26
16 18
17 8
18 6
19 4
20 1
21 2
22 1
23 0
24 0
last timestep 24
