node 1105 iteration 0
0 0
1 5
2 4
3 5
4 2
5 1
6 0
7 0
last timestep 7
node 1105 iteration 1
0 0
1 4
2 7
3 6
4 7
5 10
6 25
7 46
8 70
9 83
10 95
11 98
12 90
13 85
14 56
15 59
16 43
17 35
18 22
19 18
20 17
21 15
22 7
23 6
24 1
25 0
26 0
last timestep 26
node 1105 iteration 2
0 0
1 6
2 6
3 7
4 6
5 8
6 22
7 29
8 42
9 55
10 66
11 60
12 64
13 49
14 40
15 41
16 54
17 51
18 37
19 42
20 30
21 18
22 23
23 7
24 10
25 6
26 9
27 8
28 4
29 1
30 0
31 0
last timestep 31
node 1105 iteration 3
0 0
1 5
2 1
3 2
4 1
5 5
6 4
7 7
8 12
9 23
10 35
11 52
12 49
13 71
14 70
15 80
16 54
17 55
18 46
19 52
20 29
21 34
22 22
23 20
24 11
25 5
26 5
27 4
28 2
29 0
30 0
last timestep 30
node 1105 iteration 4
0 0
1 6
2 6
3 11
4 14
5 15
6 23
7 37
8 15
9 18
10 22
11 48
12 63
13 98
14 82
15 90
16 73
17 39
18 38
19 35
20 21
21 21
22 17
23 7
24 3
25 0
26 1
27 0
last timestep 27
node 1105 iteration 5
0 0
1 6
2 7
3 12
4 24
5 29
6 55
7 61
8 101
9 87
10 90
11 92
12 84
13 64
14 42
15 16
16 16
17 2
18 2
19 0
20 0
last timestep 20
node 1105 iteration 6
0 0
1 4
2 6
3 9
4 13
5 28
6 32
7 30
8 50
9 51
10 68
11 62
12 51
13 48
14 37
15 34
16 39
17 28
18 19
19 11
20 12
21 16
22 15
23 8
24 7
25 5
26 3
27 0
28 2
29 1
30 2
31 2
32 5
33 2
34 2
35 0
last timestep 35
node 1105 iteration 7
0 0
1 3
2 0
3 0
last timestep 3
node 1105 iteration 8
0 0
1 6
2 7
3 4
4 1
5 2
6 1
7 1
8 3
9 2
10 1
11 6
12 10
13 21
14 26
15 43
16 42
17 83
18 87
19 97
20 98
21 93
22 76
23 61
24 51
25 30
26 20
27 12
28 8
29 4
30 3
31 0
32 0
last timestep 32
node 1105 iteration 9
0 0
1 6
2 4
3 3
4 7
5 14
6 24
7 25
8 34
9 60
10 51
11 71
12 72
13 89
14 82
15 77
16 67
17 44
18 23
19 20
20 14
21 8
22 8
23 6
24 6
25 3
26 4
27 2
28 3
29 0
30 0
last timestep 30
