node 1515 iteration 0
0 0
1 7
2 12
3 16
4 18
5 19
6 27
7 45
8 56
9 68
10 78
11 84
12 72
13 59
14 66
15 45
16 37
17 34
18 24
19 11
20 7
21 3
22 5
23 3
24 0
25 0
last timestep 25
node 1515 iteration 1
0 0
1 1
2 3
3 0
4 5
5 9
6 21
7 33
8 54
9 64
10 77
11 79
12 69
13 83
14 66
15 46
16 34
17 22
18 14
19 12
20 6
21 5
22 5
23 5
24 4
25 1
26 0
last timestep 26
node 1515 iteration 2
0 0
1 1
2 3
3 6
4 7
5 5
6 2
7 6
8 5
9 5
10 19
11 26
12 26
13 42
14 44
15 61
16 92
17 95
18 96
19 83
20 71
21 63
22 45
23 24
24 22
25 8
26 5
27 4
28 1
29 0
30 3
31 3
32 0
last timestep 32
node 1515 iteration 3
0 0
1 0
2 0
last timestep 2
node 1515 iteration 4
0 0
1 1
2 2
3 7
4 8
5 22
6 20
7 34
8 40
9 70
10 81
11 86
12 109
13 98
14 73
15 65
16 44
17 24
18 15
19 15
20 12
21 11
22 5
23 7
24 3
25 4
26 3
27 0
28 0
last timestep 28
node 1515 iteration 5
0 0
1 4
2 7
3 12
4 16
5 18
6 30
7 39
8 75
9 80
10 73
11 81
12 81
13 70
14 48
15 37
16 21
17 13
18 6
19 4
20 1
21 2
22 4
23 2
24 4
25 3
26 2
27 1
28 1
29 1
30 2
31 0
32 1
33 2
34 0
last timestep 34
node 1515 iteration 6
0 0
1 3
2 2
3 3
4 6
5 10
6 11
7 16
8 25
9 49
10 80
11 64
12 81
13 58
14 71
15 81
16 76
17 71
18 54
19 36
20 27
21 25
22 18
23 15
24 14
25 11
26 5
27 1
28 1
29 0
30 0
last timestep 30
node 1515 iteration 7
0 0
1 1
2 2
3 4
4 17
5 18
6 33
7 37
8 51
9 62
10 79
11 97
12 123
13 87
14 70
15 58
16 54
17 31
18 24
19 18
20 5
21 6
22 6
23 2
24 4
25 2
26 1
27 0
28 0
last timestep 28
node 1515 iteration 8
0 0
1 1
2 3
3 2
4 3
5 2
6 3
7 0
8 0
last timestep 8
node 1515 iteration 9
0 0
1 7
2 17
3 35
4 45
5 70
6 67
7 85
8 85
9 86
10 73
11 59
12 54
13 27
14 16
15 10
16 14
17 13
18 13
19 2
20 0
21 0
last timestep 21
