node 456 iteration 0
0 0
1 3
2 6
3 9
4 10
5 8
6 16
7 21
8 32
9 41
10 48
11 55
12 53
13 58
14 78
15 83
16 67
17 46
18 34
19 39
20 29
21 14
22 9
23 4
24 3
25 3
26 4
27 2
28 2
29 1
30 1
31 0
32 0
last timestep 32
node 456 iteration 1
0 0
1 1
2 7
3 17
4 20
5 30
6 58
7 96
8 102
9 92
10 101
11 87
12 75
13 56
14 37
15 27
16 12
17 3
18 3
19 3
20 2
21 1
22 0
23 0
last timestep 23
node 456 iteration 2
0 0
1 2
2 14
3 25
4 40
5 45
6 68
7 72
8 88
9 83
10 93
11 70
12 66
13 49
14 36
15 15
16 9
17 4
18 6
19 2
20 2
21 1
22 0
23 0
last timestep 23
node 456 iteration 3
0 0
1 5
2 13
3 13
4 27
5 22
6 30
7 33
8 55
9 59
10 60
11 74
12 58
13 55
14 53
15 39
16 32
17 19
18 33
19 19
20 12
21 4
22 2
23 0
24 0
last timestep 24
node 456 iteration 4
0 0
1 2
2 2
3 15
4 18
5 33
6 26
7 33
8 33
9 38
10 39
11 61
12 46
13 65
14 59
15 66
16 54
17 44
18 40
19 32
20 40
21 27
22 16
23 12
24 6
25 6
26 3
27 1
28 1
29 1
30 0
31 0
last timestep 31
node 456 iteration 5
0 0
1 6
2 6
3 9
4 22
5 34
6 56
7 80
8 63
9 75
10 73
11 68
12 63
13 59
14 42
15 25
16 29
17 30
18 24
19 11
20 5
21 2
22 6
23 0
24 2
25 1
26 2
27 3
28 0
last timestep 28
node 456 iteration 6
0 0
1 4
2 3
3 2
4 7
5 8
6 15
7 13
8 11
9 29
10 41
11 45
12 36
13 38
14 40
15 41
16 50
17 55
18 61
19 73
20 76
21 63
22 53
23 32
24 15
25 12
26 9
27 12
28 5
29 7
30 5
31 3
32 1
33 2
34 2
35 1
36 0
37 0
last timestep 37
node 456 iteration 7
0 0
1 4
2 6
3 10
4 25
5 39
6 64
7 56
8 73
9 79
10 81
11 89
12 58
13 56
14 35
15 25
16 30
17 20
18 12
19 11
20 10
21 4
22 5
23 2
24 0
25 0
last timestep 25
node 456 iteration 8
0 0
1 1
2 2
3 2
4 2
5 6
6 7
7 13
8 16
9 22
10 34
11 62
12 81
13 89
14 95
15 85
16 69
17 53
18 41
19 28
20 22
21 15
22 6
23 7
24 5
25 3
26 3
27 2
28 1
29 0
30 0
last timestep 30
node 456 iteration 9
0 0
1 4
2 6
3 6
4 7
5 6
6 6
7 11
8 33
9 55
10 59
11 80
12 101
13 84
14 68
15 71
16 51
17 41
18 36
19 19
20 14
21 8
22 8
23 7
24 4
25 7
26 5
27 5
28 3
29 7
30 3
31 2
32 4
33 2
34 1
35 1
36 0
37 0
last timestep 37
