node 1719 iteration 0
0 0
1 2
2 1
3 0
4 0
last timestep 4
node 1719 iteration 1
0 0
1 2
2 6
3 15
4 10
5 18
6 19
7 36
8 32
9 29
10 45
11 74
12 80
13 108
14 88
15 68
16 57
17 38
18 33
19 20
20 14
21 6
22 5
23 2
24 2
25 2
26 1
27 0
28 0
last timestep 28
node 1719 iteration 2
0 0
1 3
2 0
3 0
last timestep 3
node 1719 iteration 3
0 0
1 2
2 2
3 4
4 11
5 6
6 2
7 1
8 1
9 2
10 8
11 11
12 18
13 28
14 31
15 42
16 30
17 31
18 36
19 57
20 61
21 61
22 35
23 23
24 32
25 40
26 30
27 21
28 18
29 17
30 14
31 5
32 8
33 3
34 1
35 0
36 0
last timestep 36
node 1719 iteration 4
0 0
1 5
2 6
3 18
4 22
5 37
6 51
7 78
8 82
9 106
10 106
11 90
12 82
13 54
14 27
15 15
16 9
17 8
18 9
19 2
20 4
21 1
22 0
23 0
last timestep 23
node 1719 iteration 5
0 0
1 2
2 5
3 7
4 8
5 23
6 26
7 36
8 46
9 67
10 74
11 77
12 71
13 58
14 49
15 45
16 35
17 39
18 30
19 22
20 15
21 11
22 2
23 2
24 0
25 0
last timestep 25
node 1719 iteration 6
0 0
1 2
2 0
3 0
last timestep 3
node 1719 iteration 7
0 0
1 3
2 1
3 3
4 2
5 2
6 7
7 6
8 6
9 12
10 22
11 38
12 55
13 76
14 96
15 126
16 104
17 83
18 61
19 51
20 32
21 36
22 25
23 19
24 8
25 2
26 0
27 0
last timestep 27
node 1719 iteration 8
0 0
1 3
2 3
3 3
4 2
5 5
6 9
7 7
8 12
9 6
10 3
11 8
12 14
13 18
14 19
15 35
16 51
17 60
18 58
19 58
20 75
21 83
22 74
23 48
24 31
25 27
26 20
27 18
28 12
29 5
30 2
31 1
32 2
33 1
34 2
35 0
36 0
last timestep 36
node 1719 iteration 9
0 0
1 1
2 0
3 4
4 9
5 10
6 23
7 22
8 36
9 46
10 72
11 78
12 67
13 73
14 63
15 61
16 51
17 42
18 25
19 22
20 16
21 7
22 0
last timestep 22
