node 811 iteration 0
0 0
1 3
2 9
3 6
4 5
5 6
6 5
7 8
8 8
9 21
10 21
11 33
12 38
13 57
14 67
15 83
16 107
17 97
18 86
19 73
20 46
21 28
22 23
23 9
24 18
25 8
26 3
27 1
28 0
29 0
last timestep 29
node 811 iteration 1
0 0
1 3
2 11
3 18
4 32
5 40
6 49
7 66
8 79
9 93
10 94
11 97
12 78
13 47
14 35
15 19
16 9
17 7
18 1
19 0
20 0
last timestep 20
node 811 iteration 2
0 0
1 3
2 4
3 6
4 6
5 13
6 12
7 8
8 10
9 13
10 6
11 15
12 24
13 25
14 35
15 57
16 49
17 58
18 75
19 99
20 98
21 81
22 47
23 45
24 21
25 14
26 12
27 9
28 5
29 6
30 5
31 3
32 2
33 1
34 1
35 0
36 0
last timestep 36
node 811 iteration 3
0 0
1 2
2 3
3 3
4 2
5 3
6 2
7 7
8 3
9 1
10 1
11 11
12 10
13 14
14 12
15 24
16 28
17 36
18 54
19 73
20 100
21 113
22 99
23 75
24 63
25 40
26 24
27 17
28 14
29 6
30 2
31 1
32 1
33 2
34 0
35 0
last timestep 35
node 811 iteration 4
0 0
1 1
2 1
3 1
4 2
5 6
6 7
7 15
8 23
9 27
10 45
11 68
12 76
13 83
14 101
15 82
16 75
17 43
18 39
19 24
20 19
21 9
22 4
23 2
24 4
25 4
26 0
27 2
28 0
last timestep 28
node 811 iteration 5
0 0
1 0
2 0
last timestep 2
node 811 iteration 6
0 0
1 2
2 1
3 6
4 3
5 3
6 8
7 4
8 4
9 12
10 24
11 26
12 41
13 41
14 54
15 61
16 49
17 56
18 62
19 58
20 54
21 64
22 56
23 39
24 19
25 12
26 6
27 3
28 3
29 4
30 1
31 1
32 0
33 0
last timestep 33
node 811 iteration 7
0 0
1 1
2 0
3 0
last timestep 3
node 811 iteration 8
0 0
1 1
2 0
3 0
last timestep 3
node 811 iteration 9
0 0
1 4
2 10
3 7
4 12
5 16
6 17
7 26
8 33
9 33
10 45
11 50
12 62
13 56
14 57
15 63
16 55
17 50
18 51
19 30
20 23
21 17
22 4
23 2
24 0
25 0
last timestep 25
