node 1314 iteration 0
0 0
1 1
2 3
3 2
4 0
5 0
last timestep 5
node 1314 iteration 1
0 0
1 1
2 0
3 0
last timestep 3
node 1314 iteration 2
0 0
1 2
2 1
3 1
4 1
5 7
6 7
7 23
8 19
9 33
10 49
11 54
12 84
13 88
14 81
15 83
16 62
17 57
18 39
19 33
20 22
21 6
22 3
23 0
24 1
25 5
26 0
last timestep 26
node 1314 iteration 3
0 0
1 0
2 1
3 12
4 11
5 23
6 27
7 29
8 30
9 43
10 21
11 39
12 45
13 47
14 62
15 64
16 54
17 56
18 43
19 53
20 57
21 28
22 24
23 22
24 15
25 6
26 3
27 3
28 1
29 0
last timestep 29
node 1314 iteration 4
0 0
1 2
2 2
3 6
4 18
5 23
6 30
7 62
8 56
9 78
10 98
11 79
12 82
13 69
14 40
15 35
16 27
17 32
18 21
19 9
20 10
21 12
22 4
23 1
24 4
25 1
26 0
27 0
last timestep 27
node 1314 iteration 5
0 0
1 4
2 9
3 10
4 15
5 22
6 30
7 46
8 39
9 64
10 75
11 76
12 77
13 58
14 61
15 50
16 28
17 21
18 9
19 4
20 4
21 2
22 1
23 0
24 0
last timestep 24
node 1314 iteration 6
0 0
1 1
2 0
3 0
last timestep 3
node 1314 iteration 7
0 0
1 2
2 0
3 0
last timestep 3
node 1314 iteration 8
0 0
1 1
2 5
3 4
4 3
5 13
6 20
7 34
8 44
9 69
10 75
11 100
12 114
13 98
14 105
15 80
16 61
17 43
18 35
19 26
20 11
21 8
22 4
23 1
24 0
25 0
last timestep 25
node 1314 iteration 9
0 0
1 1
2 2
3 6
4 13
5 22
6 23
7 41
8 51
9 83
10 88
11 99
12 97
13 85
14 73
15 55
16 41
17 41
18 24
19 14
20 11
21 8
22 8
23 11
24 5
25 6
26 1
27 1
28 1
29 0
30 0
last timestep 30
