node 490 iteration 0
0 0
1 11
2 19
3 23
4 34
5 46
6 73
7 72
8 110
9 129
10 97
11 57
12 56
13 35
14 28
15 24
16 12
17 17
18 15
19 10
20 4
21 8
22 3
23 2
24 0
25 1
26 0
last timestep 26
node 490 iteration 1
0 0
1 7
2 10
3 5
4 9
5 4
6 3
7 8
8 3
9 3
10 0
11 0
last timestep 11
node 490 iteration 2
0 0
1 14
2 13
3 34
4 42
5 61
6 65
7 75
8 95
9 99
10 87
11 78
12 49
13 32
14 28
15 16
16 8
17 1
18 0
19 0
last timestep 19
node 490 iteration 3
0 0
1 6
2 10
3 10
4 15
5 15
6 29
7 30
8 41
9 66
10 69
11 80
12 80
13 79
14 63
15 45
16 40
17 39
18 12
19 19
20 11
21 2
22 5
23 2
24 4
25 2
26 0
27 0
last timestep 27
node 490 iteration 4
0 0
1 10
2 22
3 28
4 51
5 76
6 106
7 141
8 105
9 89
10 78
11 50
12 26
13 19
14 12
15 9
16 6
17 7
18 4
19 2
20 1
21 0
22 0
last timestep 22
node 490 iteration 5
0 0
1 6
2 9
3 6
4 5
5 12
6 15
7 18
8 20
9 24
10 37
11 60
12 62
13 74
14 79
15 74
16 75
17 60
18 39
19 26
20 16
21 12
22 13
23 10
24 6
25 2
26 1
27 0
28 0
last timestep 28
node 490 iteration 6
0 0
1 11
2 22
3 27
4 43
5 57
6 91
7 111
8 91
9 79
10 56
11 44
12 33
13 31
14 35
15 20
16 16
17 16
18 5
19 6
20 1
21 3
22 0
23 0
last timestep 23
node 490 iteration 7
0 0
1 11
2 7
3 13
4 15
5 17
6 28
7 33
8 26
9 36
10 54
11 38
12 54
13 66
14 79
15 75
16 63
17 42
18 34
19 20
20 16
21 11
22 9
23 9
24 1
25 3
26 5
27 0
28 0
last timestep 28
node 490 iteration 8
0 0
1 18
2 30
3 45
4 63
5 111
6 121
7 109
8 104
9 80
10 50
11 35
12 38
13 23
14 11
15 5
16 2
17 4
18 2
19 0
20 0
last timestep 20
node 490 iteration 9
0 0
1 3
2 1
3 0
4 0
last timestep 4
