node 2051 iteration 0
0 0
1 3
2 11
3 17
4 18
5 27
6 25
7 22
8 27
9 49
10 64
11 75
12 85
13 90
14 111
15 83
16 62
17 38
18 20
19 8
20 6
21 6
22 1
23 0
24 0
last timestep 24
node 2051 iteration 1
0 0
1 4
2 3
3 4
4 11
5 18
6 32
7 45
8 47
9 49
10 58
11 59
12 91
13 99
14 82
15 72
16 56
17 39
18 18
19 16
20 17
21 11
22 5
23 0
24 0
last timestep 24
node 2051 iteration 2
0 0
1 1
2 0
3 3
4 5
5 2
6 2
7 1
8 3
9 9
10 3
11 2
12 2
13 5
14 28
15 36
16 56
17 67
18 76
19 80
20 95
21 87
22 74
23 47
24 47
25 18
26 22
27 17
28 15
29 11
30 17
31 7
32 6
33 3
34 0
last timestep 34
node 2051 iteration 3
0 0
1 4
2 0
3 0
last timestep 3
node 2051 iteration 4
0 0
1 1
2 1
3 2
4 3
5 5
6 10
7 12
8 9
9 13
10 24
11 25
12 23
13 31
14 39
15 57
16 58
17 95
18 91
19 79
20 62
21 54
22 30
23 26
24 11
25 7
26 6
27 9
28 10
29 11
30 6
31 1
32 0
33 1
34 2
35 0
last timestep 35
node 2051 iteration 5
0 0
1 1
2 2
3 0
4 1
5 0
last timestep 5
node 2051 iteration 6
0 0
1 1
2 2
3 6
4 8
5 2
6 4
7 6
8 3
9 7
10 13
11 19
12 23
13 36
14 61
15 83
16 67
17 75
18 65
19 72
20 45
21 38
22 40
23 28
24 24
25 18
26 11
27 9
28 9
29 5
30 2
31 0
32 1
33 2
34 2
35 2
36 1
37 1
38 1
39 0
last timestep 39
node 2051 iteration 7
0 0
1 1
2 1
3 0
4 3
5 6
6 2
7 9
8 18
9 26
10 35
11 43
12 35
13 51
14 65
15 59
16 71
17 81
18 82
19 74
20 46
21 30
22 18
23 12
24 4
25 4
26 4
27 3
28 2
29 0
last timestep 29
node 2051 iteration 8
0 0
1 1
2 2
3 3
4 11
5 13
6 19
7 29
8 33
9 38
10 43
11 44
12 57
13 59
14 82
15 74
16 57
17 58
18 48
19 31
20 35
21 19
22 8
23 5
24 2
25 2
26 4
27 2
28 3
29 1
30 0
31 0
last timestep 31
node 2051 iteration 9
0 0
1 2
2 2
3 4
4 15
5 26
6 43
7 67
8 90
9 81
10 84
11 105
12 87
13 45
14 35
15 19
16 15
17 3
18 3
19 0
20 2
21 1
22 1
23 0
last timestep 23
