node 472 iteration 0
0 0
1 0
2 0
last timestep 2
node 472 iteration 1
0 0
1 1
2 0
3 0
last timestep 3
node 472 iteration 2
0 0
1 1
2 3
3 16
4 24
5 27
6 41
7 63
8 64
9 74
10 68
11 72
12 69
13 65
14 62
15 34
16 53
17 45
18 26
19 20
20 12
21 13
22 15
23 4
24 3
25 1
26 0
27 0
last timestep 27
node 472 iteration 3
0 0
1 1
2 1
3 0
4 0
last timestep 4
node 472 iteration 4
0 0
1 1
2 4
3 4
4 3
5 5
6 7
7 15
8 7
9 15
10 26
11 46
12 44
13 57
14 56
15 56
16 78
17 58
18 41
19 47
20 36
21 33
22 15
23 11
24 12
25 7
26 6
27 2
28 1
29 0
30 0
last timestep 30
node 472 iteration 5
0 0
1 4
2 2
3 1
4 0
5 0
last timestep 5
node 472 iteration 6
0 0
1 1
2 4
3 10
4 15
5 36
6 31
7 35
8 49
9 56
10 61
11 54
12 84
13 103
14 87
15 76
16 44
17 28
18 16
19 10
20 11
21 11
22 9
23 9
24 5
25 1
26 2
27 1
28 0
29 0
last timestep 29
node 472 iteration 7
0 0
1 0
2 3
3 4
4 6
5 7
6 12
7 8
8 10
9 19
10 20
11 25
12 33
13 40
14 27
15 36
16 43
17 56
18 48
19 42
20 48
21 42
22 42
23 32
24 35
25 19
26 8
27 2
28 6
29 10
30 8
31 7
32 4
33 1
34 1
35 1
36 0
last timestep 36
node 472 iteration 8
0 0
1 1
2 1
3 7
4 11
5 13
6 14
7 31
8 29
9 50
10 74
11 78
12 77
13 76
14 82
15 52
16 44
17 32
18 25
19 25
20 20
21 22
22 10
23 11
24 2
25 0
26 0
last timestep 26
node 472 iteration 9
0 0
1 1
2 2
3 1
4 3
5 2
6 14
7 16
8 28
9 47
10 74
11 66
12 100
13 105
14 100
15 99
16 62
17 40
18 23
19 12
20 6
21 5
22 3
23 1
24 2
25 0
26 0
last timestep 26
