node 2624 iteration 0
0 0
1 3
2 3
3 10
4 10
5 19
6 11
7 23
8 30
9 46
10 66
11 72
12 69
13 81
14 72
15 75
16 72
17 49
18 32
19 31
20 20
21 7
22 12
23 5
24 2
25 4
26 3
27 0
28 0
last timestep 28
node 2624 iteration 1
0 0
1 2
2 2
3 1
4 0
5 0
last timestep 5
node 2624 iteration 2
0 0
1 2
2 0
3 0
last timestep 3
node 2624 iteration 3
0 0
1 4
2 10
3 14
4 24
5 26
6 23
7 26
8 31
9 43
10 38
11 44
12 33
13 38
14 46
15 49
16 55
17 39
18 32
19 27
20 19
21 14
22 19
23 13
24 14
25 7
26 11
27 11
28 8
29 10
30 2
31 2
32 0
33 0
last timestep 33
node 2624 iteration 4
0 0
1 1
2 1
3 3
4 11
5 10
6 17
7 23
8 44
9 71
10 92
11 109
12 98
13 78
14 66
15 56
16 51
17 32
18 28
19 9
20 7
21 1
22 1
23 0
24 0
last timestep 24
node 2624 iteration 5
0 0
1 1
2 4
3 7
4 15
5 21
6 27
7 43
8 63
9 73
10 78
11 77
12 84
13 68
14 58
15 38
16 34
17 23
18 24
19 16
20 11
21 6
22 9
23 8
24 5
25 0
26 1
27 0
last timestep 27
node 2624 iteration 6
0 0
1 0
2 0
last timestep 2
node 2624 iteration 7
0 0
1 3
2 0
3 1
4 0
last timestep 4
node 2624 iteration 8
0 0
1 4
2 6
3 13
4 25
5 22
6 36
7 53
8 71
9 82
10 84
11 78
12 82
13 70
14 60
15 42
16 41
17 19
18 16
19 7
20 2
21 1
22 2
23 0
24 2
25 4
26 2
27 1
28 0
last timestep 28
node 2624 iteration 9
0 0
1 0
2 0
last timestep 2
