node 356 iteration 0
0 0
1 3
2 1
3 2
4 5
5 9
6 20
7 26
8 51
9 73
10 74
11 61
12 63
13 78
14 68
15 65
16 51
17 36
18 32
19 16
20 6
21 4
22 2
23 1
24 3
25 1
26 1
27 0
28 0
last timestep 28
node 356 iteration 1
0 0
1 4
2 8
3 7
4 7
5 5
6 3
7 8
8 8
9 15
10 15
11 20
12 18
13 17
14 27
15 31
16 33
17 29
18 31
19 36
20 42
21 41
22 26
23 19
24 19
25 5
26 5
27 3
28 0
29 3
30 5
31 2
32 5
33 5
34 11
35 6
36 9
37 3
38 5
39 7
40 3
41 6
42 4
43 4
44 3
45 2
46 3
47 4
48 3
49 2
50 5
51 4
52 0
last timestep 52
node 356 iteration 2
0 0
1 3
2 4
3 5
4 6
5 9
6 11
7 16
8 15
9 34
10 38
11 67
12 102
13 120
14 97
15 73
16 50
17 44
18 43
19 35
20 16
21 11
22 4
23 4
24 12
25 6
26 3
27 1
28 0
29 0
last timestep 29
node 356 iteration 3
0 0
1 4
2 3
3 1
4 0
5 0
last timestep 5
node 356 iteration 4
0 0
1 4
2 1
3 1
4 0
5 0
last timestep 5
node 356 iteration 5
0 0
1 7
2 17
3 36
4 40
5 56
6 70
7 79
8 80
9 75
10 88
11 67
12 55
13 40
14 36
15 26
16 24
17 29
18 17
19 7
20 0
21 0
last timestep 21
node 356 iteration 6
0 0
1 6
2 10
3 6
4 8
5 6
6 14
7 25
8 32
9 24
10 22
11 24
12 26
13 43
14 43
15 45
16 45
17 50
18 55
19 45
20 41
21 42
22 32
23 40
24 35
25 35
26 27
27 18
28 16
29 10
30 3
31 1
32 0
33 0
last timestep 33
node 356 iteration 7
0 0
1 5
2 5
3 6
4 12
5 24
6 23
7 31
8 23
9 49
10 63
11 91
12 92
13 103
14 79
15 78
16 54
17 42
18 23
19 23
20 11
21 6
22 3
23 4
24 6
25 6
26 5
27 2
28 1
29 2
30 2
31 0
32 0
last timestep 32
node 356 iteration 8
0 0
1 2
2 4
3 10
4 18
5 31
6 46
7 53
8 61
9 69
10 90
11 120
12 87
13 68
14 52
15 35
16 26
17 14
18 20
19 5
20 9
21 4
22 3
23 1
24 1
25 1
26 0
27 0
last timestep 27
node 356 iteration 9
0 0
1 4
2 4
3 8
4 16
5 13
6 26
7 39
8 39
9 52
10 64
11 73
12 77
13 75
14 63
15 44
16 50
17 35
18 23
19 17
20 17
21 11
22 4
23 1
24 1
25 2
26 2
27 0
28 0
last timestep 28
