node 433 iteration 0
0 0
1 2
2 2
3 1
4 1
5 0
6 0
last timestep 6
node 433 iteration 1
0 0
1 2
2 0
3 0
last timestep 3
node 433 iteration 2
0 0
1 3
2 3
3 7
4 8
5 12
6 18
7 21
8 31
9 31
10 39
11 50
12 45
13 64
14 61
15 77
16 76
17 50
18 31
19 17
20 19
21 12
22 8
23 9
24 7
25 8
26 7
27 13
28 5
29 7
30 1
31 2
32 0
33 0
last timestep 33
node 433 iteration 3
0 0
1 1
2 0
3 0
last timestep 3
node 433 iteration 4
0 0
1 1
2 2
3 2
4 2
5 3
6 5
7 8
8 5
9 7
10 10
11 10
12 17
13 25
14 36
15 57
16 70
17 57
18 60
19 55
20 60
21 52
22 50
23 32
24 19
25 12
26 7
27 6
28 7
29 4
30 3
31 4
32 3
33 1
34 0
35 0
last timestep 35
node 433 iteration 5
0 0
1 2
2 1
3 1
4 5
5 19
6 28
7 27
8 40
9 49
10 68
11 76
12 101
13 83
14 88
15 60
16 56
17 36
18 17
19 6
20 3
21 2
22 2
23 1
24 0
25 0
last timestep 25
node 433 iteration 6
0 0
1 1
2 0
3 0
last timestep 3
node 433 iteration 7
0 0
1 3
2 3
3 2
4 1
5 2
6 3
7 6
8 22
9 19
10 37
11 39
12 54
13 56
14 62
15 69
16 79
17 82
18 96
19 53
20 38
21 32
22 21
23 16
24 13
25 11
26 5
27 13
28 8
29 7
30 1
31 0
32 0
last timestep 32
node 433 iteration 8
0 0
1 2
2 2
3 0
4 0
last timestep 4
node 433 iteration 9
0 0
1 0
2 0
last timestep 2
