node 593 iteration 0
0 0
1 3
2 3
3 7
4 8
5 21
6 26
7 41
8 70
9 90
10 88
11 97
12 89
13 64
14 63
15 51
16 30
17 36
18 13
19 8
20 6
21 3
22 0
23 0
last timestep 23
node 593 iteration 1
0 0
1 2
2 4
3 8
4 17
5 20
6 26
7 30
8 40
9 47
10 65
11 72
12 54
13 56
14 69
15 52
16 59
17 41
18 36
19 26
20 15
21 8
22 5
23 2
24 2
25 0
26 0
last timestep 26
node 593 iteration 2
0 0
1 1
2 0
3 0
last timestep 3
node 593 iteration 3
0 0
1 1
2 8
3 12
4 9
5 11
6 17
7 50
8 75
9 88
10 93
11 103
12 87
13 73
14 54
15 45
16 27
17 26
18 11
19 4
20 6
21 2
22 0
23 0
last timestep 23
node 593 iteration 4
0 0
1 0
2 0
last timestep 2
node 593 iteration 5
0 0
1 1
2 5
3 1
4 1
5 2
6 2
7 1
8 0
9 0
last timestep 9
node 593 iteration 6
0 0
1 3
2 6
3 6
4 15
5 17
6 33
7 32
8 47
9 69
10 82
11 98
12 98
13 88
14 67
15 50
16 44
17 27
18 14
19 14
20 12
21 6
22 14
23 4
24 3
25 2
26 0
27 0
last timestep 27
node 593 iteration 7
0 0
1 0
2 1
3 1
4 1
5 0
last timestep 5
node 593 iteration 8
0 0
1 2
2 0
3 0
last timestep 3
node 593 iteration 9
0 0
1 2
2 1
3 1
4 9
5 15
6 22
7 40
8 56
9 74
10 79
11 64
12 85
13 77
14 75
15 64
16 46
17 33
18 17
19 9
20 8
21 8
22 0
23 0
last timestep 23
