node 455 iteration 0
0 0
1 1
2 0
3 0
last timestep 3
node 455 iteration 1
0 0
1 1
2 1
3 2
4 0
5 0
last timestep 5
node 455 iteration 2
0 0
1 3
2 5
3 2
4 10
5 15
6 27
7 45
8 79
9 94
10 74
11 107
12 92
13 78
14 67
15 63
16 43
17 24
18 12
19 7
20 1
21 1
22 1
23 1
24 1
25 1
26 0
27 0
last timestep 27
node 455 iteration 3
0 0
1 3
2 7
3 8
4 14
5 24
6 31
7 41
8 68
9 70
10 85
11 80
12 73
13 71
14 69
15 54
16 43
17 28
18 43
19 34
20 15
21 7
22 7
23 6
24 4
25 1
26 0
27 0
last timestep 27
node 455 iteration 4
0 0
1 1
2 3
3 3
4 5
5 3
6 6
7 8
8 3
9 9
10 15
11 14
12 40
13 53
14 43
15 81
16 74
17 80
18 72
19 67
20 54
21 45
22 28
23 21
24 15
25 12
26 6
27 2
28 3
29 1
30 0
31 0
last timestep 31
node 455 iteration 5
0 0
1 3
2 3
3 4
4 8
5 5
6 15
7 21
8 37
9 50
10 62
11 68
12 82
13 90
14 91
15 86
16 65
17 54
18 32
19 27
20 12
21 2
22 1
23 0
24 0
last timestep 24
node 455 iteration 6
0 0
1 1
2 1
3 0
4 0
last timestep 4
node 455 iteration 7
0 0
1 2
2 3
3 2
4 3
5 2
6 5
7 1
8 1
9 0
10 0
last timestep 10
node 455 iteration 8
0 0
1 3
2 4
3 2
4 2
5 1
6 4
7 8
8 5
9 6
10 17
11 27
12 28
13 24
14 31
15 39
16 45
17 62
18 58
19 78
20 81
21 78
22 55
23 37
24 39
25 19
26 12
27 1
28 2
29 1
30 0
31 0
last timestep 31
node 455 iteration 9
0 0
1 1
2 0
3 0
last timestep 3
