node 300 iteration 0
0 0
1 6
2 2
3 2
4 6
5 6
6 8
7 6
8 5
9 8
10 4
11 7
12 19
13 33
14 50
15 52
16 68
17 75
18 84
19 98
20 64
21 54
22 42
23 31
24 27
25 10
26 11
27 11
28 10
29 7
30 6
31 4
32 3
33 2
34 0
35 0
last timestep 35
node 300 iteration 1
0 0
1 2
2 1
3 1
4 3
5 6
6 6
7 11
8 12
9 23
10 38
11 57
12 61
13 71
14 69
15 86
16 85
17 84
18 67
19 53
20 20
21 12
22 7
23 4
24 1
25 1
26 8
27 1
28 3
29 2
30 2
31 0
32 0
last timestep 32
node 300 iteration 2
0 0
1 1
2 0
3 0
last timestep 3
node 300 iteration 3
0 0
1 3
2 1
3 0
4 0
last timestep 4
node 300 iteration 4
0 0
1 1
2 0
3 0
last timestep 3
node 300 iteration 5
0 0
1 4
2 8
3 5
4 10
5 24
6 36
7 57
8 63
9 86
10 76
11 108
12 97
13 61
14 55
15 39
16 23
17 21
18 11
19 9
20 6
21 1
22 1
23 2
24 1
25 0
26 0
last timestep 26
node 300 iteration 6
0 0
1 1
2 3
3 5
4 12
5 10
6 28
7 39
8 55
9 75
10 80
11 88
12 90
13 63
14 52
15 41
16 30
17 25
18 24
19 18
20 14
21 9
22 3
23 2
24 1
25 0
26 0
last timestep 26
node 300 iteration 7
0 0
1 0
2 0
last timestep 2
node 300 iteration 8
0 0
1 5
2 4
3 9
4 15
5 36
6 37
7 39
8 71
9 95
10 108
11 92
12 101
13 71
14 74
15 51
16 42
17 23
18 20
19 10
20 11
21 8
22 6
23 3
24 5
25 1
26 0
27 0
last timestep 27
node 300 iteration 9
0 0
1 4
2 2
3 17
4 26
5 49
6 38
7 63
8 95
9 102
10 98
11 94
12 72
13 46
14 45
15 26
16 17
17 9
18 5
19 3
20 1
21 1
22 0
23 0
last timestep 23
