node 363 iteration 0
0 0
1 4
2 6
3 10
4 26
5 41
6 72
7 78
8 70
9 89
10 85
11 85
12 78
13 61
14 51
15 32
16 18
17 18
18 13
19 3
20 2
21 0
22 0
last timestep 22
node 363 iteration 1
0 0
1 1
2 0
3 0
last timestep 3
node 363 iteration 2
0 0
1 3
2 6
3 21
4 28
5 45
6 51
7 64
8 72
9 75
10 72
11 59
12 63
13 64
14 62
15 54
16 33
17 17
18 7
19 6
20 5
21 4
22 1
23 0
24 1
25 4
26 0
last timestep 26
node 363 iteration 3
0 0
1 5
2 4
3 1
4 2
5 1
6 1
7 0
8 0
last timestep 8
node 363 iteration 4
0 0
1 4
2 3
3 0
4 0
last timestep 4
node 363 iteration 5
0 0
1 3
2 8
3 18
4 34
5 42
6 74
7 99
8 99
9 101
10 96
11 68
12 45
13 55
14 41
15 26
16 12
17 13
18 14
19 7
20 5
21 2
22 2
23 3
24 0
25 1
26 0
last timestep 26
node 363 iteration 6
0 0
1 3
2 11
3 28
4 31
5 46
6 41
7 46
8 53
9 84
10 111
11 124
12 107
13 82
14 61
15 46
16 31
17 19
18 13
19 14
20 6
21 3
22 0
23 0
last timestep 23
node 363 iteration 7
0 0
1 5
2 4
3 4
4 8
5 21
6 29
7 38
8 59
9 60
10 100
11 109
12 87
13 69
14 58
15 24
16 21
17 16
18 14
19 10
20 14
21 11
22 8
23 4
24 0
25 0
last timestep 25
node 363 iteration 8
0 0
1 1
2 1
3 1
4 1
5 0
6 0
last timestep 6
node 363 iteration 9
0 0
1 4
2 3
3 8
4 8
5 10
6 11
7 34
8 47
9 65
10 89
11 73
12 67
13 56
14 48
15 39
16 39
17 17
18 9
19 4
20 11
21 0
22 0
last timestep 22
