node 981 iteration 0
0 0
1 0
2 0
last timestep 2
node 981 iteration 1
0 0
1 1
2 2
3 3
4 7
5 25
6 35
7 56
8 63
9 71
10 88
11 86
12 87
13 72
14 63
15 54
16 39
17 33
18 20
19 20
20 15
21 3
22 2
23 1
24 2
25 0
26 0
last timestep 26
node 981 iteration 2
0 0
1 3
2 5
3 20
4 31
5 34
6 70
7 96
8 82
9 107
10 76
11 66
12 46
13 37
14 27
15 12
16 6
17 2
18 1
19 0
20 1
21 0
last timestep 21
node 981 iteration 3
0 0
1 3
2 2
3 0
4 0
last timestep 4
node 981 iteration 4
0 0
1 2
2 1
3 4
4 8
5 14
6 21
7 25
8 24
9 37
10 59
11 63
12 71
13 80
14 78
15 93
16 79
17 60
18 42
19 35
20 21
21 20
22 18
23 9
24 4
25 2
26 0
27 1
28 0
last timestep 28
node 981 iteration 5
0 0
1 3
2 4
3 3
4 4
5 9
6 6
7 2
8 4
9 5
10 12
11 11
12 12
13 19
14 27
15 34
16 43
17 37
18 54
19 58
20 44
21 52
22 45
23 36
24 24
25 21
26 11
27 19
28 17
29 13
30 15
31 4
32 6
33 7
34 6
35 7
36 4
37 5
38 0
39 0
last timestep 39
node 981 iteration 6
0 0
1 1
2 2
3 2
4 7
5 13
6 23
7 41
8 35
9 40
10 49
11 69
12 77
13 91
14 85
15 60
16 46
17 36
18 19
19 15
20 11
21 5
22 6
23 8
24 5
25 3
26 1
27 0
28 0
last timestep 28
node 981 iteration 7
0 0
1 2
2 9
3 10
4 10
5 15
6 20
7 43
8 44
9 54
10 63
11 93
12 93
13 109
14 98
15 87
16 46
17 29
18 15
19 8
20 5
21 3
22 3
23 3
24 0
25 0
last timestep 25
node 981 iteration 8
0 0
1 0
2 0
last timestep 2
node 981 iteration 9
0 0
1 2
2 1
3 13
4 10
5 15
6 28
7 50
8 76
9 94
10 79
11 88
12 85
13 77
14 59
15 43
16 31
17 23
18 16
19 8
20 4
21 4
22 3
23 8
24 3
25 2
26 1
27 0
28 0
last timestep 28
