node 1712 iteration 0
0 0
1 0
2 0
last timestep 2
node 1712 iteration 1
0 0
1 0
2 0
last timestep 2
node 1712 iteration 2
0 0
1 1
2 0
3 0
last timestep 3
node 1712 iteration 3
0 0
1 1
2 1
3 2
4 0
5 0
last timestep 5
node 1712 iteration 4
0 0
1 2
2 3
3 8
4 9
5 16
6 24
7 45
8 50
9 60
10 75
11 79
12 73
13 72
14 56
15 53
16 40
17 38
18 32
19 34
20 22
21 15
22 12
23 11
24 6
25 1
26 0
27 0
last timestep 27
node 1712 iteration 5
0 0
1 2
2 3
3 5
4 10
5 13
6 14
7 32
8 36
9 43
10 70
11 73
12 74
13 94
14 57
15 41
16 28
17 31
18 18
19 5
20 4
21 4
22 10
23 9
24 4
25 2
26 1
27 0
28 0
last timestep 28
node 1712 iteration 6
0 0
1 1
2 1
3 1
4 2
5 4
6 3
7 9
8 13
9 12
10 11
11 10
12 21
13 26
14 33
15 34
16 73
17 51
18 63
19 73
20 71
21 61
22 56
23 39
24 39
25 24
26 27
27 22
28 18
29 8
30 7
31 2
32 1
33 5
34 2
35 7
36 1
37 0
38 0
last timestep 38
node 1712 iteration 7
0 0
1 1
2 0
3 0
last timestep 3
node 1712 iteration 8
0 0
1 1
2 0
3 0
last timestep 3
node 1712 iteration 9
0 0
1 1
2 8
3 11
4 13
5 24
6 31
7 44
8 50
9 81
10 79
11 87
12 53
13 35
14 35
15 29
16 24
17 13
18 12
19 5
20 5
21 2
22 5
23 2
24 0
25 0
last timestep 25
