node 629 iteration 0
0 0
1 5
2 4
3 5
4 3
5 3
6 7
7 6
8 14
9 22
10 40
11 80
12 81
13 92
14 81
15 74
16 66
17 54
18 42
19 47
20 29
21 28
22 12
23 9
24 3
25 1
26 1
27 0
28 3
29 1
30 1
31 1
32 0
last timestep 32
node 629 iteration 1
0 0
1 6
2 6
3 13
4 15
5 22
6 27
7 52
8 78
9 92
10 93
11 105
12 80
13 85
14 61
15 33
16 20
17 14
18 11
19 9
20 8
21 3
22 0
23 0
last timestep 23
node 629 iteration 2
0 0
1 3
2 1
3 0
4 0
last timestep 4
node 629 iteration 3
0 0
1 2
2 3
3 10
4 14
5 13
6 24
7 22
8 24
9 42
10 63
11 59
12 75
13 57
14 59
15 63
16 37
17 28
18 25
19 24
20 20
21 13
22 6
23 5
24 4
25 3
26 2
27 0
28 0
last timestep 28
node 629 iteration 4
0 0
1 2
2 2
3 3
4 9
5 6
6 11
7 25
8 38
9 44
10 54
11 60
12 84
13 78
14 100
15 81
16 66
17 65
18 33
19 19
20 12
21 9
22 6
23 3
24 3
25 4
26 2
27 1
28 0
29 0
last timestep 29
node 629 iteration 5
0 0
1 6
2 25
3 17
4 36
5 49
6 78
7 83
8 90
9 90
10 81
11 73
12 64
13 41
14 36
15 13
16 5
17 5
18 5
19 1
20 2
21 0
22 0
last timestep 22
node 629 iteration 6
0 0
1 5
2 3
3 15
4 21
5 26
6 31
7 53
8 59
9 76
10 84
11 64
12 57
13 63
14 49
15 41
16 38
17 24
18 19
19 10
20 8
21 3
22 2
23 6
24 4
25 1
26 0
27 0
last timestep 27
node 629 iteration 7
0 0
1 3
2 1
3 4
4 3
5 6
6 5
7 14
8 15
9 18
10 33
11 42
12 49
13 47
14 58
15 48
16 45
17 55
18 50
19 46
20 37
21 21
22 21
23 22
24 14
25 12
26 20
27 12
28 10
29 8
30 5
31 6
32 3
33 1
34 4
35 6
36 5
37 3
38 1
39 2
40 2
41 1
42 2
43 0
44 0
last timestep 44
node 629 iteration 8
0 0
1 2
2 1
3 4
4 9
5 15
6 38
7 62
8 72
9 86
10 94
11 110
12 99
13 80
14 51
15 37
16 30
17 13
18 10
19 11
20 10
21 5
22 7
23 6
24 3
25 0
26 0
last timestep 26
node 629 iteration 9
0 0
1 4
2 6
3 4
4 11
5 22
6 26
7 34
8 60
9 48
10 82
11 95
12 79
13 71
14 66
15 41
16 37
17 29
18 13
19 7
20 6
21 2
22 2
23 1
24 0
25 0
last timestep 25
