node 318 iteration 0
0 0
1 0
2 0
last timestep 2
node 318 iteration 1
0 0
1 1
2 0
3 0
last timestep 3
node 318 iteration 2
0 0
1 2
2 4
3 5
4 6
5 8
6 9
7 16
8 22
9 47
10 63
11 89
12 101
13 104
14 102
15 98
16 53
17 26
18 19
19 16
20 7
21 4
22 0
23 1
24 1
25 0
last timestep 25
node 318 iteration 3
0 0
1 1
2 1
3 2
4 1
5 5
6 3
7 5
8 3
9 3
10 5
11 12
12 9
13 18
14 35
15 52
16 59
17 83
18 90
19 104
20 99
21 77
22 50
23 39
24 26
25 17
26 11
27 5
28 4
29 4
30 1
31 4
32 7
33 3
34 2
35 0
36 0
last timestep 36
node 318 iteration 4
0 0
1 0
2 0
last timestep 2
node 318 iteration 5
0 0
1 0
2 0
last timestep 2
node 318 iteration 6
0 0
1 0
2 0
last timestep 2
node 318 iteration 7
0 0
1 5
2 7
3 6
4 6
5 30
6 29
7 56
8 51
9 76
10 77
11 52
12 56
13 59
14 57
15 35
16 40
17 27
18 19
19 17
20 13
21 7
22 2
23 5
24 2
25 1
26 0
27 0
last timestep 27
node 318 iteration 8
0 0
1 1
2 1
3 1
4 2
5 3
6 9
7 9
8 9
9 20
10 46
11 60
12 78
13 78
14 78
15 97
16 75
17 60
18 69
19 67
20 42
21 29
22 31
23 14
24 10
25 15
26 16
27 11
28 17
29 10
30 10
31 4
32 3
33 3
34 0
35 0
last timestep 35
node 318 iteration 9
0 0
1 2
2 4
3 12
4 10
5 26
6 29
7 34
8 48
9 66
10 102
11 96
12 97
13 61
14 75
15 39
16 35
17 22
18 25
19 28
20 16
21 6
22 6
23 2
24 0
25 1
26 0
last timestep 26
