node 1514 iteration 0
0 0
1 6
2 1
3 5
4 5
5 9
6 13
7 12
8 20
9 45
10 52
11 58
12 76
13 87
14 95
15 96
16 93
17 58
18 40
19 39
20 21
21 11
22 4
23 5
24 4
25 2
26 2
27 2
28 0
29 0
last timestep 29
node 1514 iteration 1
0 0
1 2
2 2
3 2
4 8
5 19
6 37
7 55
8 87
9 94
10 95
11 94
12 82
13 77
14 49
15 35
16 15
17 9
18 6
19 8
20 3
21 2
22 0
23 0
last timestep 23
node 1514 iteration 2
0 0
1 2
2 8
3 13
4 33
5 50
6 62
7 83
8 86
9 107
10 87
11 63
12 57
13 53
14 33
15 26
16 16
17 7
18 6
19 15
20 7
21 7
22 8
23 11
24 2
25 1
26 0
27 0
last timestep 27
node 1514 iteration 3
0 0
1 2
2 6
3 9
4 7
5 12
6 15
7 17
8 27
9 29
10 30
11 28
12 26
13 37
14 52
15 55
16 55
17 53
18 49
19 41
20 45
21 26
22 21
23 15
24 8
25 15
26 10
27 9
28 4
29 2
30 2
31 1
32 1
33 7
34 1
35 5
36 4
37 4
38 7
39 4
40 2
41 2
42 1
43 0
44 0
last timestep 44
node 1514 iteration 4
0 0
1 2
2 0
3 0
last timestep 3
node 1514 iteration 5
0 0
1 4
2 5
3 3
4 9
5 8
6 10
7 14
8 17
9 25
10 53
11 76
12 96
13 119
14 121
15 88
16 78
17 73
18 60
19 47
20 23
21 13
22 12
23 5
24 2
25 1
26 2
27 1
28 0
29 0
last timestep 29
node 1514 iteration 6
0 0
1 6
2 7
3 5
4 4
5 4
6 3
7 4
8 1
9 1
10 1
11 0
12 0
last timestep 12
node 1514 iteration 7
0 0
1 5
2 4
3 4
4 7
5 10
6 22
7 43
8 51
9 75
10 106
11 123
12 97
13 93
14 64
15 47
16 33
17 10
18 9
19 8
20 3
21 1
22 0
23 0
last timestep 23
node 1514 iteration 8
0 0
1 2
2 5
3 2
4 7
5 6
6 6
7 5
8 6
9 11
10 16
11 28
12 35
13 41
14 68
15 64
16 106
17 78
18 70
19 49
20 39
21 26
22 13
23 9
24 5
25 3
26 4
27 3
28 0
29 0
last timestep 29
node 1514 iteration 9
0 0
1 2
2 0
3 0
last timestep 3
