node 691 iteration 0
0 0
1 1
2 1
3 7
4 14
5 24
6 21
7 26
8 27
9 44
10 43
11 51
12 66
13 72
14 70
15 64
16 48
17 42
18 32
19 33
20 38
21 29
22 18
23 19
24 9
25 6
26 10
27 8
28 1
29 0
30 0
last timestep 30
node 691 iteration 1
0 0
1 4
2 2
3 2
4 8
5 13
6 16
7 41
8 47
9 66
10 99
11 110
12 104
13 89
14 82
15 59
16 30
17 11
18 10
19 8
20 6
21 4
22 6
23 1
24 5
25 1
26 0
27 0
last timestep 27
node 691 iteration 2
0 0
1 2
2 0
3 0
last timestep 3
node 691 iteration 3
0 0
1 1
2 1
3 0
4 0
last timestep 4
node 691 iteration 4
0 0
1 5
2 14
3 12
4 34
5 46
6 48
7 66
8 86
9 107
10 87
11 76
12 61
13 45
14 40
15 32
16 18
17 12
18 9
19 5
20 0
21 0
last timestep 21
node 691 iteration 5
0 0
1 2
2 3
3 8
4 7
5 13
6 20
7 22
8 52
9 84
10 86
11 73
12 71
13 87
14 82
15 73
16 55
17 35
18 20
19 11
20 11
21 6
22 3
23 4
24 2
25 0
26 0
last timestep 26
node 691 iteration 6
0 0
1 0
2 0
last timestep 2
node 691 iteration 7
0 0
1 1
2 2
3 5
4 9
5 12
6 9
7 15
8 25
9 40
10 83
11 86
12 92
13 105
14 73
15 70
16 47
17 27
18 17
19 4
20 4
21 4
22 1
23 2
24 2
25 0
26 0
last timestep 26
node 691 iteration 8
0 0
1 1
2 4
3 14
4 26
5 36
6 54
7 60
8 77
9 81
10 83
11 84
12 69
13 47
14 40
15 27
16 19
17 11
18 6
19 4
20 1
21 2
22 0
23 0
last timestep 23
node 691 iteration 9
0 0
1 4
2 5
3 8
4 9
5 12
6 18
7 31
8 34
9 51
10 60
11 71
12 73
13 64
14 62
15 50
16 35
17 26
18 21
19 20
20 16
21 22
22 18
23 4
24 2
25 5
26 0
27 0
last timestep 27
