node 493 iteration 0
0 0
1 0
2 0
last timestep 2
node 493 iteration 1
0 0
1 1
2 1
3 0
4 0
last timestep 4
node 493 iteration 2
0 0
1 1
2 1
3 3
4 8
5 13
6 36
7 46
8 56
9 69
10 85
11 90
12 92
13 100
14 75
15 36
16 23
17 11
18 11
19 10
20 8
21 3
22 2
23 0
24 1
25 2
26 1
27 0
last timestep 27
node 493 iteration 3
0 0
1 1
2 3
3 6
4 8
5 9
6 15
7 13
8 20
9 27
10 50
11 65
12 72
13 65
14 86
15 70
16 62
17 68
18 40
19 27
20 17
21 11
22 10
23 3
24 1
25 0
26 2
27 0
last timestep 27
node 493 iteration 4
0 0
1 3
2 3
3 11
4 13
5 23
6 28
7 31
8 42
9 58
10 85
11 72
12 71
13 67
14 51
15 47
16 41
17 25
18 23
19 15
20 6
21 3
22 1
23 0
24 0
last timestep 24
node 493 iteration 5
0 0
1 0
2 0
last timestep 2
node 493 iteration 6
0 0
1 1
2 3
3 6
4 4
5 6
6 3
7 5
8 6
9 8
10 11
11 6
12 17
13 16
14 26
15 32
16 45
17 61
18 39
19 46
20 47
21 61
22 56
23 58
24 51
25 32
26 31
27 24
28 13
29 5
30 6
31 1
32 0
33 0
last timestep 33
node 493 iteration 7
0 0
1 1
2 1
3 6
4 10
5 25
6 25
7 41
8 69
9 89
10 98
11 108
12 96
13 85
14 73
15 51
16 41
17 27
18 15
19 8
20 10
21 7
22 6
23 3
24 0
25 0
last timestep 25
node 493 iteration 8
0 0
1 1
2 0
3 0
last timestep 3
node 493 iteration 9
0 0
1 1
2 1
3 2
4 0
5 0
last timestep 5
