node 1748 iteration 0
0 0
1 3
2 6
3 8
4 11
5 11
6 12
7 31
8 41
9 60
10 57
11 59
12 79
13 77
14 89
15 66
16 65
17 67
18 33
19 29
20 19
21 13
22 9
23 4
24 2
25 3
26 3
27 1
28 0
29 1
30 1
31 0
last timestep 31
node 1748 iteration 1
0 0
1 5
2 7
3 10
4 21
5 29
6 63
7 66
8 101
9 115
10 103
11 108
12 80
13 46
14 54
15 16
16 16
17 11
18 3
19 7
20 6
21 2
22 0
23 0
last timestep 23
node 1748 iteration 2
0 0
1 3
2 8
3 8
4 11
5 19
6 17
7 35
8 55
9 69
10 64
11 70
12 65
13 57
14 59
15 51
16 42
17 27
18 33
19 32
20 23
21 9
22 9
23 9
24 8
25 2
26 2
27 1
28 2
29 2
30 4
31 2
32 2
33 0
34 0
last timestep 34
node 1748 iteration 3
0 0
1 1
2 1
3 0
4 0
last timestep 4
node 1748 iteration 4
0 0
1 1
2 1
3 2
4 1
5 0
6 0
last timestep 6
node 1748 iteration 5
0 0
1 1
2 2
3 4
4 1
5 1
6 2
7 4
8 1
9 1
10 1
11 3
12 15
13 22
14 37
15 54
16 65
17 79
18 98
19 90
20 72
21 59
22 41
23 24
24 14
25 13
26 6
27 3
28 8
29 1
30 1
31 0
32 1
33 1
34 0
last timestep 34
node 1748 iteration 6
0 0
1 4
2 5
3 5
4 1
5 0
6 0
last timestep 6
node 1748 iteration 7
0 0
1 2
2 2
3 0
4 0
last timestep 4
node 1748 iteration 8
0 0
1 2
2 2
3 2
4 5
5 4
6 6
7 10
8 10
9 13
10 15
11 24
12 44
13 59
14 77
15 87
16 112
17 102
18 82
19 65
20 39
21 23
22 15
23 12
24 5
25 4
26 7
27 1
28 2
29 2
30 5
31 2
32 2
33 2
34 2
35 0
36 0
last timestep 36
node 1748 iteration 9
0 0
1 2
2 5
3 11
4 9
5 12
6 20
7 24
8 33
9 54
10 81
11 93
12 98
13 112
14 104
15 75
16 39
17 36
18 14
19 8
20 2
21 1
22 0
23 0
last timestep 23
