node 2018 iteration 0
0 0
1 0
2 0
last timestep 2
node 2018 iteration 1
0 0
1 1
2 0
3 0
last timestep 3
node 2018 iteration 2
0 0
1 2
2 0
3 0
last timestep 3
node 2018 iteration 3
0 0
1 4
2 5
3 11
4 22
5 30
6 47
7 46
8 74
9 96
10 95
11 71
12 86
13 78
14 51
15 31
16 12
17 10
18 8
19 3
20 0
21 0
last timestep 21
node 2018 iteration 4
0 0
1 6
2 5
3 11
4 8
5 11
6 12
7 12
8 12
9 23
10 46
11 51
12 74
13 91
14 105
15 95
16 76
17 49
18 28
19 13
20 8
21 5
22 3
23 4
24 3
25 4
26 3
27 5
28 3
29 4
30 1
31 0
32 0
last timestep 32
node 2018 iteration 5
0 0
1 3
2 10
3 19
4 34
5 45
6 59
7 88
8 83
9 94
10 74
11 67
12 67
13 35
14 32
15 25
16 8
17 7
18 6
19 5
20 3
21 5
22 2
23 1
24 0
25 0
last timestep 25
node 2018 iteration 6
0 0
1 0
2 1
3 4
4 11
5 6
6 7
7 12
8 25
9 32
10 54
11 69
12 92
13 97
14 96
15 115
16 103
17 75
18 56
19 41
20 27
21 11
22 5
23 2
24 2
25 2
26 1
27 1
28 0
last timestep 28
node 2018 iteration 7
0 0
1 4
2 9
3 27
4 43
5 65
6 66
7 91
8 122
9 105
10 86
11 57
12 52
13 33
14 14
15 12
16 14
17 9
18 5
19 3
20 3
21 0
22 0
last timestep 22
node 2018 iteration 8
0 0
1 1
2 3
3 5
4 11
5 16
6 36
7 35
8 60
9 80
10 108
11 92
12 89
13 74
14 58
15 52
16 36
17 16
18 13
19 11
20 15
21 6
22 4
23 1
24 4
25 0
26 0
last timestep 26
node 2018 iteration 9
0 0
1 2
2 1
3 2
4 8
5 10
6 10
7 14
8 22
9 19
10 32
11 33
12 45
13 50
14 46
15 59
16 52
17 48
18 46
19 56
20 44
21 30
22 23
23 20
24 23
25 21
26 24
27 8
28 5
29 1
30 0
31 0
last timestep 31
