node 770 iteration 0
0 0
1 3
2 2
3 5
4 3
5 4
6 5
7 3
8 12
9 16
10 27
11 50
12 67
13 93
14 101
15 91
16 75
17 66
18 60
19 41
20 36
21 27
22 11
23 9
24 4
25 1
26 0
27 0
last timestep 27
node 770 iteration 1
0 0
1 5
2 2
3 4
4 6
5 6
6 10
7 21
8 28
9 54
10 58
11 82
12 82
13 107
14 86
15 74
16 61
17 24
18 13
19 6
20 9
21 4
22 2
23 0
24 0
last timestep 24
node 770 iteration 2
0 0
1 2
2 1
3 2
4 4
5 4
6 11
7 6
8 7
9 10
10 25
11 30
12 23
13 33
14 43
15 69
16 63
17 72
18 47
19 44
20 39
21 35
22 22
23 16
24 4
25 2
26 0
27 1
28 1
29 0
last timestep 29
node 770 iteration 3
0 0
1 3
2 1
3 0
4 0
last timestep 4
node 770 iteration 4
0 0
1 1
2 0
3 2
4 6
5 7
6 12
7 10
8 21
9 24
10 33
11 69
12 91
13 107
14 106
15 95
16 60
17 46
18 36
19 27
20 23
21 8
22 4
23 2
24 1
25 0
last timestep 25
node 770 iteration 5
0 0
1 1
2 1
3 5
4 5
5 9
6 23
7 17
8 27
9 26
10 28
11 36
12 35
13 50
14 45
15 58
16 39
17 39
18 32
19 24
20 16
21 11
22 13
23 6
24 6
25 2
26 1
27 0
28 0
last timestep 28
node 770 iteration 6
0 0
1 5
2 5
3 12
4 20
5 38
6 60
7 59
8 88
9 87
10 82
11 81
12 81
13 51
14 38
15 31
16 11
17 9
18 5
19 3
20 4
21 3
22 1
23 0
24 0
last timestep 24
node 770 iteration 7
0 0
1 2
2 3
3 3
4 1
5 2
6 2
7 1
8 2
9 4
10 7
11 7
12 14
13 16
14 26
15 41
16 75
17 62
18 66
19 42
20 46
21 52
22 50
23 48
24 13
25 11
26 16
27 8
28 14
29 5
30 8
31 5
32 2
33 1
34 0
35 0
last timestep 35
node 770 iteration 8
0 0
1 1
2 5
3 2
4 3
5 6
6 7
7 6
8 10
9 9
10 16
11 17
12 31
13 48
14 65
15 73
16 74
17 60
18 60
19 40
20 42
21 43
22 31
23 35
24 16
25 13
26 14
27 7
28 6
29 8
30 2
31 0
32 0
last timestep 32
node 770 iteration 9
0 0
1 7
2 10
3 14
4 12
5 15
6 14
7 26
8 52
9 86
10 78
11 87
12 82
13 61
14 52
15 44
16 30
17 21
18 17
19 15
20 4
21 5
22 6
23 3
24 2
25 2
26 0
27 0
last timestep 27
