node 979 iteration 0
0 0
1 3
2 1
3 1
4 1
5 0
6 0
last timestep 6
node 979 iteration 1
0 0
1 4
2 2
3 2
4 3
5 5
6 0
7 2
8 0
last timestep 8
node 979 iteration 2
0 0
1 1
2 0
3 0
last timestep 3
node 979 iteration 3
0 0
1 7
2 6
3 8
4 12
5 16
6 20
7 35
8 30
9 70
10 99
11 94
12 80
13 73
14 68
15 47
16 37
17 24
18 21
19 17
20 3
21 2
22 3
23 0
24 0
last timestep 24
node 979 iteration 4
0 0
1 6
2 4
3 12
4 16
5 31
6 48
7 57
8 69
9 74
10 76
11 86
12 74
13 64
14 46
15 39
16 27
17 16
18 12
19 5
20 2
21 5
22 3
23 3
24 2
25 0
26 0
last timestep 26
node 979 iteration 5
0 0
1 6
2 2
3 11
4 17
5 12
6 21
7 18
8 17
9 31
10 50
11 55
12 63
13 79
14 61
15 56
16 61
17 33
18 23
19 18
20 14
21 13
22 15
23 12
24 11
25 18
26 19
27 5
28 3
29 3
30 0
31 0
last timestep 31
node 979 iteration 6
0 0
1 2
2 3
3 7
4 14
5 19
6 24
7 26
8 59
9 80
10 93
11 88
12 92
13 83
14 47
15 47
16 32
17 17
18 5
19 3
20 2
21 4
22 2
23 2
24 0
25 0
last timestep 25
node 979 iteration 7
0 0
1 1
2 8
3 15
4 15
5 32
6 23
7 31
8 46
9 61
10 53
11 53
12 54
13 38
14 33
15 33
16 40
17 39
18 33
19 20
20 17
21 6
22 4
23 8
24 2
25 1
26 0
27 0
last timestep 27
node 979 iteration 8
0 0
1 5
2 14
3 27
4 36
5 50
6 60
7 61
8 71
9 85
10 82
11 65
12 54
13 42
14 40
15 37
16 29
17 25
18 13
19 6
20 4
21 1
22 0
23 0
last timestep 23
node 979 iteration 9
0 0
1 3
2 8
3 6
4 14
5 21
6 31
7 31
8 31
9 56
10 62
11 76
12 69
13 79
14 66
15 37
16 39
17 33
18 18
19 19
20 16
21 15
22 4
23 2
24 2
25 2
26 4
27 0
28 0
last timestep 28
