node 1217 iteration 0
0 0
1 0
2 0
last timestep 2
node 1217 iteration 1
0 0
1 1
2 4
3 3
4 9
5 18
6 23
7 37
8 46
9 72
10 65
11 82
12 78
13 87
14 75
15 57
16 50
17 31
18 34
19 22
20 10
21 12
22 4
23 3
24 6
25 3
26 5
27 2
28 1
29 3
30 1
31 2
32 3
33 3
34 0
35 0
last timestep 35
node 1217 iteration 2
0 0
1 5
2 10
3 15
4 22
5 26
6 49
7 60
8 63
9 86
10 62
11 61
12 48
13 35
14 47
15 36
16 18
17 14
18 15
19 6
20 7
21 9
22 2
23 0
24 0
last timestep 24
node 1217 iteration 3
0 0
1 2
2 3
3 7
4 14
5 18
6 32
7 42
8 60
9 99
10 111
11 128
12 110
13 96
14 62
15 29
16 15
17 8
18 7
19 1
20 0
21 0
last timestep 21
node 1217 iteration 4
0 0
1 6
2 11
3 14
4 19
5 28
6 35
7 59
8 71
9 89
10 76
11 57
12 54
13 54
14 28
15 25
16 19
17 9
18 11
19 16
20 6
21 2
22 0
23 0
last timestep 23
node 1217 iteration 5
0 0
1 3
2 5
3 8
4 14
5 19
6 25
7 23
8 39
9 51
10 59
11 68
12 81
13 86
14 85
15 53
16 40
17 36
18 28
19 18
20 11
21 5
22 1
23 1
24 0
25 0
last timestep 25
node 1217 iteration 6
0 0
1 1
2 4
3 7
4 19
5 24
6 36
7 43
8 52
9 69
10 69
11 74
12 94
13 81
14 79
15 75
16 46
17 36
18 15
19 11
20 3
21 1
22 2
23 0
24 0
last timestep 24
node 1217 iteration 7
0 0
1 2
2 2
3 3
4 3
5 5
6 7
7 18
8 27
9 33
10 40
11 57
12 63
13 72
14 67
15 68
16 67
17 58
18 34
19 28
20 20
21 19
22 10
23 11
24 14
25 10
26 6
27 7
28 0
29 0
last timestep 29
node 1217 iteration 8
0 0
1 2
2 3
3 2
4 3
5 8
6 12
7 14
8 21
9 38
10 78
11 89
12 102
13 97
14 90
15 76
16 64
17 39
18 21
19 16
20 5
21 4
22 2
23 7
24 6
25 3
26 2
27 3
28 3
29 0
30 0
last timestep 30
node 1217 iteration 9
0 0
1 1
2 0
3 0
last timestep 3
