node 1074 iteration 0
0 0
1 3
2 7
3 6
4 8
5 7
6 20
7 29
8 32
9 29
10 31
11 36
12 33
13 32
14 42
15 23
16 25
17 29
18 31
19 21
20 25
21 21
22 10
23 6
24 9
25 6
26 5
27 6
28 7
29 6
30 4
31 4
32 5
33 9
34 6
35 9
36 7
37 3
38 4
39 3
40 3
41 1
42 2
43 0
44 0
last timestep 44
node 1074 iteration 1
0 0
1 5
2 4
3 11
4 19
5 37
6 54
7 74
8 88
9 91
10 90
11 82
12 53
13 44
14 36
15 38
16 16
17 18
18 13
19 10
20 7
21 3
22 3
23 6
24 5
25 2
26 3
27 0
28 0
last timestep 28
node 1074 iteration 2
0 0
1 5
2 2
3 11
4 9
5 17
6 45
7 67
8 82
9 80
10 94
11 97
12 79
13 71
14 69
15 45
16 28
17 12
18 12
19 6
20 3
21 0
22 0
last timestep 22
node 1074 iteration 3
0 0
1 2
2 1
3 5
4 4
5 5
6 9
7 12
8 31
9 29
10 42
11 50
12 76
13 74
14 82
15 98
16 88
17 55
18 49
19 41
20 25
21 14
22 6
23 10
24 5
25 5
26 5
27 1
28 0
29 0
last timestep 29
node 1074 iteration 4
0 0
1 3
2 0
3 0
last timestep 3
node 1074 iteration 5
0 0
1 1
2 3
3 6
4 12
5 16
6 29
7 38
8 51
9 61
10 57
11 63
12 68
13 49
14 51
15 60
16 38
17 25
18 20
19 15
20 11
21 18
22 23
23 16
24 9
25 7
26 3
27 1
28 4
29 2
30 2
31 0
32 0
last timestep 32
node 1074 iteration 6
0 0
1 2
2 2
3 9
4 3
5 8
6 7
7 0
8 0
last timestep 8
node 1074 iteration 7
0 0
1 0
2 0
last timestep 2
node 1074 iteration 8
0 0
1 2
2 3
3 4
4 6
5 10
6 17
7 18
8 22
9 45
10 65
11 90
12 110
13 95
14 79
15 64
16 35
17 24
18 17
19 18
20 12
21 12
22 8
23 2
24 9
25 3
26 4
27 1
28 0
29 0
last timestep 29
node 1074 iteration 9
0 0
1 4
2 2
3 6
4 11
5 14
6 12
7 12
8 19
9 25
10 33
11 33
12 33
13 48
14 51
15 71
16 81
17 73
18 70
19 51
20 44
21 26
22 20
23 10
24 8
25 9
26 9
27 3
28 2
29 1
30 1
31 0
32 0
last timestep 32
