node 1107 iteration 0
0 0
1 6
2 15
3 25
4 38
5 58
6 65
7 70
8 74
9 70
10 66
11 61
12 68
13 51
14 39
15 24
16 9
17 11
18 3
19 4
20 3
21 3
22 5
23 0
24 0
last timestep 24
node 1107 iteration 1
0 0
1 5
2 13
3 39
4 40
5 48
6 55
7 66
8 75
9 73
10 59
11 54
12 42
13 29
14 27
15 12
16 17
17 11
18 7
19 4
20 0
21 0
last timestep 21
node 1107 iteration 2
0 0
1 7
2 12
3 17
4 16
5 31
6 47
7 71
8 88
9 99
10 100
11 94
12 93
13 69
14 48
15 31
16 21
17 15
18 10
19 7
20 7
21 3
22 1
23 3
24 0
25 0
last timestep 25
node 1107 iteration 3
0 0
1 3
2 1
3 1
4 5
5 12
6 23
7 38
8 51
9 63
10 85
11 93
12 84
13 79
14 63
15 51
16 52
17 38
18 31
19 13
20 9
21 6
22 2
23 2
24 0
25 0
last timestep 25
node 1107 iteration 4
0 0
1 7
2 8
3 12
4 19
5 15
6 22
7 36
8 51
9 52
10 70
11 59
12 83
13 83
14 83
15 87
16 44
17 32
18 20
19 15
20 6
21 3
22 0
23 0
last timestep 23
node 1107 iteration 5
0 0
1 6
2 3
3 0
4 3
5 7
6 9
7 13
8 41
9 63
10 73
11 111
12 112
13 113
14 92
15 81
16 58
17 37
18 27
19 7
20 4
21 3
22 7
23 9
24 5
25 0
last timestep 25
node 1107 iteration 6
0 0
1 6
2 12
3 16
4 28
5 31
6 31
7 38
8 52
9 82
10 109
11 106
12 97
13 89
14 61
15 39
16 28
17 16
18 7
19 2
20 2
21 0
22 0
last timestep 22
node 1107 iteration 7
0 0
1 9
2 22
3 30
4 35
5 50
6 71
7 84
8 102
9 100
10 74
11 53
12 40
13 28
14 29
15 23
16 16
17 12
18 14
19 9
20 7
21 6
22 2
23 3
24 2
25 4
26 4
27 4
28 3
29 0
30 0
last timestep 30
node 1107 iteration 8
0 0
1 9
2 7
3 9
4 22
5 23
6 32
7 33
8 43
9 54
10 60
11 57
12 49
13 51
14 65
15 63
16 69
17 63
18 51
19 22
20 13
21 6
22 4
23 1
24 1
25 0
26 0
last timestep 26
node 1107 iteration 9
0 0
1 2
2 4
3 11
4 16
5 40
6 36
7 56
8 71
9 101
10 97
11 78
12 68
13 61
14 50
15 46
16 25
17 26
18 6
19 5
20 2
21 4
22 2
23 4
24 2
25 1
26 0
27 1
28 0
last timestep 28
