node 156 iteration 0
0 0
1 3
2 3
3 3
4 12
5 19
6 35
7 38
8 65
9 81
10 86
11 100
12 109
13 99
14 69
15 32
16 26
17 18
18 16
19 7
20 2
21 0
22 1
23 2
24 1
25 0
last timestep 25
node 156 iteration 1
0 0
1 5
2 11
3 14
4 11
5 15
6 10
7 18
8 11
9 24
10 27
11 37
12 39
13 43
14 53
15 56
16 58
17 68
18 48
19 43
20 36
21 16
22 18
23 6
24 2
25 0
26 0
last timestep 26
node 156 iteration 2
0 0
1 6
2 11
3 8
4 15
5 21
6 36
7 62
8 89
9 100
10 87
11 91
12 102
13 93
14 77
15 44
16 20
17 26
18 10
19 5
20 2
21 0
22 0
last timestep 22
node 156 iteration 3
0 0
1 2
2 0
3 0
last timestep 3
node 156 iteration 4
0 0
1 5
2 5
3 6
4 15
5 17
6 29
7 38
8 37
9 77
10 93
11 94
12 94
13 70
14 73
15 54
16 25
17 12
18 6
19 7
20 4
21 4
22 2
23 9
24 1
25 2
26 1
27 0
28 0
last timestep 28
node 156 iteration 5
0 0
1 5
2 2
3 2
4 0
5 0
last timestep 5
node 156 iteration 6
0 0
1 5
2 7
3 10
4 8
5 7
6 3
7 11
8 19
9 35
10 42
11 52
12 84
13 74
14 71
15 71
16 85
17 78
18 60
19 41
20 20
21 6
22 5
23 3
24 3
25 1
26 1
27 0
28 0
last timestep 28
node 156 iteration 7
0 0
1 5
2 3
3 4
4 15
5 17
6 16
7 41
8 56
9 87
10 117
11 111
12 108
13 86
14 69
15 50
16 37
17 13
18 12
19 8
20 3
21 2
22 2
23 2
24 2
25 4
26 2
27 4
28 4
29 6
30 2
31 2
32 1
33 0
34 0
last timestep 34
node 156 iteration 8
0 0
1 2
2 1
3 1
4 6
5 6
6 15
7 17
8 26
9 27
10 27
11 43
12 86
13 111
14 102
15 98
16 94
17 73
18 42
19 27
20 23
21 14
22 9
23 9
24 5
25 2
26 1
27 2
28 0
29 0
last timestep 29
node 156 iteration 9
0 0
1 2
2 2
3 2
4 7
5 2
6 5
7 6
8 13
9 29
10 32
11 37
12 60
13 62
14 82
15 70
16 68
17 46
18 47
19 39
20 30
21 25
22 22
23 17
24 17
25 9
26 11
27 11
28 7
29 5
30 7
31 2
32 0
33 1
34 1
35 0
last timestep 35
