node 568 iteration 0
0 0
1 0
2 0
last timestep 2
node 568 iteration 1
0 0
1 1
2 4
3 17
4 28
5 29
6 62
7 89
8 99
9 114
10 116
11 83
12 76
13 69
14 34
15 23
16 17
17 12
18 6
19 3
20 5
21 2
22 3
23 2
24 1
25 0
26 0
last timestep 26
node 568 iteration 2
0 0
1 0
2 0
last timestep 2
node 568 iteration 3
0 0
1 0
2 0
last timestep 2
node 568 iteration 4
0 0
1 0
2 4
3 14
4 25
5 25
6 59
7 60
8 63
9 75
10 66
11 79
12 71
13 69
14 64
15 50
16 38
17 35
18 29
19 21
20 12
21 10
22 10
23 5
24 7
25 2
26 3
27 3
28 1
29 1
30 1
31 1
32 1
33 4
34 10
35 3
36 2
37 0
last timestep 37
node 568 iteration 5
0 0
1 1
2 0
3 3
4 8
5 20
6 21
7 46
8 52
9 73
10 79
11 82
12 78
13 72
14 65
15 54
16 23
17 13
18 10
19 2
20 3
21 1
22 0
last timestep 22
node 568 iteration 6
0 0
1 3
2 5
3 2
4 7
5 2
6 3
7 1
8 0
9 0
last timestep 9
node 568 iteration 7
0 0
1 3
2 3
3 3
4 0
5 0
last timestep 5
node 568 iteration 8
0 0
1 4
2 1
3 1
4 3
5 5
6 8
7 13
8 16
9 21
10 25
11 36
12 48
13 38
14 67
15 74
16 87
17 68
18 74
19 59
20 41
21 37
22 13
23 9
24 3
25 1
26 1
27 3
28 4
29 3
30 4
31 5
32 4
33 3
34 1
35 1
36 0
37 0
last timestep 37
node 568 iteration 9
0 0
1 0
2 0
last timestep 2
