node 2598 iteration 0
0 0
1 3
2 3
3 14
4 22
5 24
6 33
7 71
8 84
9 81
10 100
11 84
12 78
13 64
14 43
15 23
16 11
17 6
18 9
19 2
20 3
21 2
22 0
23 0
last timestep 23
node 2598 iteration 1
0 0
1 3
2 11
3 24
4 21
5 43
6 30
7 35
8 40
9 59
10 63
11 55
12 55
13 45
14 51
15 48
16 48
17 53
18 31
19 22
20 20
21 14
22 12
23 6
24 4
25 2
26 0
27 0
last timestep 27
node 2598 iteration 2
0 0
1 2
2 0
3 0
last timestep 3
node 2598 iteration 3
0 0
1 4
2 6
3 5
4 8
5 14
6 21
7 36
8 57
9 57
10 75
11 93
12 91
13 92
14 78
15 50
16 55
17 39
18 20
19 8
20 8
21 2
22 4
23 5
24 2
25 3
26 0
27 0
last timestep 27
node 2598 iteration 4
0 0
1 3
2 5
3 6
4 16
5 25
6 27
7 36
8 48
9 66
10 86
11 93
12 77
13 70
14 53
15 34
16 26
17 20
18 15
19 8
20 13
21 12
22 6
23 6
24 4
25 5
26 6
27 6
28 6
29 1
30 1
31 0
32 3
33 0
last timestep 33
node 2598 iteration 5
0 0
1 0
2 0
last timestep 2
node 2598 iteration 6
0 0
1 1
2 6
3 5
4 18
5 32
6 46
7 75
8 84
9 90
10 92
11 93
12 75
13 59
14 44
15 43
16 15
17 6
18 8
19 9
20 5
21 5
22 2
23 2
24 0
25 0
last timestep 25
node 2598 iteration 7
0 0
1 1
2 3
3 8
4 12
5 12
6 28
7 28
8 37
9 46
10 63
11 57
12 87
13 84
14 83
15 72
16 54
17 43
18 31
19 19
20 18
21 15
22 6
23 6
24 2
25 0
26 0
last timestep 26
node 2598 iteration 8
0 0
1 3
2 4
3 9
4 27
5 38
6 75
7 74
8 81
9 102
10 91
11 79
12 81
13 63
14 42
15 27
16 20
17 14
18 5
19 5
20 2
21 0
22 1
23 0
last timestep 23
node 2598 iteration 9
0 0
1 1
2 3
3 3
4 12
5 15
6 8
7 19
8 26
9 28
10 50
11 48
12 40
13 44
14 46
15 45
16 43
17 39
18 36
19 32
20 31
21 31
22 23
23 16
24 22
25 20
26 14
27 13
28 10
29 9
30 4
31 2
32 2
33 0
34 0
last timestep 34
