node 241 iteration 0
0 0
1 3
2 9
3 11
4 18
5 11
6 31
7 25
8 17
9 27
10 31
11 39
12 39
13 51
14 37
15 52
16 54
17 43
18 31
19 27
20 31
21 13
22 5
23 4
24 0
25 0
last timestep 25
node 241 iteration 1
0 0
1 8
2 10
3 10
4 21
5 48
6 48
7 68
8 75
9 83
10 77
11 68
12 78
13 49
14 54
15 49
16 43
17 32
18 19
19 15
20 9
21 2
22 0
23 0
last timestep 23
node 241 iteration 2
0 0
1 3
2 10
3 8
4 9
5 9
6 7
7 7
8 15
9 21
10 31
11 46
12 37
13 46
14 47
15 43
16 54
17 53
18 58
19 41
20 40
21 29
22 21
23 23
24 20
25 17
26 18
27 11
28 8
29 4
30 4
31 5
32 1
33 1
34 0
35 0
last timestep 35
node 241 iteration 3
0 0
1 1
2 2
3 4
4 3
5 6
6 11
7 13
8 14
9 29
10 31
11 49
12 55
13 67
14 77
15 73
16 74
17 75
18 58
19 47
20 43
21 27
22 26
23 15
24 12
25 2
26 1
27 0
28 0
last timestep 28
node 241 iteration 4
0 0
1 4
2 2
3 3
4 7
5 13
6 15
7 10
8 18
9 14
10 29
11 38
12 53
13 53
14 56
15 69
16 84
17 63
18 47
19 37
20 31
21 22
22 17
23 12
24 13
25 11
26 18
27 16
28 10
29 12
30 9
31 9
32 1
33 2
34 0
35 0
last timestep 35
node 241 iteration 5
0 0
1 3
2 2
3 1
4 0
5 2
6 4
7 7
8 7
9 6
10 5
11 3
12 4
13 12
14 17
15 13
16 24
17 40
18 51
19 48
20 77
21 85
22 81
23 67
24 41
25 41
26 30
27 15
28 9
29 13
30 7
31 3
32 4
33 1
34 1
35 1
36 0
last timestep 36
node 241 iteration 6
0 0
1 3
2 8
3 9
4 13
5 28
6 48
7 66
8 64
9 53
10 57
11 77
12 85
13 57
14 48
15 37
16 30
17 18
18 14
19 10
20 6
21 2
22 1
23 0
24 0
last timestep 24
node 241 iteration 7
0 0
1 3
2 2
3 4
4 3
5 6
6 11
7 19
8 21
9 17
10 34
11 40
12 43
13 78
14 97
15 103
16 79
17 86
18 76
19 53
20 32
21 13
22 13
23 8
24 4
25 4
26 5
27 6
28 8
29 3
30 7
31 3
32 4
33 5
34 1
35 1
36 0
37 0
last timestep 37
node 241 iteration 8
0 0
1 10
2 15
3 23
4 41
5 54
6 69
7 100
8 109
9 116
10 116
11 96
12 63
13 50
14 26
15 18
16 6
17 7
18 4
19 2
20 1
21 0
22 0
last timestep 22
node 241 iteration 9
0 0
1 6
2 4
3 8
4 14
5 19
6 56
7 62
8 100
9 77
10 81
11 92
12 72
13 54
14 35
15 26
16 21
17 18
18 15
19 12
20 10
21 3
22 5
23 3
24 1
25 0
26 0
last timestep 26
