node 2560 iteration 0
0 0
1 0
2 0
last timestep 2
node 2560 iteration 1
0 0
1 1
2 1
3 0
4 0
last timestep 4
node 2560 iteration 2
0 0
1 3
2 3
3 8
4 9
5 22
6 24
7 31
8 45
9 71
10 65
11 87
12 80
13 88
14 82
15 59
16 61
17 52
18 42
19 27
20 11
21 11
22 7
23 5
24 1
25 0
26 0
last timestep 26
node 2560 iteration 3
0 0
1 1
2 0
3 0
last timestep 3
node 2560 iteration 4
0 0
1 1
2 10
3 9
4 12
5 13
6 16
7 22
8 30
9 35
10 55
11 69
12 76
13 83
14 69
15 69
16 55
17 43
18 30
19 19
20 21
21 12
22 7
23 4
24 5
25 3
26 3
27 4
28 0
29 0
last timestep 29
node 2560 iteration 5
0 0
1 1
2 0
3 0
last timestep 3
node 2560 iteration 6
0 0
1 0
2 0
last timestep 2
node 2560 iteration 7
0 0
1 1
2 3
3 3
4 5
5 8
6 6
7 6
8 16
9 23
10 31
11 33
12 37
13 45
14 69
15 79
16 96
17 105
18 81
19 65
20 39
21 24
22 15
23 7
24 5
25 2
26 3
27 2
28 1
29 0
30 0
last timestep 30
node 2560 iteration 8
0 0
1 3
2 3
3 3
4 5
5 10
6 14
7 36
8 32
9 49
10 53
11 54
12 69
13 50
14 63
15 50
16 39
17 30
18 26
19 17
20 7
21 13
22 9
23 6
24 9
25 12
26 8
27 7
28 6
29 3
30 7
31 2
32 0
33 0
last timestep 33
node 2560 iteration 9
0 0
1 1
2 0
3 0
last timestep 3
