node 1044 iteration 0
0 0
1 3
2 7
3 9
4 9
5 29
6 32
7 48
8 50
9 70
10 85
11 81
12 74
13 75
14 45
15 33
16 14
17 18
18 9
19 9
20 2
21 0
22 3
23 3
24 1
25 2
26 0
last timestep 26
node 1044 iteration 1
0 0
1 1
2 0
3 0
last timestep 3
node 1044 iteration 2
0 0
1 1
2 1
3 0
4 0
last timestep 4
node 1044 iteration 3
0 0
1 2
2 1
3 3
4 5
5 6
6 19
7 41
8 47
9 79
10 87
11 90
12 87
13 85
14 68
15 45
16 39
17 27
18 19
19 7
20 0
21 1
22 0
last timestep 22
node 1044 iteration 4
0 0
1 4
2 9
3 27
4 42
5 50
6 65
7 89
8 89
9 105
10 80
11 74
12 69
13 42
14 36
15 14
16 9
17 7
18 5
19 3
20 2
21 2
22 2
23 1
24 1
25 0
26 0
last timestep 26
node 1044 iteration 5
0 0
1 4
2 3
3 5
4 3
5 6
6 15
7 15
8 32
9 47
10 63
11 81
12 123
13 100
14 99
15 78
16 49
17 29
18 24
19 21
20 8
21 7
22 3
23 1
24 1
25 0
26 0
last timestep 26
node 1044 iteration 6
0 0
1 2
2 5
3 9
4 12
5 27
6 36
7 47
8 59
9 67
10 90
11 65
12 75
13 68
14 63
15 52
16 40
17 25
18 11
19 12
20 3
21 4
22 1
23 0
24 0
last timestep 24
node 1044 iteration 7
0 0
1 2
2 2
3 2
4 4
5 7
6 10
7 12
8 22
9 23
10 41
11 73
12 50
13 68
14 66
15 60
16 54
17 46
18 53
19 30
20 28
21 8
22 5
23 3
24 5
25 7
26 2
27 0
28 0
last timestep 28
node 1044 iteration 8
0 0
1 1
2 0
3 0
last timestep 3
node 1044 iteration 9
0 0
1 6
2 10
3 11
4 18
5 40
6 49
7 69
8 71
9 79
10 87
11 68
12 67
13 44
14 49
15 42
16 25
17 22
18 12
19 14
20 13
21 5
22 5
23 3
24 3
25 0
26 0
last timestep 26
