node 571 iteration 0
0 0
1 5
2 15
3 16
4 27
5 41
6 64
7 82
8 83
9 78
10 76
11 69
12 62
13 37
14 36
15 27
16 25
17 18
18 11
19 11
20 6
21 6
22 1
23 3
24 1
25 0
26 0
last timestep 26
node 571 iteration 1
0 0
1 2
2 2
3 1
4 4
5 8
6 23
7 31
8 49
9 61
10 70
11 90
12 85
13 105
14 68
15 44
16 33
17 28
18 20
19 15
20 7
21 5
22 2
23 3
24 4
25 3
26 4
27 1
28 1
29 0
30 0
last timestep 30
node 571 iteration 2
0 0
1 4
2 6
3 19
4 40
5 52
6 97
7 119
8 137
9 98
10 79
11 60
12 21
13 12
14 13
15 9
16 3
17 2
18 2
19 6
20 1
21 2
22 0
23 0
last timestep 23
node 571 iteration 3
0 0
1 3
2 4
3 17
4 12
5 25
6 20
7 49
8 60
9 59
10 76
11 64
12 66
13 56
14 51
15 30
16 21
17 20
18 9
19 10
20 5
21 3
22 5
23 4
24 0
25 1
26 0
last timestep 26
node 571 iteration 4
0 0
1 2
2 3
3 5
4 6
5 11
6 14
7 33
8 32
9 28
10 30
11 33
12 29
13 40
14 42
15 40
16 31
17 35
18 30
19 55
20 50
21 43
22 35
23 34
24 27
25 21
26 11
27 8
28 2
29 4
30 0
31 0
last timestep 31
node 571 iteration 5
0 0
1 3
2 8
3 22
4 28
5 33
6 29
7 50
8 53
9 85
10 71
11 72
12 62
13 41
14 30
15 22
16 14
17 16
18 10
19 3
20 1
21 4
22 2
23 0
24 0
last timestep 24
node 571 iteration 6
0 0
1 5
2 5
3 6
4 12
5 24
6 31
7 37
8 39
9 36
10 55
11 82
12 84
13 59
14 61
15 51
16 46
17 36
18 36
19 14
20 25
21 22
22 13
23 8
24 5
25 7
26 6
27 4
28 6
29 0
30 0
last timestep 30
node 571 iteration 7
0 0
1 3
2 0
3 0
last timestep 3
node 571 iteration 8
0 0
1 1
2 0
3 0
last timestep 3
node 571 iteration 9
0 0
1 5
2 11
3 15
4 20
5 28
6 42
7 51
8 69
9 79
10 67
11 61
12 44
13 47
14 55
15 30
16 21
17 19
18 16
19 7
20 10
21 7
22 6
23 8
24 7
25 3
26 3
27 1
28 1
29 2
30 2
31 0
32 0
last timestep 32
