node 1133 iteration 0
0 0
1 6
2 9
3 17
4 23
5 46
6 70
7 74
8 69
9 77
10 81
11 71
12 70
13 41
14 31
15 32
16 22
17 16
18 11
19 10
20 8
21 5
22 3
23 1
24 1
25 0
26 0
last timestep 26
node 1133 iteration 1
0 0
1 2
2 0
3 0
last timestep 3
node 1133 iteration 2
0 0
1 1
2 3
3 16
4 23
5 29
6 60
7 67
8 82
9 98
10 99
11 98
12 55
13 47
14 32
15 17
16 11
17 7
18 1
19 1
20 2
21 2
22 0
23 0
last timestep 23
node 1133 iteration 3
0 0
1 2
2 0
3 0
last timestep 3
node 1133 iteration 4
0 0
1 6
2 9
3 13
4 17
5 36
6 52
7 59
8 91
9 113
10 111
11 83
12 70
13 49
14 24
15 16
16 13
17 16
18 12
19 11
20 4
21 0
22 1
23 0
last timestep 23
node 1133 iteration 5
0 0
1 4
2 6
3 12
4 8
5 22
6 18
7 40
8 62
9 53
10 74
11 73
12 74
13 72
14 49
15 33
16 26
17 12
18 8
19 6
20 4
21 1
22 1
23 0
24 0
last timestep 24
node 1133 iteration 6
0 0
1 7
2 7
3 12
4 15
5 29
6 48
7 48
8 48
9 57
10 56
11 58
12 71
13 83
14 74
15 50
16 44
17 28
18 13
19 11
20 8
21 6
22 1
23 3
24 4
25 0
26 0
last timestep 26
node 1133 iteration 7
0 0
1 2
2 0
3 0
last timestep 3
node 1133 iteration 8
0 0
1 3
2 3
3 3
4 16
5 27
6 32
7 47
8 56
9 76
10 88
11 95
12 72
13 60
14 40
15 33
16 37
17 28
18 23
19 25
20 12
21 9
22 11
23 9
24 2
25 0
26 0
last timestep 26
node 1133 iteration 9
0 0
1 4
2 3
3 8
4 11
5 17
6 16
7 23
8 31
9 46
10 48
11 57
12 58
13 54
14 57
15 69
16 56
17 54
18 58
19 45
20 30
21 18
22 11
23 6
24 2
25 0
26 0
last timestep 26
