node 364 iteration 0
0 0
1 5
2 15
3 19
4 27
5 42
6 47
7 70
8 88
9 87
10 108
11 100
12 63
13 44
14 29
15 18
16 9
17 8
18 2
19 1
20 0
21 0
last timestep 21
node 364 iteration 1
0 0
1 4
2 2
3 3
4 1
5 0
6 0
last timestep 6
node 364 iteration 2
0 0
1 4
2 1
3 0
4 0
last timestep 4
node 364 iteration 3
0 0
1 4
2 6
3 8
4 8
5 12
6 9
7 10
8 13
9 36
10 37
11 57
12 73
13 79
14 89
15 78
16 58
17 42
18 26
19 30
20 20
21 18
22 12
23 6
24 4
25 2
26 2
27 2
28 0
29 0
last timestep 29
node 364 iteration 4
0 0
1 1
2 0
3 0
last timestep 3
node 364 iteration 5
0 0
1 5
2 6
3 16
4 16
5 31
6 38
7 41
8 54
9 69
10 87
11 106
12 83
13 56
14 47
15 21
16 24
17 14
18 12
19 4
20 2
21 1
22 0
23 0
last timestep 23
node 364 iteration 6
0 0
1 1
2 0
3 0
last timestep 3
node 364 iteration 7
0 0
1 0
2 0
last timestep 2
node 364 iteration 8
0 0
1 4
2 4
3 6
4 8
5 32
6 45
7 49
8 92
9 102
10 99
11 85
12 76
13 60
14 32
15 15
16 10
17 8
18 4
19 1
20 0
21 1
22 0
last timestep 22
node 364 iteration 9
0 0
1 4
2 9
3 14
4 20
5 30
6 50
7 53
8 61
9 57
10 60
11 61
12 84
13 61
14 42
15 40
16 27
17 26
18 20
19 11
20 8
21 5
22 3
23 6
24 6
25 4
26 2
27 5
28 2
29 5
30 0
31 0
last timestep 31
