node 317 iteration 0
0 0
1 0
2 0
last timestep 2
node 317 iteration 1
0 0
1 0
2 0
last timestep 2
node 317 iteration 2
0 0
1 1
2 0
3 0
last timestep 3
node 317 iteration 3
0 0
1 2
2 2
3 3
4 5
5 13
6 23
7 31
8 43
9 56
10 73
11 87
12 80
13 90
14 89
15 75
16 72
17 50
18 29
19 17
20 14
21 12
22 10
23 1
24 2
25 0
26 0
last timestep 26
node 317 iteration 4
0 0
1 3
2 2
3 4
4 10
5 13
6 13
7 22
8 47
9 56
10 68
11 86
12 103
13 72
14 93
15 62
16 46
17 37
18 22
19 20
20 9
21 6
22 3
23 1
24 0
25 0
last timestep 25
node 317 iteration 5
0 0
1 3
2 3
3 4
4 6
5 9
6 21
7 27
8 44
9 52
10 74
11 95
12 96
13 104
14 86
15 71
16 56
17 37
18 17
19 17
20 10
21 7
22 3
23 3
24 3
25 2
26 2
27 2
28 1
29 0
30 0
last timestep 30
node 317 iteration 6
0 0
1 2
2 2
3 2
4 5
5 10
6 15
7 22
8 27
9 33
10 36
11 47
12 56
13 51
14 59
15 69
16 71
17 62
18 48
19 38
20 29
21 18
22 17
23 14
24 5
25 4
26 3
27 1
28 1
29 0
30 0
last timestep 30
node 317 iteration 7
0 0
1 0
2 0
last timestep 2
node 317 iteration 8
0 0
1 1
2 1
3 1
4 1
5 0
6 0
last timestep 6
node 317 iteration 9
0 0
1 1
2 1
3 4
4 8
5 6
6 11
7 10
8 11
9 20
10 37
11 40
12 62
13 86
14 102
15 77
16 76
17 62
18 57
19 44
20 38
21 26
22 21
23 8
24 10
25 4
26 0
27 0
last timestep 27
