node 1231 iteration 0
0 0
1 2
2 0
3 0
last timestep 3
node 1231 iteration 1
0 0
1 3
2 3
3 0
4 0
last timestep 4
node 1231 iteration 2
0 0
1 7
2 10
3 8
4 13
5 15
6 39
7 38
8 31
9 64
10 80
11 91
12 110
13 93
14 84
15 61
16 47
17 22
18 16
19 7
20 11
21 4
22 3
23 4
24 3
25 2
26 1
27 1
28 0
29 0
last timestep 29
node 1231 iteration 3
0 0
1 2
2 2
3 7
4 12
5 21
6 25
7 28
8 50
9 56
10 65
11 74
12 71
13 67
14 73
15 69
16 63
17 39
18 45
19 36
20 32
21 17
22 11
23 9
24 8
25 4
26 1
27 2
28 1
29 1
30 0
31 0
last timestep 31
node 1231 iteration 4
0 0
1 3
2 5
3 2
4 2
5 1
6 4
7 12
8 13
9 20
10 33
11 40
12 44
13 51
14 55
15 75
16 80
17 72
18 85
19 49
20 42
21 24
22 27
23 27
24 24
25 12
26 6
27 0
28 0
last timestep 28
node 1231 iteration 5
0 0
1 0
2 0
last timestep 2
node 1231 iteration 6
0 0
1 2
2 16
3 10
4 28
5 47
6 54
7 64
8 63
9 72
10 74
11 70
12 63
13 55
14 48
15 41
16 27
17 14
18 9
19 9
20 8
21 4
22 1
23 0
24 0
last timestep 24
node 1231 iteration 7
0 0
1 1
2 5
3 3
4 13
5 19
6 34
7 44
8 79
9 96
10 102
11 105
12 100
13 57
14 42
15 29
16 16
17 14
18 7
19 5
20 5
21 2
22 5
23 2
24 2
25 0
26 0
last timestep 26
node 1231 iteration 8
0 0
1 2
2 0
3 0
last timestep 3
node 1231 iteration 9
0 0
1 1
2 1
3 5
4 2
5 4
6 4
7 0
8 0
last timestep 8
