node 1928 iteration 0
0 0
1 3
2 2
3 1
4 0
5 0
last timestep 5
node 1928 iteration 1
0 0
1 4
2 1
3 1
4 1
5 3
6 4
7 2
8 2
9 7
10 9
11 17
12 20
13 39
14 50
15 69
16 84
17 105
18 89
19 80
20 70
21 51
22 37
23 18
24 16
25 5
26 3
27 2
28 6
29 4
30 4
31 1
32 2
33 0
34 0
last timestep 34
node 1928 iteration 2
0 0
1 3
2 1
3 5
4 1
5 3
6 3
7 8
8 24
9 40
10 60
11 68
12 80
13 78
14 88
15 60
16 38
17 36
18 31
19 25
20 24
21 6
22 7
23 7
24 1
25 1
26 0
27 0
last timestep 27
node 1928 iteration 3
0 0
1 5
2 3
3 1
4 0
5 0
last timestep 5
node 1928 iteration 4
0 0
1 5
2 4
3 6
4 10
5 13
6 16
7 20
8 23
9 29
10 29
11 40
12 45
13 68
14 75
15 64
16 54
17 47
18 46
19 41
20 21
21 20
22 9
23 7
24 4
25 1
26 1
27 0
28 0
last timestep 28
node 1928 iteration 5
0 0
1 8
2 10
3 8
4 8
5 11
6 10
7 32
8 44
9 58
10 88
11 107
12 127
13 101
14 94
15 56
16 38
17 22
18 13
19 0
20 5
21 1
22 2
23 0
last timestep 23
node 1928 iteration 6
0 0
1 2
2 4
3 4
4 9
5 9
6 16
7 13
8 16
9 18
10 26
11 35
12 64
13 76
14 63
15 44
16 38
17 36
18 46
19 24
20 25
21 19
22 14
23 5
24 6
25 5
26 5
27 2
28 2
29 1
30 2
31 1
32 0
33 0
last timestep 33
node 1928 iteration 7
0 0
1 5
2 17
3 19
4 26
5 38
6 62
7 69
8 75
9 79
10 82
11 61
12 52
13 37
14 38
15 21
16 21
17 18
18 7
19 7
20 7
21 4
22 5
23 6
24 3
25 5
26 1
27 4
28 5
29 3
30 5
31 0
32 1
33 0
last timestep 33
node 1928 iteration 8
0 0
1 5
2 4
3 8
4 16
5 17
6 11
7 14
8 36
9 42
10 33
11 41
12 32
13 42
14 41
15 58
16 45
17 34
18 29
19 40
20 38
21 26
22 17
23 9
24 3
25 3
26 2
27 2
28 1
29 0
30 0
last timestep 30
node 1928 iteration 9
0 0
1 5
2 6
3 3
4 2
5 2
6 8
7 17
8 17
9 34
10 43
11 74
12 86
13 101
14 94
15 99
16 63
17 64
18 42
19 23
20 17
21 14
22 12
23 12
24 7
25 1
26 2
27 1
28 1
29 1
30 2
31 0
32 0
last timestep 32
