node 1529 iteration 0
0 0
1 1
2 3
3 10
4 16
5 29
6 28
7 26
8 52
9 56
10 62
11 74
12 62
13 79
14 69
15 50
16 33
17 26
18 29
19 28
20 21
21 13
22 8
23 10
24 5
25 9
26 12
27 8
28 6
29 7
30 1
31 1
32 0
33 0
last timestep 33
node 1529 iteration 1
0 0
1 3
2 7
3 10
4 7
5 9
6 9
7 33
8 34
9 67
10 82
11 89
12 105
13 80
14 68
15 58
16 46
17 39
18 24
19 11
20 3
21 4
22 6
23 5
24 2
25 0
26 0
last timestep 26
node 1529 iteration 2
0 0
1 2
2 6
3 14
4 21
5 13
6 20
7 15
8 24
9 35
10 39
11 49
12 64
13 66
14 76
15 72
16 50
17 50
18 32
19 41
20 33
21 20
22 15
23 12
24 11
25 1
26 0
27 0
last timestep 27
node 1529 iteration 3
0 0
1 0
2 0
last timestep 2
node 1529 iteration 4
0 0
1 1
2 8
3 7
4 10
5 14
6 17
7 20
8 25
9 40
10 73
11 90
12 92
13 78
14 81
15 89
16 75
17 49
18 33
19 18
20 16
21 11
22 3
23 7
24 3
25 1
26 2
27 2
28 1
29 1
30 0
31 0
last timestep 31
node 1529 iteration 5
0 0
1 0
2 0
last timestep 2
node 1529 iteration 6
0 0
1 3
2 6
3 8
4 15
5 28
6 37
7 55
8 70
9 73
10 70
11 73
12 71
13 57
14 44
15 35
16 27
17 16
18 16
19 10
20 5
21 3
22 1
23 0
24 0
last timestep 24
node 1529 iteration 7
0 0
1 1
2 0
3 0
last timestep 3
node 1529 iteration 8
0 0
1 2
2 3
3 10
4 12
5 34
6 40
7 42
8 53
9 79
10 79
11 58
12 70
13 68
14 56
15 31
16 30
17 24
18 11
19 7
20 5
21 2
22 2
23 1
24 0
25 0
last timestep 25
node 1529 iteration 9
0 0
1 5
2 9
3 10
4 14
5 15
6 12
7 14
8 34
9 40
10 49
11 57
12 48
13 64
14 68
15 52
16 46
17 46
18 36
19 38
20 24
21 24
22 18
23 19
24 8
25 6
26 4
27 0
28 0
last timestep 28
