node 3368 iteration 0
0 0
1 7
2 3
3 7
4 10
5 13
6 11
7 20
8 28
9 39
10 48
11 74
12 81
13 80
14 66
15 54
16 50
17 46
18 39
19 29
20 30
21 16
22 10
23 11
24 5
25 2
26 0
27 0
last timestep 27
node 3368 iteration 1
0 0
1 4
2 1
3 7
4 4
5 3
6 4
7 17
8 23
9 27
10 41
11 50
12 70
13 70
14 73
15 82
16 65
17 41
18 30
19 21
20 17
21 13
22 7
23 8
24 5
25 1
26 0
27 0
last timestep 27
node 3368 iteration 2
0 0
1 3
2 0
3 0
last timestep 3
node 3368 iteration 3
0 0
1 1
2 3
3 2
4 9
5 9
6 14
7 28
8 36
9 44
10 63
11 75
12 101
13 107
14 108
15 101
16 83
17 57
18 41
19 27
20 17
21 5
22 1
23 2
24 3
25 0
26 0
last timestep 26
node 3368 iteration 4
0 0
1 1
2 0
3 0
last timestep 3
node 3368 iteration 5
0 0
1 2
2 3
3 4
4 3
5 2
6 3
7 2
8 3
9 2
10 1
11 3
12 2
13 2
14 2
15 5
16 17
17 33
18 33
19 52
20 68
21 92
22 118
23 101
24 94
25 69
26 45
27 17
28 8
29 3
30 1
31 0
32 1
33 0
last timestep 33
node 3368 iteration 6
0 0
1 0
2 4
3 3
4 2
5 7
6 8
7 13
8 14
9 17
10 35
11 57
12 98
13 102
14 92
15 94
16 92
17 62
18 46
19 28
20 21
21 16
22 10
23 9
24 10
25 3
26 2
27 1
28 1
29 1
30 0
last timestep 30
node 3368 iteration 7
0 0
1 0
2 0
last timestep 2
node 3368 iteration 8
0 0
1 1
2 4
3 5
4 4
5 12
6 25
7 42
8 48
9 50
10 53
11 59
12 77
13 76
14 77
15 56
16 52
17 53
18 36
19 25
20 25
21 8
22 3
23 5
24 7
25 5
26 1
27 3
28 3
29 2
30 3
31 2
32 0
33 0
last timestep 33
node 3368 iteration 9
0 0
1 1
2 1
3 1
4 0
5 0
last timestep 5
