node 992 iteration 0
0 0
1 3
2 3
3 7
4 3
5 7
6 13
7 23
8 28
9 36
10 64
11 72
12 75
13 97
14 83
15 73
16 67
17 44
18 28
19 16
20 13
21 10
22 15
23 14
24 3
25 4
26 1
27 1
28 0
29 0
last timestep 29
node 992 iteration 1
0 0
1 5
2 10
3 11
4 24
5 32
6 40
7 53
8 73
9 73
10 60
11 45
12 46
13 60
14 51
15 47
16 37
17 30
18 22
19 14
20 13
21 9
22 4
23 4
24 4
25 3
26 0
27 0
last timestep 27
node 992 iteration 2
0 0
1 1
2 2
3 1
4 0
5 0
last timestep 5
node 992 iteration 3
0 0
1 0
2 0
last timestep 2
node 992 iteration 4
0 0
1 1
2 3
3 12
4 16
5 16
6 15
7 19
8 33
9 68
10 70
11 86
12 85
13 82
14 83
15 70
16 49
17 45
18 33
19 10
20 10
21 2
22 0
23 0
last timestep 23
node 992 iteration 5
0 0
1 5
2 9
3 9
4 22
5 35
6 38
7 39
8 74
9 76
10 76
11 70
12 77
13 74
14 58
15 44
16 26
17 22
18 11
19 7
20 12
21 8
22 1
23 0
24 0
last timestep 24
node 992 iteration 6
0 0
1 2
2 1
3 0
4 0
last timestep 4
node 992 iteration 7
0 0
1 1
2 0
3 0
last timestep 3
node 992 iteration 8
0 0
1 5
2 11
3 16
4 34
5 46
6 75
7 87
8 93
9 90
10 80
11 53
12 60
13 37
14 24
15 21
16 13
17 9
18 8
19 3
20 2
21 1
22 0
23 0
last timestep 23
node 992 iteration 9
0 0
1 1
2 0
3 0
last timestep 3
