node 692 iteration 0
0 0
1 5
2 15
3 24
4 49
5 66
6 104
7 105
8 111
9 85
10 74
11 65
12 47
13 24
14 21
15 15
16 6
17 4
18 4
19 8
20 5
21 0
22 0
last timestep 22
node 692 iteration 1
0 0
1 0
2 0
last timestep 2
node 692 iteration 2
0 0
1 4
2 10
3 24
4 30
5 33
6 41
7 81
8 102
9 104
10 91
11 84
12 58
13 44
14 28
15 22
16 14
17 8
18 1
19 0
20 0
last timestep 20
node 692 iteration 3
0 0
1 1
2 0
3 0
last timestep 3
node 692 iteration 4
0 0
1 3
2 2
3 1
4 2
5 1
6 0
7 0
last timestep 7
node 692 iteration 5
0 0
1 2
2 1
3 1
4 3
5 2
6 2
7 3
8 3
9 5
10 10
11 12
12 13
13 11
14 17
15 31
16 47
17 42
18 46
19 50
20 67
21 56
22 73
23 50
24 34
25 31
26 31
27 21
28 7
29 7
30 4
31 3
32 1
33 0
34 0
last timestep 34
node 692 iteration 6
0 0
1 2
2 4
3 9
4 18
5 37
6 57
7 72
8 89
9 108
10 93
11 89
12 81
13 63
14 35
15 27
16 15
17 12
18 9
19 9
20 3
21 3
22 0
23 0
last timestep 23
node 692 iteration 7
0 0
1 0
2 0
last timestep 2
node 692 iteration 8
0 0
1 1
2 1
3 3
4 5
5 12
6 27
7 41
8 51
9 72
10 79
11 75
12 66
13 43
14 45
15 36
16 38
17 35
18 35
19 30
20 26
21 17
22 9
23 10
24 5
25 4
26 2
27 2
28 2
29 4
30 2
31 2
32 1
33 1
34 0
35 0
last timestep 35
node 692 iteration 9
0 0
1 2
2 4
3 9
4 14
5 17
6 46
7 62
8 71
9 85
10 93
11 78
12 65
13 62
14 25
15 19
16 13
17 15
18 25
19 21
20 10
21 5
22 4
23 2
24 3
25 3
26 3
27 1
28 3
29 2
30 3
31 2
32 2
33 0
34 2
35 1
36 0
last timestep 36
