node 759 iteration 0
0 0
1 7
2 15
3 14
4 21
5 27
6 56
7 67
8 67
9 82
10 84
11 67
12 55
13 51
14 32
15 21
16 17
17 14
18 8
19 4
20 5
21 5
22 1
23 1
24 0
25 0
last timestep 25
node 759 iteration 1
0 0
1 3
2 3
3 4
4 3
5 4
6 4
7 4
8 9
9 10
10 11
11 12
12 13
13 27
14 41
15 59
16 85
17 80
18 93
19 97
20 67
21 40
22 25
23 23
24 12
25 11
26 2
27 1
28 1
29 1
30 0
31 0
last timestep 31
node 759 iteration 2
0 0
1 1
2 1
3 0
4 0
last timestep 4
node 759 iteration 3
0 0
1 0
2 0
last timestep 2
node 759 iteration 4
0 0
1 3
2 8
3 16
4 43
5 65
6 88
7 98
8 117
9 101
10 105
11 52
12 54
13 47
14 36
15 28
16 18
17 10
18 3
19 0
20 0
last timestep 20
node 759 iteration 5
0 0
1 1
2 0
3 0
last timestep 3
node 759 iteration 6
0 0
1 6
2 3
3 3
4 6
5 4
6 6
7 14
8 16
9 23
10 27
11 45
12 35
13 47
14 47
15 63
16 64
17 71
18 58
19 61
20 50
21 36
22 34
23 34
24 24
25 15
26 4
27 4
28 1
29 0
30 0
last timestep 30
node 759 iteration 7
0 0
1 1
2 3
3 6
4 2
5 1
6 1
7 0
8 0
last timestep 8
node 759 iteration 8
0 0
1 2
2 0
3 0
last timestep 3
node 759 iteration 9
0 0
1 4
2 4
3 4
4 15
5 16
6 17
7 31
8 44
9 69
10 98
11 92
12 110
13 112
14 76
15 48
16 28
17 25
18 15
19 8
20 3
21 6
22 14
23 7
24 5
25 3
26 3
27 4
28 0
29 0
last timestep 29
