node 1177 iteration 0
0 0
1 1
2 1
3 2
4 0
5 0
last timestep 5
node 1177 iteration 1
0 0
1 2
2 11
3 14
4 25
5 26
6 40
7 42
8 63
9 68
10 60
11 68
12 62
13 46
14 48
15 36
16 27
17 25
18 13
19 4
20 3
21 1
22 1
23 0
24 0
last timestep 24
node 1177 iteration 2
0 0
1 2
2 2
3 3
4 5
5 1
6 2
7 6
8 6
9 11
10 9
11 9
12 12
13 18
14 34
15 55
16 64
17 74
18 74
19 63
20 73
21 60
22 46
23 54
24 38
25 19
26 21
27 11
28 8
29 9
30 6
31 1
32 1
33 0
34 0
last timestep 34
node 1177 iteration 3
0 0
1 1
2 4
3 2
4 1
5 3
6 0
7 3
8 8
9 8
10 13
11 13
12 20
13 42
14 48
15 68
16 80
17 74
18 75
19 62
20 54
21 38
22 43
23 37
24 22
25 12
26 4
27 0
last timestep 27
node 1177 iteration 4
0 0
1 3
2 5
3 4
4 5
5 4
6 1
7 1
8 1
9 0
10 0
last timestep 10
node 1177 iteration 5
0 0
1 4
2 2
3 1
4 0
5 1
6 6
7 5
8 9
9 22
10 17
11 31
12 75
13 94
14 93
15 64
16 57
17 52
18 40
19 29
20 13
21 8
22 11
23 6
24 5
25 4
26 3
27 2
28 8
29 2
30 1
31 0
last timestep 31
node 1177 iteration 6
0 0
1 1
2 3
3 5
4 3
5 10
6 8
7 11
8 18
9 18
10 28
11 29
12 34
13 38
14 31
15 41
16 49
17 54
18 58
19 56
20 41
21 32
22 30
23 25
24 16
25 19
26 12
27 9
28 4
29 3
30 3
31 1
32 0
33 0
last timestep 33
node 1177 iteration 7
0 0
1 2
2 0
3 0
last timestep 3
node 1177 iteration 8
0 0
1 3
2 5
3 8
4 11
5 7
6 19
7 39
8 56
9 77
10 114
11 115
12 137
13 93
14 85
15 49
16 30
17 17
18 17
19 8
20 5
21 2
22 2
23 1
24 1
25 1
26 2
27 0
28 0
last timestep 28
node 1177 iteration 9
0 0
1 4
2 4
3 2
4 6
5 10
6 6
7 14
8 9
9 10
10 14
11 24
12 27
13 33
14 51
15 58
16 96
17 88
18 83
19 61
20 68
21 45
22 38
23 27
24 24
25 13
26 13
27 8
28 9
29 4
30 2
31 2
32 2
33 1
34 1
35 1
36 3
37 1
38 1
39 1
40 0
41 0
last timestep 41
