node 114 iteration 0
0 0
1 7
2 7
3 8
4 15
5 14
6 30
7 33
8 38
9 70
10 77
11 75
12 70
13 70
14 63
15 67
16 46
17 31
18 19
19 14
20 11
21 4
22 4
23 1
24 1
25 0
26 0
last timestep 26
node 114 iteration 1
0 0
1 9
2 5
3 6
4 16
5 17
6 21
7 23
8 32
9 33
10 51
11 56
12 77
13 69
14 55
15 53
16 43
17 30
18 37
19 32
20 13
21 10
22 9
23 9
24 4
25 1
26 5
27 1
28 0
29 0
last timestep 29
node 114 iteration 2
0 0
1 7
2 4
3 8
4 19
5 18
6 52
7 68
8 97
9 96
10 106
11 99
12 107
13 79
14 45
15 33
16 12
17 8
18 9
19 6
20 5
21 3
22 1
23 3
24 3
25 1
26 0
27 0
last timestep 27
node 114 iteration 3
0 0
1 3
2 2
3 5
4 2
5 3
6 3
7 2
8 6
9 1
10 2
11 1
12 6
13 4
14 6
15 12
16 20
17 44
18 37
19 54
20 62
21 75
22 72
23 80
24 70
25 67
26 62
27 31
28 23
29 10
30 11
31 4
32 4
33 3
34 2
35 1
36 0
37 0
last timestep 37
node 114 iteration 4
0 0
1 4
2 2
3 5
4 10
5 15
6 29
7 57
8 48
9 50
10 51
11 59
12 57
13 55
14 60
15 38
16 45
17 53
18 45
19 38
20 25
21 29
22 12
23 10
24 4
25 2
26 1
27 0
28 0
last timestep 28
node 114 iteration 5
0 0
1 5
2 6
3 8
4 18
5 28
6 23
7 55
8 83
9 117
10 123
11 112
12 98
13 67
14 45
15 34
16 15
17 8
18 10
19 5
20 1
21 4
22 0
23 0
last timestep 23
node 114 iteration 6
0 0
1 6
2 10
3 17
4 27
5 39
6 52
7 71
8 99
9 106
10 97
11 84
12 66
13 46
14 29
15 20
16 17
17 5
18 3
19 1
20 0
21 0
last timestep 21
node 114 iteration 7
0 0
1 5
2 4
3 9
4 15
5 13
6 11
7 26
8 33
9 43
10 62
11 65
12 74
13 85
14 71
15 61
16 44
17 32
18 28
19 19
20 14
21 11
22 6
23 4
24 1
25 0
26 0
last timestep 26
node 114 iteration 8
0 0
1 8
2 11
3 21
4 33
5 49
6 74
7 92
8 130
9 99
10 73
11 68
12 49
13 40
14 27
15 23
16 17
17 21
18 14
19 10
20 6
21 7
22 2
23 0
24 1
25 4
26 1
27 0
last timestep 27
node 114 iteration 9
0 0
1 7
2 9
3 14
4 18
5 23
6 19
7 19
8 52
9 57
10 101
11 121
12 103
13 100
14 78
15 50
16 31
17 26
18 12
19 5
20 1
21 0
22 0
last timestep 22
