node 648 iteration 0
0 0
1 1
2 1
3 0
4 0
last timestep 4
node 648 iteration 1
0 0
1 1
2 2
3 2
4 2
5 4
6 1
7 2
8 2
9 3
10 2
11 6
12 8
13 5
14 6
15 5
16 5
17 8
18 5
19 8
20 9
21 10
22 13
23 13
24 21
25 27
26 31
27 63
28 73
29 77
30 63
31 53
32 47
33 31
34 23
35 23
36 25
37 23
38 11
39 6
40 11
41 7
42 7
43 4
44 4
45 3
46 2
47 0
48 0
last timestep 48
node 648 iteration 2
0 0
1 2
2 9
3 12
4 26
5 43
6 53
7 67
8 91
9 106
10 88
11 71
12 59
13 50
14 41
15 31
16 23
17 15
18 12
19 4
20 7
21 5
22 3
23 4
24 6
25 2
26 2
27 1
28 0
29 0
last timestep 29
node 648 iteration 3
0 0
1 1
2 2
3 0
4 0
last timestep 4
node 648 iteration 4
0 0
1 2
2 6
3 15
4 28
5 70
6 111
7 128
8 136
9 151
10 107
11 92
12 45
13 19
14 16
15 13
16 6
17 6
18 7
19 6
20 0
21 0
last timestep 21
node 648 iteration 5
0 0
1 0
2 0
last timestep 2
node 648 iteration 6
0 0
1 2
2 4
3 13
4 12
5 13
6 13
7 10
8 15
9 27
10 42
11 59
12 67
13 83
14 97
15 112
16 90
17 62
18 25
19 15
20 10
21 10
22 8
23 4
24 3
25 4
26 9
27 3
28 2
29 1
30 0
31 0
last timestep 31
node 648 iteration 7
0 0
1 1
2 10
3 13
4 17
5 29
6 46
7 44
8 44
9 72
10 97
11 124
12 106
13 70
14 66
15 44
16 27
17 8
18 3
19 0
20 0
last timestep 20
node 648 iteration 8
0 0
1 1
2 1
3 2
4 2
5 1
6 0
7 0
last timestep 7
node 648 iteration 9
0 0
1 0
2 0
last timestep 2
