node 408 iteration 0
0 0
1 3
2 2
3 1
4 0
5 0
last timestep 5
node 408 iteration 1
0 0
1 4
2 3
3 10
4 3
5 13
6 19
7 27
8 46
9 76
10 101
11 88
12 99
13 75
14 54
15 55
16 30
17 20
18 14
19 11
20 10
21 9
22 13
23 11
24 4
25 2
26 0
27 0
last timestep 27
node 408 iteration 2
0 0
1 1
2 1
3 0
4 0
last timestep 4
node 408 iteration 3
0 0
1 1
2 6
3 4
4 5
5 11
6 10
7 21
8 16
9 18
10 24
11 33
12 23
13 45
14 47
15 56
16 36
17 36
18 40
19 53
20 44
21 34
22 26
23 30
24 31
25 29
26 22
27 16
28 11
29 8
30 5
31 2
32 0
33 0
last timestep 33
node 408 iteration 4
0 0
1 2
2 3
3 5
4 7
5 8
6 5
7 16
8 15
9 22
10 38
11 76
12 90
13 74
14 85
15 63
16 69
17 56
18 49
19 40
20 29
21 17
22 12
23 9
24 11
25 4
26 3
27 0
28 0
last timestep 28
node 408 iteration 5
0 0
1 3
2 0
3 0
last timestep 3
node 408 iteration 6
0 0
1 1
2 4
3 0
4 0
last timestep 4
node 408 iteration 7
0 0
1 2
2 0
3 0
last timestep 3
node 408 iteration 8
0 0
1 2
2 0
3 0
last timestep 3
node 408 iteration 9
0 0
1 3
2 2
3 2
4 2
5 6
6 9
7 18
8 24
9 41
10 47
11 62
12 59
13 67
14 57
15 76
16 73
17 69
18 45
19 36
20 32
21 27
22 19
23 6
24 4
25 3
26 5
27 3
28 5
29 2
30 0
31 0
last timestep 31
