node 1450 iteration 0
0 0
1 2
2 7
3 12
4 10
5 37
6 47
7 67
8 70
9 88
10 105
11 110
12 91
13 78
14 56
15 28
16 11
17 5
18 3
19 1
20 2
21 0
22 0
last timestep 22
node 1450 iteration 1
0 0
1 3
2 4
3 8
4 8
5 21
6 30
7 35
8 46
9 61
10 66
11 63
12 57
13 51
14 39
15 30
16 23
17 22
18 9
19 7
20 2
21 5
22 5
23 13
24 11
25 10
26 11
27 7
28 6
29 5
30 10
31 2
32 0
33 0
last timestep 33
node 1450 iteration 2
0 0
1 4
2 2
3 5
4 12
5 21
6 32
7 39
8 27
9 43
10 38
11 57
12 61
13 52
14 69
15 68
16 54
17 40
18 32
19 19
20 13
21 4
22 1
23 1
24 0
25 0
last timestep 25
node 1450 iteration 3
0 0
1 3
2 7
3 6
4 9
5 19
6 35
7 64
8 66
9 89
10 97
11 102
12 98
13 69
14 53
15 55
16 35
17 26
18 28
19 22
20 12
21 10
22 6
23 2
24 0
25 0
last timestep 25
node 1450 iteration 4
0 0
1 2
2 1
3 1
4 0
5 1
6 4
7 6
8 5
9 8
10 16
11 30
12 37
13 54
14 67
15 81
16 96
17 68
18 81
19 43
20 32
21 18
22 7
23 7
24 8
25 4
26 7
27 6
28 2
29 1
30 0
last timestep 30
node 1450 iteration 5
0 0
1 1
2 0
3 0
last timestep 3
node 1450 iteration 6
0 0
1 0
2 0
last timestep 2
node 1450 iteration 7
0 0
1 3
2 1
3 1
4 0
5 0
last timestep 5
node 1450 iteration 8
0 0
1 1
2 1
3 1
4 4
5 2
6 1
7 1
8 5
9 15
10 15
11 17
12 22
13 31
14 40
15 55
16 68
17 93
18 78
19 89
20 78
21 72
22 59
23 29
24 32
25 29
26 20
27 16
28 3
29 2
30 2
31 1
32 0
33 0
last timestep 33
node 1450 iteration 9
0 0
1 5
2 5
3 17
4 27
5 48
6 61
7 82
8 99
9 96
10 104
11 85
12 64
13 50
14 25
15 19
16 16
17 7
18 6
19 1
20 0
21 1
22 1
23 0
last timestep 23
