node 1864 iteration 0
0 0
1 3
2 7
3 17
4 29
5 59
6 76
7 105
8 121
9 93
10 75
11 74
12 60
13 46
14 26
15 12
16 16
17 15
18 3
19 7
20 4
21 3
22 1
23 2
24 1
25 2
26 1
27 4
28 0
29 0
last timestep 29
node 1864 iteration 1
0 0
1 0
2 0
last timestep 2
node 1864 iteration 2
0 0
1 2
2 0
3 0
last timestep 3
node 1864 iteration 3
0 0
1 3
2 3
3 1
4 0
5 5
6 11
7 22
8 28
9 42
10 61
11 80
12 106
13 97
14 92
15 97
16 81
17 50
18 44
19 22
20 11
21 6
22 4
23 1
24 2
25 2
26 2
27 0
last timestep 27
node 1864 iteration 4
0 0
1 5
2 3
3 12
4 16
5 36
6 68
7 88
8 98
9 105
10 104
11 67
12 60
13 67
14 50
15 34
16 30
17 17
18 8
19 3
20 3
21 2
22 1
23 0
24 0
last timestep 24
node 1864 iteration 5
0 0
1 2
2 6
3 6
4 6
5 8
6 16
7 19
8 21
9 27
10 53
11 75
12 89
13 84
14 93
15 81
16 80
17 55
18 39
19 18
20 11
21 12
22 11
23 4
24 0
25 0
last timestep 25
node 1864 iteration 6
0 0
1 0
2 0
last timestep 2
node 1864 iteration 7
0 0
1 2
2 1
3 0
4 0
last timestep 4
node 1864 iteration 8
0 0
1 3
2 2
3 5
4 9
5 12
6 12
7 14
8 16
9 16
10 22
11 32
12 36
13 65
14 78
15 81
16 89
17 77
18 63
19 52
20 33
21 17
22 10
23 3
24 1
25 0
26 0
last timestep 26
node 1864 iteration 9
0 0
1 3
2 2
3 2
4 8
5 7
6 14
7 24
8 35
9 44
10 62
11 68
12 58
13 77
14 65
15 58
16 44
17 36
18 38
19 29
20 15
21 21
22 3
23 1
24 0
25 0
last timestep 25
