node 983 iteration 0
0 0
1 3
2 2
3 5
4 3
5 6
6 3
7 2
8 1
9 0
10 0
last timestep 10
node 983 iteration 1
0 0
1 6
2 6
3 9
4 11
5 15
6 33
7 34
8 59
9 88
10 86
11 93
12 94
13 82
14 45
15 32
16 21
17 15
18 21
19 19
20 9
21 9
22 2
23 1
24 1
25 1
26 2
27 0
28 2
29 2
30 2
31 0
last timestep 31
node 983 iteration 2
0 0
1 3
2 4
3 18
4 26
5 34
6 51
7 56
8 64
9 83
10 95
11 88
12 75
13 64
14 33
15 18
16 19
17 9
18 4
19 4
20 2
21 1
22 0
23 0
last timestep 23
node 983 iteration 3
0 0
1 6
2 3
3 4
4 6
5 12
6 18
7 25
8 35
9 45
10 68
11 101
12 91
13 78
14 83
15 38
16 36
17 31
18 27
19 28
20 14
21 10
22 9
23 5
24 6
25 3
26 3
27 2
28 2
29 1
30 1
31 0
32 0
last timestep 32
node 983 iteration 4
0 0
1 1
2 0
3 0
last timestep 3
node 983 iteration 5
0 0
1 0
2 0
last timestep 2
node 983 iteration 6
0 0
1 4
2 3
3 1
4 5
5 17
6 8
7 14
8 28
9 42
10 64
11 81
12 95
13 94
14 79
15 61
16 44
17 33
18 17
19 13
20 6
21 7
22 5
23 6
24 3
25 3
26 2
27 1
28 0
29 0
last timestep 29
node 983 iteration 7
0 0
1 3
2 2
3 1
4 1
5 1
6 2
7 1
8 1
9 3
10 1
11 0
12 0
last timestep 12
node 983 iteration 8
0 0
1 2
2 1
3 6
4 16
5 11
6 18
7 18
8 37
9 37
10 47
11 49
12 45
13 32
14 30
15 31
16 29
17 38
18 38
19 56
20 42
21 29
22 31
23 36
24 23
25 14
26 14
27 12
28 5
29 1
30 0
31 0
last timestep 31
node 983 iteration 9
0 0
1 1
2 0
3 0
last timestep 3
