node 120 iteration 0
0 0
1 5
2 4
3 7
4 17
5 17
6 34
7 53
8 59
9 73
10 88
11 91
12 76
13 68
14 57
15 35
16 53
17 34
18 19
19 14
20 10
21 11
22 6
23 1
24 3
25 3
26 2
27 1
28 0
29 0
last timestep 29
node 120 iteration 1
0 0
1 2
2 2
3 0
4 0
last timestep 4
node 120 iteration 2
0 0
1 3
2 7
3 8
4 19
5 26
6 48
7 63
8 71
9 63
10 68
11 68
12 57
13 49
14 40
15 37
16 37
17 29
18 20
19 18
20 15
21 15
22 18
23 12
24 8
25 2
26 2
27 0
28 0
last timestep 28
node 120 iteration 3
0 0
1 1
2 2
3 2
4 1
5 4
6 9
7 18
8 48
9 68
10 77
11 74
12 71
13 55
14 59
15 52
16 38
17 26
18 24
19 26
20 14
21 7
22 3
23 5
24 4
25 4
26 0
27 0
last timestep 27
node 120 iteration 4
0 0
1 2
2 9
3 11
4 21
5 42
6 34
7 42
8 51
9 53
10 79
11 100
12 102
13 80
14 77
15 50
16 35
17 27
18 21
19 16
20 13
21 2
22 0
23 0
last timestep 23
node 120 iteration 5
0 0
1 1
2 1
3 1
4 3
5 2
6 11
7 30
8 36
9 55
10 72
11 87
12 111
13 98
14 75
15 53
16 50
17 38
18 16
19 17
20 17
21 7
22 5
23 2
24 1
25 0
26 0
last timestep 26
node 120 iteration 6
0 0
1 4
2 3
3 19
4 23
5 50
6 51
7 60
8 78
9 85
10 83
11 67
12 43
13 36
14 27
15 30
16 27
17 27
18 18
19 11
20 4
21 3
22 1
23 1
24 1
25 0
26 0
last timestep 26
node 120 iteration 7
0 0
1 7
2 8
3 15
4 15
5 23
6 36
7 46
8 38
9 65
10 77
11 86
12 67
13 61
14 52
15 37
16 39
17 35
18 30
19 31
20 22
21 12
22 12
23 11
24 16
25 8
26 5
27 6
28 3
29 0
30 1
31 0
last timestep 31
node 120 iteration 8
0 0
1 3
2 6
3 8
4 21
5 22
6 33
7 54
8 73
9 75
10 84
11 98
12 71
13 64
14 57
15 51
16 34
17 17
18 4
19 3
20 2
21 1
22 0
23 1
24 0
last timestep 24
node 120 iteration 9
0 0
1 3
2 4
3 6
4 12
5 23
6 46
7 41
8 33
9 31
10 48
11 89
12 77
13 75
14 69
15 43
16 23
17 28
18 14
19 15
20 11
21 6
22 9
23 5
24 2
25 2
26 0
27 6
28 1
29 0
last timestep 29
