node 3 iteration 0
0 0
1 3
2 10
3 7
4 6
5 7
6 15
7 28
8 21
9 28
10 34
11 40
12 40
13 44
14 51
15 44
16 54
17 37
18 24
19 20
20 24
21 27
22 18
23 10
24 9
25 12
26 11
27 5
28 6
29 8
30 9
31 13
32 10
33 4
34 3
35 2
36 1
37 0
38 0
last timestep 38
node 3 iteration 1
0 0
1 3
2 4
3 1
4 1
5 1
6 1
7 1
8 1
9 2
10 4
11 0
12 0
last timestep 12
node 3 iteration 2
0 0
1 6
2 4
3 5
4 6
5 5
6 4
7 3
8 3
9 1
10 2
11 4
12 1
13 0
14 0
last timestep 14
node 3 iteration 3
0 0
1 2
2 2
3 3
4 6
5 10
6 5
7 5
8 3
9 12
10 8
11 12
12 16
13 25
14 25
15 43
16 39
17 48
18 51
19 46
20 61
21 48
22 36
23 57
24 49
25 47
26 31
27 16
28 18
29 18
30 17
31 15
32 4
33 9
34 9
35 7
36 2
37 1
38 0
39 0
last timestep 39
node 3 iteration 4
0 0
1 5
2 2
3 3
4 1
5 2
6 2
7 3
8 1
9 4
10 4
11 11
12 23
13 29
14 19
15 22
16 30
17 40
18 45
19 44
20 63
21 60
22 51
23 58
24 51
25 59
26 40
27 27
28 16
29 20
30 14
31 4
32 6
33 5
34 3
35 3
36 3
37 0
38 1
39 0
last timestep 39
node 3 iteration 5
0 0
1 1
2 0
3 0
last timestep 3
node 3 iteration 6
0 0
1 2
2 0
3 2
4 4
5 0
last timestep 5
node 3 iteration 7
0 0
1 3
2 0
3 0
last timestep 3
node 3 iteration 8
0 0
1 3
2 1
3 2
4 3
5 6
6 3
7 6
8 20
9 36
10 42
11 54
12 73
13 103
14 99
15 89
16 70
17 59
18 49
19 30
20 21
21 11
22 7
23 5
24 2
25 2
26 1
27 1
28 3
29 1
30 0
31 0
last timestep 31
node 3 iteration 9
0 0
1 4
2 0
3 0
last timestep 3
