node 1336 iteration 0
0 0
1 3
2 2
3 7
4 8
5 10
6 9
7 5
8 7
9 9
10 11
11 11
12 8
13 24
14 25
15 42
16 56
17 85
18 90
19 91
20 81
21 70
22 58
23 41
24 27
25 19
26 7
27 3
28 1
29 1
30 0
31 0
last timestep 31
node 1336 iteration 1
0 0
1 4
2 4
3 5
4 8
5 17
6 30
7 49
8 58
9 53
10 48
11 55
12 64
13 81
14 95
15 75
16 59
17 40
18 29
19 17
20 10
21 7
22 7
23 1
24 2
25 0
26 0
last timestep 26
node 1336 iteration 2
0 0
1 0
2 0
last timestep 2
node 1336 iteration 3
0 0
1 2
2 1
3 8
4 7
5 21
6 23
7 32
8 50
9 58
10 78
11 90
12 87
13 81
14 64
15 51
16 47
17 31
18 16
19 4
20 4
21 2
22 1
23 1
24 0
25 0
last timestep 25
node 1336 iteration 4
0 0
1 1
2 1
3 0
4 0
last timestep 4
node 1336 iteration 5
0 0
1 2
2 5
3 5
4 8
5 13
6 26
7 30
8 49
9 60
10 69
11 78
12 64
13 94
14 97
15 86
16 60
17 49
18 41
19 27
20 10
21 8
22 6
23 5
24 0
25 0
last timestep 25
node 1336 iteration 6
0 0
1 5
2 5
3 9
4 13
5 22
6 26
7 30
8 52
9 75
10 79
11 82
12 90
13 74
14 72
15 55
16 34
17 20
18 18
19 13
20 14
21 15
22 12
23 5
24 2
25 1
26 0
27 0
last timestep 27
node 1336 iteration 7
0 0
1 3
2 3
3 3
4 7
5 8
6 15
7 10
8 7
9 11
10 19
11 28
12 29
13 42
14 47
15 44
16 45
17 46
18 51
19 52
20 55
21 48
22 49
23 32
24 37
25 20
26 14
27 8
28 11
29 6
30 2
31 0
32 0
last timestep 32
node 1336 iteration 8
0 0
1 3
2 1
3 0
4 0
last timestep 4
node 1336 iteration 9
0 0
1 0
2 0
last timestep 2
