node 1549 iteration 0
0 0
1 5
2 7
3 13
4 30
5 43
6 53
7 84
8 73
9 77
10 91
11 90
12 75
13 64
14 48
15 30
16 14
17 12
18 5
19 1
20 1
21 2
22 0
23 0
last timestep 23
node 1549 iteration 1
0 0
1 1
2 6
3 15
4 31
5 41
6 38
7 59
8 84
9 71
10 72
11 65
12 71
13 67
14 46
15 39
16 25
17 13
18 10
19 23
20 12
21 8
22 5
23 7
24 5
25 4
26 3
27 0
28 0
last timestep 28
node 1549 iteration 2
0 0
1 1
2 0
3 0
last timestep 3
node 1549 iteration 3
0 0
1 0
2 0
last timestep 2
node 1549 iteration 4
0 0
1 1
2 2
3 3
4 4
5 8
6 6
7 5
8 6
9 11
10 11
11 16
12 17
13 23
14 31
15 25
16 42
17 65
18 65
19 59
20 63
21 44
22 37
23 24
24 32
25 19
26 17
27 10
28 7
29 4
30 6
31 5
32 3
33 0
34 0
last timestep 34
node 1549 iteration 5
0 0
1 1
2 2
3 16
4 25
5 51
6 75
7 86
8 97
9 107
10 95
11 92
12 86
13 54
14 37
15 16
16 18
17 12
18 7
19 6
20 4
21 1
22 3
23 2
24 4
25 0
26 0
last timestep 26
node 1549 iteration 6
0 0
1 2
2 3
3 0
4 0
last timestep 4
node 1549 iteration 7
0 0
1 2
2 2
3 4
4 4
5 7
6 22
7 38
8 58
9 81
10 82
11 102
12 92
13 80
14 66
15 54
16 46
17 30
18 23
19 18
20 14
21 4
22 3
23 1
24 3
25 1
26 0
27 0
last timestep 27
node 1549 iteration 8
0 0
1 2
2 2
3 0
4 0
last timestep 4
node 1549 iteration 9
0 0
1 4
2 3
3 1
4 0
5 0
last timestep 5
