node 499 iteration 0
0 0
1 3
2 6
3 13
4 26
5 42
6 86
7 93
8 73
9 67
10 80
11 71
12 63
13 47
14 45
15 25
16 24
17 15
18 6
19 4
20 3
21 3
22 2
23 2
24 3
25 2
26 1
27 1
28 0
29 0
last timestep 29
node 499 iteration 1
0 0
1 4
2 2
3 5
4 6
5 8
6 17
7 9
8 9
9 22
10 16
11 24
12 30
13 36
14 40
15 59
16 47
17 44
18 41
19 38
20 33
21 36
22 24
23 22
24 19
25 16
26 15
27 12
28 5
29 5
30 1
31 1
32 0
33 0
last timestep 33
node 499 iteration 2
0 0
1 4
2 4
3 2
4 3
5 0
6 0
last timestep 6
node 499 iteration 3
0 0
1 6
2 8
3 15
4 24
5 41
6 53
7 85
8 97
9 84
10 77
11 76
12 76
13 70
14 54
15 38
16 21
17 19
18 6
19 7
20 6
21 4
22 0
23 0
last timestep 23
node 499 iteration 4
0 0
1 3
2 2
3 3
4 2
5 0
6 0
last timestep 6
node 499 iteration 5
0 0
1 1
2 3
3 3
4 12
5 23
6 36
7 32
8 50
9 55
10 67
11 75
12 81
13 76
14 73
15 55
16 61
17 49
18 28
19 18
20 18
21 5
22 2
23 0
24 0
last timestep 24
node 499 iteration 6
0 0
1 4
2 7
3 8
4 20
5 21
6 43
7 60
8 90
9 92
10 93
11 81
12 59
13 69
14 42
15 31
16 30
17 18
18 12
19 5
20 2
21 0
22 1
23 1
24 0
last timestep 24
node 499 iteration 7
0 0
1 2
2 0
3 0
last timestep 3
node 499 iteration 8
0 0
1 3
2 4
3 2
4 9
5 2
6 2
7 4
8 3
9 4
10 2
11 0
12 1
13 3
14 3
15 3
16 3
17 12
18 18
19 27
20 44
21 59
22 92
23 104
24 79
25 74
26 62
27 56
28 29
29 23
30 9
31 6
32 2
33 1
34 1
35 2
36 5
37 5
38 4
39 2
40 2
41 3
42 2
43 5
44 2
45 0
last timestep 45
node 499 iteration 9
0 0
1 3
2 3
3 8
4 9
5 30
6 24
7 33
8 58
9 69
10 101
11 103
12 88
13 72
14 48
15 41
16 30
17 22
18 21
19 18
20 17
21 5
22 11
23 1
24 1
25 0
26 0
last timestep 26
