node 747 iteration 0
0 0
1 3
2 6
3 12
4 12
5 8
6 15
7 43
8 58
9 70
10 65
11 71
12 69
13 70
14 63
15 70
16 55
17 37
18 21
19 11
20 10
21 8
22 4
23 6
24 2
25 1
26 2
27 0
28 0
last timestep 28
node 747 iteration 1
0 0
1 5
2 8
3 12
4 19
5 20
6 24
7 32
8 49
9 67
10 83
11 87
12 75
13 62
14 36
15 34
16 20
17 16
18 5
19 4
20 1
21 3
22 2
23 0
24 0
last timestep 24
node 747 iteration 2
0 0
1 6
2 9
3 12
4 12
5 12
6 15
7 33
8 48
9 67
10 78
11 83
12 83
13 63
14 49
15 54
16 51
17 55
18 39
19 27
20 18
21 6
22 2
23 2
24 2
25 2
26 0
27 1
28 0
last timestep 28
node 747 iteration 3
0 0
1 4
2 2
3 8
4 16
5 24
6 37
7 38
8 50
9 57
10 70
11 71
12 71
13 73
14 66
15 63
16 44
17 42
18 31
19 20
20 10
21 9
22 5
23 4
24 3
25 1
26 0
27 0
last timestep 27
node 747 iteration 4
0 0
1 3
2 1
3 0
4 0
last timestep 4
node 747 iteration 5
0 0
1 3
2 4
3 3
4 8
5 6
6 17
7 23
8 35
9 76
10 72
11 89
12 71
13 66
14 63
15 49
16 43
17 49
18 40
19 26
20 12
21 7
22 5
23 4
24 3
25 4
26 3
27 0
28 0
last timestep 28
node 747 iteration 6
0 0
1 8
2 8
3 16
4 16
5 17
6 22
7 42
8 75
9 89
10 91
11 112
12 97
13 88
14 65
15 47
16 27
17 22
18 21
19 8
20 5
21 11
22 6
23 3
24 1
25 0
26 0
last timestep 26
node 747 iteration 7
0 0
1 7
2 5
3 4
4 5
5 2
6 5
7 9
8 22
9 34
10 55
11 78
12 101
13 102
14 111
15 99
16 83
17 53
18 44
19 26
20 26
21 9
22 7
23 1
24 1
25 0
26 0
last timestep 26
node 747 iteration 8
0 0
1 2
2 0
3 0
last timestep 3
node 747 iteration 9
0 0
1 8
2 11
3 17
4 28
5 39
6 45
7 59
8 87
9 113
10 94
11 71
12 57
13 43
14 35
15 24
16 23
17 23
18 15
19 11
20 7
21 4
22 5
23 3
24 7
25 0
26 0
last timestep 26
