node 1052 iteration 0
0 0
1 0
2 0
last timestep 2
node 1052 iteration 1
0 0
1 0
2 0
last timestep 2
node 1052 iteration 2
0 0
1 1
2 1
3 0
4 0
last timestep 4
node 1052 iteration 3
0 0
1 3
2 0
3 1
4 1
5 3
6 3
7 5
8 3
9 4
10 17
11 25
12 30
13 27
14 42
15 53
16 55
17 73
18 65
19 68
20 63
21 56
22 54
23 33
24 48
25 29
26 25
27 15
28 10
29 8
30 2
31 1
32 0
last timestep 32
node 1052 iteration 4
0 0
1 2
2 4
3 4
4 7
5 7
6 16
7 21
8 27
9 27
10 51
11 52
12 67
13 63
14 57
15 69
16 44
17 28
18 39
19 30
20 36
21 15
22 25
23 13
24 3
25 3
26 5
27 1
28 0
29 0
last timestep 29
node 1052 iteration 5
0 0
1 1
2 1
3 0
4 0
last timestep 4
node 1052 iteration 6
0 0
1 1
2 4
3 6
4 4
5 1
6 3
7 2
8 4
9 4
10 5
11 4
12 3
13 8
14 16
15 12
16 16
17 18
18 29
19 36
20 57
21 50
22 78
23 86
24 73
25 73
26 56
27 55
28 38
29 22
30 22
31 10
32 6
33 11
34 4
35 8
36 1
37 0
38 0
last timestep 38
node 1052 iteration 7
0 0
1 3
2 2
3 4
4 8
5 19
6 30
7 42
8 64
9 73
10 79
11 59
12 56
13 42
14 45
15 30
16 28
17 11
18 18
19 10
20 6
21 7
22 6
23 3
24 4
25 4
26 2
27 2
28 2
29 0
30 0
last timestep 30
node 1052 iteration 8
0 0
1 1
2 1
3 0
4 0
last timestep 4
node 1052 iteration 9
0 0
1 1
2 0
3 0
last timestep 3
