node 1042 iteration 0
0 0
1 2
2 3
3 3
4 0
5 5
6 13
7 13
8 13
9 26
10 37
11 37
12 62
13 88
14 109
15 113
16 108
17 82
18 62
19 40
20 38
21 22
22 6
23 2
24 1
25 0
last timestep 25
node 1042 iteration 1
0 0
1 1
2 2
3 3
4 2
5 1
6 0
7 0
last timestep 7
node 1042 iteration 2
0 0
1 3
2 4
3 8
4 9
5 9
6 5
7 4
8 7
9 14
10 27
11 47
12 68
13 95
14 94
15 93
16 89
17 74
18 54
19 39
20 29
21 11
22 3
23 1
24 4
25 4
26 4
27 3
28 3
29 3
30 0
31 0
last timestep 31
node 1042 iteration 3
0 0
1 2
2 3
3 5
4 4
5 13
6 37
7 47
8 67
9 91
10 105
11 113
12 98
13 71
14 45
15 29
16 25
17 22
18 6
19 3
20 2
21 8
22 8
23 4
24 1
25 1
26 0
27 0
last timestep 27
node 1042 iteration 4
0 0
1 0
2 0
last timestep 2
node 1042 iteration 5
0 0
1 2
2 2
3 5
4 12
5 8
6 11
7 25
8 41
9 58
10 75
11 96
12 114
13 72
14 70
15 65
16 40
17 17
18 7
19 4
20 1
21 1
22 1
23 1
24 2
25 2
26 3
27 4
28 1
29 2
30 2
31 0
32 0
last timestep 32
node 1042 iteration 6
0 0
1 0
2 0
last timestep 2
node 1042 iteration 7
0 0
1 4
2 4
3 7
4 3
5 9
6 10
7 12
8 20
9 27
10 42
11 47
12 40
13 66
14 68
15 88
16 88
17 65
18 61
19 36
20 25
21 19
22 10
23 13
24 3
25 1
26 2
27 0
28 0
last timestep 28
node 1042 iteration 8
0 0
1 3
2 1
3 0
4 0
last timestep 4
node 1042 iteration 9
0 0
1 4
2 3
3 11
4 13
5 21
6 30
7 56
8 62
9 92
10 113
11 114
12 86
13 70
14 48
15 35
16 22
17 19
18 9
19 5
20 1
21 1
22 0
23 0
last timestep 23
