node 253 iteration 0
0 0
1 4
2 5
3 24
4 28
5 42
6 61
7 60
8 73
9 91
10 91
11 77
12 72
13 64
14 35
15 33
16 18
17 15
18 10
19 9
20 9
21 2
22 6
23 4
24 0
25 0
last timestep 25
node 253 iteration 1
0 0
1 0
2 0
last timestep 2
node 253 iteration 2
0 0
1 3
2 7
3 20
4 38
5 57
6 72
7 71
8 90
9 82
10 66
11 65
12 67
13 50
14 46
15 29
16 15
17 8
18 9
19 2
20 2
21 0
22 0
last timestep 22
node 253 iteration 3
0 0
1 2
2 3
3 0
4 0
last timestep 4
node 253 iteration 4
0 0
1 1
2 0
3 0
last timestep 3
node 253 iteration 5
0 0
1 3
2 6
3 13
4 10
5 9
6 8
7 7
8 16
9 20
10 34
11 44
12 80
13 114
14 117
15 118
16 86
17 44
18 47
19 30
20 32
21 12
22 5
23 3
24 0
25 0
last timestep 25
node 253 iteration 6
0 0
1 1
2 4
3 13
4 20
5 29
6 49
7 58
8 83
9 86
10 106
11 101
12 92
13 69
14 58
15 42
16 25
17 19
18 15
19 8
20 4
21 3
22 2
23 0
24 0
last timestep 24
node 253 iteration 7
0 0
1 2
2 6
3 10
4 20
5 20
6 33
7 46
8 68
9 70
10 81
11 92
12 95
13 68
14 57
15 38
16 34
17 19
18 13
19 5
20 4
21 3
22 2
23 0
24 0
last timestep 24
node 253 iteration 8
0 0
1 2
2 1
3 5
4 3
5 2
6 3
7 10
8 20
9 22
10 38
11 40
12 80
13 81
14 82
15 64
16 59
17 51
18 29
19 21
20 12
21 13
22 15
23 1
24 3
25 0
26 0
last timestep 26
node 253 iteration 9
0 0
1 0
2 0
last timestep 2
