node 1308 iteration 0
0 0
1 1
2 1
3 0
4 0
last timestep 4
node 1308 iteration 1
0 0
1 0
2 0
last timestep 2
node 1308 iteration 2
0 0
1 1
2 0
3 0
last timestep 3
node 1308 iteration 3
0 0
1 1
2 0
3 0
last timestep 3
node 1308 iteration 4
0 0
1 2
2 1
3 3
4 5
5 12
6 15
7 19
8 39
9 46
10 54
11 65
12 63
13 81
14 89
15 90
16 79
17 44
18 26
19 14
20 18
21 11
22 12
23 13
24 8
25 5
26 1
27 0
28 0
last timestep 28
node 1308 iteration 5
0 0
1 1
2 1
3 2
4 6
5 10
6 7
7 5
8 9
9 11
10 16
11 20
12 29
13 31
14 40
15 57
16 46
17 61
18 74
19 52
20 63
21 63
22 61
23 34
24 35
25 33
26 24
27 14
28 7
29 5
30 3
31 2
32 2
33 0
34 0
last timestep 34
node 1308 iteration 6
0 0
1 2
2 6
3 17
4 29
5 41
6 61
7 48
8 56
9 48
10 48
11 55
12 57
13 63
14 40
15 33
16 19
17 11
18 11
19 6
20 4
21 3
22 0
23 0
last timestep 23
node 1308 iteration 7
0 0
1 1
2 0
3 0
last timestep 3
node 1308 iteration 8
0 0
1 3
2 1
3 3
4 1
5 4
6 2
7 4
8 2
9 1
10 5
11 10
12 32
13 45
14 73
15 62
16 80
17 71
18 78
19 58
20 46
21 46
22 33
23 23
24 18
25 12
26 6
27 1
28 3
29 0
30 0
last timestep 30
node 1308 iteration 9
0 0
1 0
2 0
last timestep 2
