node 1166 iteration 0
0 0
1 1
2 3
3 2
4 6
5 8
6 13
7 16
8 24
9 31
10 51
11 80
12 84
13 91
14 81
15 71
16 64
17 45
18 38
19 39
20 17
21 10
22 13
23 9
24 9
25 0
26 0
last timestep 26
node 1166 iteration 1
0 0
1 0
2 0
last timestep 2
node 1166 iteration 2
0 0
1 0
2 0
last timestep 2
node 1166 iteration 3
0 0
1 1
2 5
3 5
4 12
5 14
6 24
7 29
8 42
9 37
10 67
11 54
12 65
13 84
14 63
15 62
16 54
17 56
18 32
19 34
20 26
21 29
22 18
23 7
24 5
25 4
26 2
27 4
28 2
29 2
30 0
31 0
last timestep 31
node 1166 iteration 4
0 0
1 1
2 2
3 4
4 9
5 14
6 25
7 26
8 48
9 50
10 79
11 103
12 96
13 95
14 85
15 54
16 42
17 28
18 16
19 10
20 10
21 11
22 7
23 6
24 3
25 1
26 0
27 0
last timestep 27
node 1166 iteration 5
0 0
1 3
2 5
3 22
4 34
5 35
6 55
7 84
8 104
9 107
10 94
11 79
12 55
13 46
14 33
15 20
16 14
17 14
18 10
19 10
20 7
21 8
22 5
23 5
24 0
25 0
last timestep 25
node 1166 iteration 6
0 0
1 1
2 3
3 3
4 2
5 3
6 16
7 36
8 52
9 67
10 96
11 88
12 109
13 109
14 107
15 87
16 75
17 45
18 32
19 23
20 15
21 6
22 4
23 2
24 0
25 1
26 1
27 1
28 1
29 0
last timestep 29
node 1166 iteration 7
0 0
1 3
2 1
3 3
4 5
5 13
6 24
7 19
8 26
9 34
10 51
11 54
12 76
13 57
14 70
15 61
16 61
17 43
18 38
19 24
20 13
21 14
22 15
23 8
24 8
25 10
26 16
27 11
28 3
29 2
30 2
31 1
32 0
33 0
last timestep 33
node 1166 iteration 8
0 0
1 1
2 0
3 0
last timestep 3
node 1166 iteration 9
0 0
1 1
2 0
3 0
last timestep 3
