node 514 iteration 0
0 0
1 3
2 1
3 5
4 13
5 19
6 25
7 47
8 66
9 64
10 80
11 92
12 89
13 96
14 63
15 43
16 25
17 17
18 17
19 10
20 6
21 3
22 1
23 5
24 3
25 2
26 3
27 3
28 4
29 2
30 2
31 0
32 0
last timestep 32
node 514 iteration 1
0 0
1 4
2 4
3 1
4 2
5 1
6 0
7 0
last timestep 7
node 514 iteration 2
0 0
1 6
2 7
3 17
4 8
5 9
6 7
7 10
8 11
9 11
10 11
11 16
12 27
13 27
14 51
15 64
16 65
17 62
18 55
19 46
20 32
21 48
22 36
23 22
24 18
25 11
26 7
27 7
28 2
29 5
30 3
31 2
32 1
33 1
34 1
35 1
36 2
37 2
38 3
39 2
40 3
41 3
42 3
43 2
44 0
45 0
last timestep 45
node 514 iteration 3
0 0
1 7
2 6
3 11
4 18
5 28
6 32
7 55
8 71
9 61
10 75
11 71
12 58
13 69
14 59
15 55
16 35
17 23
18 12
19 13
20 8
21 3
22 1
23 0
24 0
last timestep 24
node 514 iteration 4
0 0
1 4
2 11
3 11
4 15
5 37
6 50
7 69
8 87
9 86
10 67
11 57
12 59
13 48
14 37
15 26
16 18
17 13
18 7
19 2
20 4
21 1
22 1
23 1
24 0
25 0
last timestep 25
node 514 iteration 5
0 0
1 10
2 11
3 10
4 23
5 28
6 38
7 45
8 54
9 65
10 68
11 71
12 50
13 44
14 39
15 31
16 27
17 17
18 15
19 6
20 4
21 4
22 7
23 6
24 6
25 8
26 5
27 3
28 3
29 0
30 0
last timestep 30
node 514 iteration 6
0 0
1 7
2 5
3 6
4 18
5 44
6 63
7 86
8 104
9 136
10 141
11 110
12 69
13 53
14 45
15 22
16 12
17 4
18 2
19 0
20 0
last timestep 20
node 514 iteration 7
0 0
1 5
2 11
3 17
4 18
5 31
6 66
7 83
8 77
9 71
10 72
11 87
12 71
13 64
14 35
15 31
16 26
17 23
18 18
19 13
20 1
21 1
22 1
23 0
24 0
last timestep 24
node 514 iteration 8
0 0
1 5
2 2
3 4
4 0
5 0
last timestep 5
node 514 iteration 9
0 0
1 6
2 12
3 23
4 26
5 19
6 33
7 33
8 44
9 62
10 61
11 77
12 64
13 62
14 57
15 44
16 23
17 19
18 12
19 6
20 6
21 5
22 6
23 4
24 1
25 0
26 0
last timestep 26
