node 591 iteration 0
0 0
1 1
2 0
3 0
last timestep 3
node 591 iteration 1
0 0
1 0
2 0
last timestep 2
node 591 iteration 2
0 0
1 1
2 1
3 0
4 0
last timestep 4
node 591 iteration 3
0 0
1 0
2 0
last timestep 2
node 591 iteration 4
0 0
1 1
2 4
3 3
4 5
5 5
6 8
7 12
8 15
9 15
10 22
11 31
12 37
13 59
14 53
15 53
16 76
17 74
18 43
19 33
20 42
21 34
22 31
23 28
24 18
25 11
26 12
27 5
28 2
29 0
30 0
last timestep 30
node 591 iteration 5
0 0
1 0
2 1
3 3
4 3
5 2
6 5
7 14
8 14
9 32
10 39
11 59
12 69
13 92
14 99
15 82
16 64
17 60
18 50
19 35
20 25
21 19
22 11
23 8
24 6
25 2
26 0
last timestep 26
node 591 iteration 6
0 0
1 2
2 2
3 9
4 14
5 9
6 15
7 24
8 27
9 40
10 72
11 95
12 88
13 92
14 83
15 92
16 72
17 57
18 27
19 18
20 23
21 15
22 11
23 8
24 8
25 9
26 4
27 7
28 2
29 1
30 0
31 0
last timestep 31
node 591 iteration 7
0 0
1 0
2 0
last timestep 2
node 591 iteration 8
0 0
1 1
2 1
3 8
4 9
5 8
6 13
7 29
8 55
9 36
10 56
11 44
12 47
13 47
14 63
15 48
16 56
17 61
18 32
19 35
20 36
21 17
22 10
23 10
24 13
25 4
26 6
27 7
28 7
29 6
30 6
31 2
32 3
33 3
34 0
35 2
36 0
last timestep 36
node 591 iteration 9
0 0
1 0
2 0
last timestep 2
