node 1210 iteration 0
0 0
1 5
2 5
3 7
4 9
5 15
6 17
7 18
8 39
9 56
10 72
11 90
12 91
13 76
14 74
15 46
16 36
17 28
18 27
19 11
20 9
21 6
22 1
23 1
24 0
25 0
last timestep 25
node 1210 iteration 1
0 0
1 2
2 6
3 3
4 8
5 7
6 13
7 21
8 49
9 38
10 59
11 63
12 80
13 86
14 105
15 70
16 49
17 31
18 32
19 19
20 21
21 18
22 10
23 11
24 7
25 6
26 2
27 0
28 0
last timestep 28
node 1210 iteration 2
0 0
1 4
2 16
3 32
4 51
5 57
6 90
7 83
8 100
9 92
10 70
11 51
12 34
13 30
14 6
15 1
16 1
17 2
18 1
19 1
20 0
21 0
last timestep 21
node 1210 iteration 3
0 0
1 4
2 4
3 1
4 5
5 3
6 14
7 25
8 34
9 29
10 51
11 66
12 49
13 79
14 60
15 50
16 49
17 46
18 34
19 28
20 15
21 10
22 7
23 2
24 1
25 4
26 0
27 0
last timestep 27
node 1210 iteration 4
0 0
1 4
2 7
3 7
4 3
5 4
6 2
7 3
8 4
9 7
10 8
11 13
12 13
13 20
14 55
15 54
16 54
17 63
18 57
19 42
20 40
21 48
22 60
23 37
24 34
25 18
26 13
27 9
28 12
29 9
30 4
31 1
32 0
33 0
last timestep 33
node 1210 iteration 5
0 0
1 0
2 0
last timestep 2
node 1210 iteration 6
0 0
1 4
2 3
3 3
4 6
5 9
6 8
7 12
8 22
9 29
10 61
11 62
12 71
13 75
14 82
15 74
16 71
17 42
18 34
19 37
20 18
21 15
22 10
23 6
24 5
25 8
26 4
27 2
28 1
29 1
30 1
31 0
32 0
last timestep 32
node 1210 iteration 7
0 0
1 3
2 4
3 21
4 21
5 38
6 61
7 58
8 69
9 92
10 75
11 83
12 58
13 62
14 51
15 28
16 25
17 23
18 19
19 13
20 7
21 6
22 2
23 4
24 1
25 2
26 1
27 1
28 0
29 0
last timestep 29
node 1210 iteration 8
0 0
1 4
2 9
3 3
4 10
5 10
6 21
7 37
8 55
9 72
10 82
11 94
12 118
13 108
14 90
15 46
16 39
17 35
18 19
19 7
20 5
21 4
22 1
23 0
24 0
last timestep 24
node 1210 iteration 9
0 0
1 1
2 2
3 1
4 0
5 0
last timestep 5
