node 1006 iteration 0
0 0
1 3
2 7
3 12
4 25
5 41
6 42
7 45
8 74
9 86
10 88
11 84
12 75
13 48
14 40
15 31
16 17
17 19
18 10
19 11
20 13
21 13
22 3
23 3
24 0
25 0
last timestep 25
node 1006 iteration 1
0 0
1 4
2 3
3 10
4 24
5 27
6 53
7 84
8 69
9 100
10 98
11 75
12 63
13 49
14 33
15 29
16 34
17 27
18 13
19 10
20 12
21 6
22 2
23 1
24 1
25 3
26 2
27 0
28 0
last timestep 28
node 1006 iteration 2
0 0
1 2
2 3
3 4
4 14
5 28
6 35
7 61
8 72
9 88
10 91
11 85
12 86
13 66
14 29
15 25
16 14
17 12
18 4
19 6
20 2
21 0
22 0
last timestep 22
node 1006 iteration 3
0 0
1 2
2 3
3 11
4 5
5 16
6 20
7 23
8 36
9 44
10 60
11 73
12 81
13 86
14 102
15 74
16 52
17 32
18 18
19 6
20 6
21 3
22 1
23 1
24 0
25 0
last timestep 25
node 1006 iteration 4
0 0
1 2
2 3
3 4
4 16
5 18
6 21
7 48
8 49
9 62
10 66
11 72
12 70
13 70
14 62
15 72
16 46
17 32
18 21
19 14
20 18
21 7
22 4
23 1
24 0
25 0
last timestep 25
node 1006 iteration 5
0 0
1 1
2 0
3 2
4 1
5 3
6 4
7 0
last timestep 7
node 1006 iteration 6
0 0
1 1
2 9
3 5
4 7
5 16
6 13
7 18
8 31
9 64
10 60
11 90
12 83
13 79
14 72
15 57
16 37
17 27
18 18
19 15
20 12
21 6
22 4
23 1
24 1
25 1
26 0
27 0
last timestep 27
node 1006 iteration 7
0 0
1 5
2 1
3 4
4 14
5 22
6 24
7 34
8 53
9 77
10 111
11 82
12 106
13 95
14 79
15 54
16 34
17 22
18 12
19 6
20 5
21 5
22 4
23 2
24 0
25 0
last timestep 25
node 1006 iteration 8
0 0
1 4
2 5
3 7
4 17
5 24
6 45
7 50
8 73
9 83
10 68
11 61
12 70
13 51
14 39
15 28
16 23
17 19
18 14
19 15
20 10
21 6
22 2
23 2
24 0
25 0
last timestep 25
node 1006 iteration 9
0 0
1 0
2 0
last timestep 2
