node 1160 iteration 0
0 0
1 0
2 0
last timestep 2
node 1160 iteration 1
0 0
1 1
2 0
3 0
last timestep 3
node 1160 iteration 2
0 0
1 0
2 0
last timestep 2
node 1160 iteration 3
0 0
1 2
2 1
3 2
4 1
5 5
6 13
7 8
8 7
9 6
10 20
11 17
12 20
13 20
14 20
15 33
16 55
17 81
18 103
19 90
20 78
21 82
22 58
23 37
24 35
25 9
26 8
27 1
28 2
29 1
30 1
31 0
32 0
last timestep 32
node 1160 iteration 4
0 0
1 1
2 1
3 3
4 3
5 3
6 4
7 5
8 13
9 25
10 42
11 53
12 76
13 107
14 146
15 116
16 84
17 61
18 42
19 18
20 15
21 10
22 5
23 3
24 0
25 2
26 1
27 0
last timestep 27
node 1160 iteration 5
0 0
1 0
2 0
last timestep 2
node 1160 iteration 6
0 0
1 2
2 11
3 20
4 20
5 26
6 29
7 34
8 44
9 48
10 68
11 61
12 74
13 86
14 55
15 43
16 40
17 27
18 23
19 8
20 14
21 7
22 0
23 0
last timestep 23
node 1160 iteration 7
0 0
1 0
2 0
last timestep 2
node 1160 iteration 8
0 0
1 6
2 4
3 5
4 5
5 4
6 6
7 3
8 12
9 30
10 32
11 52
12 91
13 98
14 115
15 95
16 107
17 73
18 59
19 40
20 16
21 9
22 3
23 3
24 1
25 0
26 0
last timestep 26
node 1160 iteration 9
0 0
1 4
2 5
3 9
4 17
5 31
6 47
7 71
8 74
9 82
10 101
11 89
12 81
13 56
14 72
15 30
16 30
17 11
18 12
19 3
20 2
21 2
22 0
23 1
24 0
last timestep 24
