node 1799 iteration 0
0 0
1 7
2 5
3 13
4 11
5 12
6 22
7 29
8 36
9 52
10 42
11 49
12 67
13 72
14 50
15 35
16 39
17 44
18 37
19 21
20 17
21 16
22 16
23 11
24 5
25 5
26 2
27 1
28 2
29 0
30 0
last timestep 30
node 1799 iteration 1
0 0
1 2
2 1
3 1
4 1
5 4
6 5
7 5
8 4
9 7
10 12
11 17
12 17
13 21
14 39
15 47
16 39
17 58
18 63
19 73
20 62
21 64
22 55
23 50
24 29
25 12
26 10
27 18
28 10
29 7
30 2
31 0
32 0
last timestep 32
node 1799 iteration 2
0 0
1 2
2 2
3 6
4 5
5 13
6 24
7 32
8 56
9 67
10 77
11 119
12 123
13 103
14 66
15 53
16 49
17 27
18 19
19 17
20 9
21 7
22 6
23 5
24 4
25 2
26 1
27 1
28 0
29 1
30 0
last timestep 30
node 1799 iteration 3
0 0
1 1
2 3
3 6
4 14
5 6
6 14
7 9
8 21
9 37
10 42
11 57
12 52
13 68
14 91
15 109
16 97
17 78
18 54
19 36
20 12
21 8
22 4
23 1
24 1
25 0
26 0
last timestep 26
node 1799 iteration 4
0 0
1 1
2 2
3 7
4 17
5 27
6 42
7 77
8 85
9 116
10 126
11 112
12 82
13 52
14 38
15 24
16 14
17 16
18 10
19 6
20 3
21 1
22 0
23 0
last timestep 23
node 1799 iteration 5
0 0
1 1
2 1
3 9
4 5
5 11
6 20
7 37
8 44
9 56
10 55
11 81
12 78
13 61
14 50
15 59
16 53
17 40
18 30
19 23
20 20
21 15
22 15
23 14
24 8
25 8
26 8
27 1
28 0
29 1
30 1
31 0
last timestep 31
node 1799 iteration 6
0 0
1 1
2 4
3 9
4 4
5 13
6 36
7 49
8 63
9 82
10 82
11 80
12 90
13 84
14 43
15 52
16 39
17 32
18 31
19 12
20 1
21 0
22 0
last timestep 22
node 1799 iteration 7
0 0
1 4
2 6
3 12
4 20
5 31
6 62
7 108
8 127
9 105
10 85
11 64
12 49
13 31
14 26
15 11
16 7
17 1
18 3
19 2
20 2
21 0
22 0
last timestep 22
node 1799 iteration 8
0 0
1 3
2 6
3 2
4 2
5 7
6 9
7 15
8 14
9 23
10 31
11 56
12 57
13 64
14 69
15 65
16 74
17 60
18 49
19 38
20 40
21 22
22 26
23 15
24 12
25 5
26 1
27 1
28 0
29 1
30 0
last timestep 30
node 1799 iteration 9
0 0
1 1
2 5
3 10
4 7
5 18
6 19
7 50
8 50
9 56
10 69
11 71
12 103
13 114
14 71
15 57
16 49
17 22
18 17
19 19
20 15
21 13
22 4
23 9
24 2
25 2
26 1
27 4
28 2
29 1
30 2
31 0
32 0
last timestep 32
