node 511 iteration 0
0 0
1 3
2 7
3 17
4 19
5 26
6 56
7 65
8 89
9 97
10 96
11 98
12 86
13 61
14 36
15 12
16 11
17 13
18 9
19 9
20 10
21 12
22 6
23 7
24 5
25 5
26 3
27 1
28 1
29 0
30 0
last timestep 30
node 511 iteration 1
0 0
1 3
2 3
3 1
4 0
5 0
last timestep 5
node 511 iteration 2
0 0
1 0
2 0
last timestep 2
node 511 iteration 3
0 0
1 1
2 0
3 0
last timestep 3
node 511 iteration 4
0 0
1 3
2 8
3 11
4 23
5 20
6 27
7 41
8 51
9 69
10 85
11 83
12 75
13 92
14 78
15 64
16 36
17 21
18 9
19 2
20 0
21 0
last timestep 21
node 511 iteration 5
0 0
1 5
2 9
3 7
4 13
5 19
6 33
7 56
8 81
9 109
10 119
11 99
12 78
13 52
14 42
15 49
16 33
17 18
18 6
19 5
20 9
21 4
22 6
23 3
24 5
25 2
26 1
27 0
28 0
last timestep 28
node 511 iteration 6
0 0
1 4
2 9
3 22
4 57
5 53
6 66
7 77
8 107
9 114
10 103
11 83
12 71
13 45
14 38
15 21
16 20
17 8
18 4
19 1
20 1
21 0
22 0
last timestep 22
node 511 iteration 7
0 0
1 0
2 0
last timestep 2
node 511 iteration 8
0 0
1 0
2 0
last timestep 2
node 511 iteration 9
0 0
1 0
2 3
3 4
4 9
5 26
6 38
7 57
8 66
9 87
10 84
11 85
12 97
13 67
14 43
15 31
16 17
17 9
18 4
19 5
20 11
21 4
22 4
23 1
24 0
last timestep 24
