node 1645 iteration 0
0 0
1 1
2 1
3 0
4 0
last timestep 4
node 1645 iteration 1
0 0
1 0
2 1
3 1
4 1
5 0
last timestep 5
node 1645 iteration 2
0 0
1 2
2 1
3 0
4 0
last timestep 4
node 1645 iteration 3
0 0
1 3
2 7
3 10
4 16
5 20
6 26
7 41
8 59
9 76
10 79
11 105
12 98
13 79
14 68
15 35
16 27
17 17
18 8
19 10
20 11
21 6
22 2
23 1
24 1
25 0
26 0
last timestep 26
node 1645 iteration 4
0 0
1 1
2 1
3 2
4 8
5 5
6 2
7 4
8 9
9 10
10 18
11 14
12 7
13 12
14 16
15 32
16 46
17 76
18 75
19 104
20 74
21 90
22 75
23 30
24 22
25 23
26 6
27 18
28 14
29 7
30 5
31 5
32 3
33 0
34 0
last timestep 34
node 1645 iteration 5
0 0
1 2
2 2
3 1
4 0
5 0
last timestep 5
node 1645 iteration 6
0 0
1 2
2 2
3 4
4 4
5 3
6 3
7 2
8 1
9 0
10 0
last timestep 10
node 1645 iteration 7
0 0
1 0
2 0
last timestep 2
node 1645 iteration 8
0 0
1 2
2 6
3 13
4 23
5 31
6 60
7 66
8 79
9 59
10 61
11 45
12 28
13 39
14 35
15 29
16 22
17 11
18 11
19 6
20 6
21 3
22 1
23 1
24 0
25 1
26 2
27 0
last timestep 27
node 1645 iteration 9
0 0
1 1
2 1
3 2
4 2
5 4
6 3
7 4
8 4
9 4
10 2
11 1
12 5
13 10
14 28
15 31
16 70
17 76
18 80
19 76
20 72
21 71
22 44
23 41
24 30
25 19
26 12
27 14
28 10
29 6
30 2
31 3
32 0
33 0
last timestep 33
