node 1511 iteration 0
0 0
1 2
2 2
3 4
4 10
5 10
6 18
7 31
8 42
9 49
10 71
11 101
12 116
13 99
14 87
15 62
16 40
17 31
18 22
19 9
20 3
21 1
22 2
23 1
24 2
25 2
26 0
27 0
last timestep 27
node 1511 iteration 1
0 0
1 4
2 3
3 1
4 4
5 6
6 7
7 17
8 16
9 19
10 28
11 21
12 15
13 25
14 24
15 20
16 21
17 26
18 32
19 36
20 33
21 40
22 52
23 30
24 41
25 34
26 29
27 18
28 12
29 9
30 9
31 5
32 3
33 2
34 7
35 4
36 1
37 0
38 0
last timestep 38
node 1511 iteration 2
0 0
1 1
2 2
3 10
4 12
5 26
6 46
7 71
8 91
9 121
10 118
11 98
12 84
13 60
14 40
15 17
16 10
17 11
18 6
19 5
20 7
21 2
22 4
23 4
24 4
25 4
26 7
27 4
28 1
29 0
30 0
last timestep 30
node 1511 iteration 3
0 0
1 3
2 5
3 11
4 16
5 24
6 37
7 59
8 77
9 104
10 119
11 83
12 66
13 46
14 38
15 33
16 24
17 13
18 11
19 8
20 4
21 6
22 2
23 1
24 0
25 0
last timestep 25
node 1511 iteration 4
0 0
1 0
2 0
last timestep 2
node 1511 iteration 5
0 0
1 3
2 5
3 15
4 20
5 36
6 52
7 60
8 82
9 132
10 130
11 116
12 91
13 71
14 32
15 19
16 2
17 1
18 0
19 0
last timestep 19
node 1511 iteration 6
0 0
1 2
2 2
3 1
4 3
5 4
6 8
7 20
8 22
9 34
10 43
11 64
12 55
13 62
14 83
15 99
16 96
17 66
18 49
19 46
20 25
21 11
22 6
23 2
24 1
25 0
26 0
last timestep 26
node 1511 iteration 7
0 0
1 0
2 0
last timestep 2
node 1511 iteration 8
0 0
1 2
2 7
3 11
4 10
5 20
6 50
7 62
8 78
9 69
10 81
11 93
12 75
13 66
14 49
15 23
16 19
17 19
18 10
19 3
20 5
21 2
22 2
23 1
24 3
25 1
26 2
27 0
28 0
last timestep 28
node 1511 iteration 9
0 0
1 2
2 1
3 6
4 8
5 11
6 14
7 18
8 40
9 59
10 80
11 83
12 93
13 93
14 118
15 72
16 53
17 24
18 20
19 17
20 3
21 1
22 1
23 0
24 1
25 0
last timestep 25
