node 562 iteration 0
0 0
1 1
2 1
3 0
4 0
last timestep 4
node 562 iteration 1
0 0
1 2
2 5
3 7
4 9
5 12
6 26
7 31
8 43
9 53
10 65
11 74
12 67
13 75
14 79
15 69
16 53
17 57
18 39
19 38
20 28
21 17
22 9
23 6
24 1
25 1
26 0
27 0
last timestep 27
node 562 iteration 2
0 0
1 1
2 0
3 0
last timestep 3
node 562 iteration 3
0 0
1 1
2 0
3 0
last timestep 3
node 562 iteration 4
0 0
1 5
2 2
3 4
4 7
5 24
6 22
7 53
8 60
9 71
10 95
11 108
12 103
13 86
14 68
15 39
16 36
17 27
18 8
19 5
20 1
21 1
22 3
23 0
24 0
last timestep 24
node 562 iteration 5
0 0
1 7
2 17
3 20
4 32
5 26
6 31
7 38
8 47
9 45
10 70
11 87
12 73
13 76
14 59
15 49
16 40
17 19
18 10
19 6
20 5
21 1
22 3
23 0
24 0
last timestep 24
node 562 iteration 6
0 0
1 3
2 4
3 12
4 15
5 27
6 28
7 69
8 95
9 93
10 86
11 106
12 94
13 65
14 54
15 25
16 21
17 13
18 9
19 5
20 4
21 5
22 2
23 1
24 0
25 0
last timestep 25
node 562 iteration 7
0 0
1 4
2 10
3 12
4 22
5 35
6 47
7 59
8 69
9 65
10 66
11 70
12 56
13 35
14 44
15 45
16 33
17 29
18 14
19 10
20 14
21 9
22 10
23 4
24 6
25 2
26 1
27 0
28 0
last timestep 28
node 562 iteration 8
0 0
1 2
2 1
3 5
4 8
5 13
6 9
7 22
8 20
9 35
10 48
11 52
12 68
13 64
14 66
15 75
16 56
17 28
18 25
19 15
20 15
21 2
22 2
23 0
24 0
last timestep 24
node 562 iteration 9
0 0
1 2
2 7
3 9
4 34
5 26
6 41
7 45
8 57
9 68
10 62
11 60
12 48
13 38
14 34
15 38
16 39
17 27
18 17
19 18
20 8
21 1
22 1
23 1
24 0
25 0
last timestep 25
