node 1082 iteration 0
0 0
1 2
2 3
3 16
4 16
5 47
6 54
7 62
8 75
9 79
10 100
11 90
12 85
13 71
14 49
15 31
16 15
17 11
18 8
19 2
20 0
21 0
last timestep 21
node 1082 iteration 1
0 0
1 1
2 0
3 0
last timestep 3
node 1082 iteration 2
0 0
1 0
2 0
last timestep 2
node 1082 iteration 3
0 0
1 1
2 1
3 10
4 10
5 11
6 23
7 34
8 49
9 55
10 79
11 63
12 67
13 72
14 59
15 43
16 31
17 39
18 26
19 17
20 23
21 17
22 13
23 9
24 7
25 6
26 3
27 3
28 0
29 1
30 0
last timestep 30
node 1082 iteration 4
0 0
1 2
2 10
3 12
4 8
5 14
6 13
7 19
8 14
9 23
10 26
11 27
12 32
13 57
14 41
15 67
16 63
17 62
18 54
19 46
20 33
21 26
22 26
23 27
24 22
25 19
26 4
27 2
28 2
29 3
30 0
31 0
last timestep 31
node 1082 iteration 5
0 0
1 3
2 6
3 10
4 11
5 22
6 43
7 59
8 95
9 117
10 124
11 99
12 84
13 76
14 58
15 37
16 15
17 8
18 8
19 7
20 1
21 0
22 1
23 1
24 0
last timestep 24
node 1082 iteration 6
0 0
1 1
2 0
3 0
last timestep 3
node 1082 iteration 7
0 0
1 0
2 0
last timestep 2
node 1082 iteration 8
0 0
1 3
2 5
3 21
4 31
5 53
6 75
7 95
8 101
9 95
10 76
11 59
12 36
13 30
14 20
15 15
16 12
17 7
18 6
19 2
20 7
21 7
22 3
23 6
24 4
25 6
26 6
27 2
28 3
29 3
30 1
31 0
32 0
last timestep 32
node 1082 iteration 9
0 0
1 4
2 1
3 2
4 4
5 3
6 16
7 35
8 65
9 70
10 92
11 122
12 113
13 103
14 69
15 68
16 46
17 42
18 25
19 15
20 8
21 2
22 0
23 0
last timestep 23
