node 613 iteration 0
0 0
1 6
2 20
3 15
4 34
5 56
6 69
7 91
8 89
9 80
10 84
11 73
12 45
13 26
14 28
15 10
16 8
17 2
18 2
19 0
20 0
last timestep 20
node 613 iteration 1
0 0
1 2
2 3
3 8
4 11
5 21
6 24
7 39
8 44
9 66
10 74
11 93
12 91
13 101
14 65
15 42
16 44
17 28
18 19
19 15
20 6
21 8
22 3
23 0
24 1
25 0
last timestep 25
node 613 iteration 2
0 0
1 5
2 16
3 25
4 41
5 55
6 92
7 105
8 110
9 96
10 85
11 49
12 39
13 17
14 12
15 9
16 5
17 4
18 6
19 7
20 8
21 7
22 6
23 4
24 1
25 0
26 0
last timestep 26
node 613 iteration 3
0 0
1 3
2 5
3 9
4 11
5 6
6 8
7 14
8 11
9 27
10 47
11 59
12 74
13 78
14 84
15 72
16 64
17 33
18 26
19 9
20 9
21 5
22 0
23 0
last timestep 23
node 613 iteration 4
0 0
1 4
2 0
3 0
last timestep 3
node 613 iteration 5
0 0
1 3
2 6
3 8
4 12
5 13
6 17
7 33
8 57
9 57
10 67
11 65
12 66
13 65
14 58
15 60
16 40
17 35
18 23
19 25
20 17
21 5
22 4
23 2
24 2
25 2
26 0
27 0
last timestep 27
node 613 iteration 6
0 0
1 5
2 5
3 18
4 20
5 27
6 31
7 37
8 52
9 71
10 100
11 104
12 99
13 85
14 69
15 52
16 38
17 22
18 10
19 1
20 0
21 0
last timestep 21
node 613 iteration 7
0 0
1 5
2 1
3 2
4 6
5 13
6 15
7 21
8 31
9 64
10 62
11 63
12 76
13 71
14 90
15 89
16 76
17 53
18 31
19 16
20 12
21 10
22 6
23 4
24 2
25 1
26 0
27 0
last timestep 27
node 613 iteration 8
0 0
1 5
2 9
3 17
4 19
5 23
6 44
7 47
8 55
9 66
10 91
11 104
12 90
13 64
14 57
15 27
16 33
17 31
18 9
19 9
20 12
21 4
22 3
23 3
24 2
25 0
26 0
last timestep 26
node 613 iteration 9
0 0
1 2
2 4
3 13
4 15
5 34
6 30
7 40
8 31
9 40
10 42
11 47
12 48
13 43
14 44
15 48
16 45
17 34
18 25
19 10
20 12
21 10
22 6
23 3
24 7
25 5
26 7
27 9
28 5
29 4
30 4
31 4
32 1
33 5
34 3
35 2
36 1
37 4
38 3
39 0
40 0
last timestep 40
