node 2197 iteration 0
0 0
1 2
2 7
3 12
4 24
5 47
6 56
7 72
8 85
9 74
10 97
11 99
12 84
13 88
14 51
15 26
16 11
17 8
18 2
19 5
20 2
21 0
22 0
last timestep 22
node 2197 iteration 1
0 0
1 2
2 1
3 3
4 4
5 8
6 10
7 7
8 14
9 17
10 15
11 13
12 21
13 26
14 38
15 56
16 48
17 48
18 60
19 63
20 47
21 35
22 24
23 19
24 17
25 24
26 11
27 18
28 13
29 10
30 18
31 6
32 6
33 7
34 2
35 3
36 0
37 0
last timestep 37
node 2197 iteration 2
0 0
1 4
2 6
3 7
4 5
5 6
6 7
7 13
8 15
9 35
10 35
11 27
12 30
13 37
14 44
15 44
16 67
17 78
18 86
19 72
20 67
21 67
22 37
23 26
24 15
25 10
26 7
27 1
28 1
29 0
30 0
last timestep 30
node 2197 iteration 3
0 0
1 5
2 16
3 38
4 55
5 90
6 96
7 96
8 89
9 86
10 79
11 76
12 51
13 30
14 17
15 3
16 3
17 0
18 0
last timestep 18
node 2197 iteration 4
0 0
1 1
2 0
3 0
last timestep 3
node 2197 iteration 5
0 0
1 4
2 6
3 12
4 22
5 35
6 63
7 79
8 97
9 130
10 94
11 85
12 68
13 60
14 38
15 14
16 15
17 7
18 6
19 0
20 0
last timestep 20
node 2197 iteration 6
0 0
1 4
2 4
3 4
4 7
5 14
6 14
7 27
8 49
9 75
10 99
11 133
12 112
13 103
14 88
15 62
16 45
17 31
18 27
19 23
20 8
21 0
22 0
last timestep 22
node 2197 iteration 7
0 0
1 4
2 5
3 6
4 13
5 25
6 41
7 49
8 63
9 59
10 65
11 80
12 60
13 55
14 55
15 59
16 43
17 29
18 26
19 16
20 15
21 11
22 5
23 1
24 0
25 0
last timestep 25
node 2197 iteration 8
0 0
1 2
2 4
3 12
4 18
5 30
6 40
7 53
8 70
9 71
10 70
11 72
12 73
13 60
14 43
15 40
16 19
17 6
18 8
19 3
20 1
21 0
22 0
last timestep 22
node 2197 iteration 9
0 0
1 2
2 3
3 8
4 5
5 6
6 16
7 27
8 15
9 33
10 40
11 68
12 63
13 74
14 71
15 62
16 55
17 50
18 39
19 31
20 25
21 15
22 16
23 10
24 7
25 3
26 1
27 0
28 0
last timestep 28
