node 727 iteration 0
0 0
1 7
2 12
3 17
4 18
5 29
6 46
7 64
8 67
9 77
10 83
11 67
12 65
13 47
14 38
15 29
16 34
17 21
18 8
19 8
20 7
21 7
22 7
23 7
24 6
25 5
26 1
27 2
28 1
29 1
30 1
31 0
32 1
33 0
last timestep 33
node 727 iteration 1
0 0
1 0
2 1
3 5
4 9
5 5
6 9
7 15
8 31
9 56
10 90
11 109
12 120
13 110
14 75
15 64
16 43
17 28
18 16
19 9
20 3
21 4
22 6
23 4
24 2
25 0
last timestep 25
node 727 iteration 2
0 0
1 1
2 0
3 0
last timestep 3
node 727 iteration 3
0 0
1 2
2 7
3 7
4 10
5 19
6 31
7 37
8 55
9 70
10 79
11 82
12 93
13 71
14 91
15 77
16 44
17 27
18 16
19 7
20 11
21 13
22 7
23 10
24 5
25 2
26 0
27 0
last timestep 27
node 727 iteration 4
0 0
1 1
2 2
3 6
4 15
5 21
6 23
7 34
8 42
9 51
10 72
11 81
12 96
13 94
14 94
15 58
16 43
17 28
18 15
19 17
20 12
21 12
22 3
23 0
24 0
last timestep 24
node 727 iteration 5
0 0
1 1
2 2
3 5
4 9
5 10
6 9
7 24
8 35
9 70
10 89
11 98
12 101
13 88
14 68
15 59
16 60
17 27
18 20
19 18
20 14
21 8
22 7
23 5
24 1
25 0
26 2
27 3
28 3
29 0
last timestep 29
node 727 iteration 6
0 0
1 0
2 0
last timestep 2
node 727 iteration 7
0 0
1 2
2 2
3 4
4 1
5 4
6 4
7 14
8 36
9 27
10 23
11 26
12 19
13 30
14 32
15 40
16 56
17 42
18 61
19 55
20 55
21 52
22 53
23 43
24 25
25 16
26 13
27 7
28 11
29 6
30 4
31 4
32 9
33 7
34 6
35 0
36 0
last timestep 36
node 727 iteration 8
0 0
1 2
2 1
3 2
4 3
5 8
6 14
7 10
8 17
9 18
10 17
11 48
12 56
13 73
14 87
15 92
16 86
17 72
18 51
19 41
20 29
21 20
22 22
23 9
24 9
25 8
26 5
27 3
28 6
29 7
30 1
31 0
32 0
last timestep 32
node 727 iteration 9
0 0
1 1
2 0
3 3
4 0
last timestep 4
