node 351 iteration 0
0 0
1 3
2 3
3 4
4 9
5 8
6 20
7 33
8 49
9 69
10 73
11 78
12 91
13 79
14 71
15 64
16 47
17 30
18 13
19 9
20 9
21 11
22 15
23 13
24 6
25 1
26 3
27 1
28 1
29 1
30 3
31 0
32 3
33 0
last timestep 33
node 351 iteration 1
0 0
1 2
2 2
3 2
4 1
5 2
6 4
7 8
8 12
9 19
10 27
11 31
12 39
13 46
14 51
15 60
16 60
17 41
18 42
19 58
20 43
21 57
22 46
23 48
24 29
25 18
26 8
27 4
28 10
29 7
30 8
31 6
32 1
33 0
34 0
last timestep 34
node 351 iteration 2
0 0
1 3
2 1
3 1
4 2
5 4
6 5
7 7
8 4
9 20
10 27
11 39
12 74
13 79
14 90
15 92
16 93
17 87
18 70
19 52
20 25
21 17
22 17
23 9
24 6
25 7
26 14
27 6
28 5
29 1
30 1
31 0
32 0
last timestep 32
node 351 iteration 3
0 0
1 0
2 0
last timestep 2
node 351 iteration 4
0 0
1 2
2 7
3 8
4 3
5 5
6 1
7 4
8 6
9 6
10 13
11 13
12 24
13 51
14 58
15 74
16 100
17 85
18 71
19 62
20 63
21 48
22 42
23 32
24 22
25 14
26 14
27 3
28 0
29 1
30 2
31 1
32 4
33 1
34 1
35 2
36 0
last timestep 36
node 351 iteration 5
0 0
1 2
2 3
3 6
4 11
5 21
6 28
7 30
8 40
9 45
10 60
11 66
12 75
13 82
14 74
15 75
16 51
17 39
18 37
19 22
20 19
21 10
22 4
23 2
24 0
25 0
last timestep 25
node 351 iteration 6
0 0
1 5
2 7
3 6
4 10
5 16
6 21
7 20
8 39
9 55
10 84
11 100
12 101
13 99
14 73
15 65
16 52
17 31
18 25
19 24
20 15
21 11
22 9
23 3
24 0
25 0
last timestep 25
node 351 iteration 7
0 0
1 4
2 4
3 3
4 2
5 4
6 1
7 0
8 0
last timestep 8
node 351 iteration 8
0 0
1 2
2 1
3 0
4 0
last timestep 4
node 351 iteration 9
0 0
1 2
2 3
3 9
4 16
5 19
6 33
7 41
8 61
9 65
10 89
11 89
12 86
13 86
14 71
15 53
16 33
17 39
18 22
19 18
20 15
21 8
22 7
23 2
24 1
25 1
26 0
27 0
last timestep 27
