node 125 iteration 0
0 0
1 3
2 3
3 5
4 4
5 9
6 12
7 23
8 32
9 32
10 60
11 55
12 63
13 71
14 86
15 71
16 75
17 53
18 38
19 32
20 17
21 10
22 3
23 0
24 0
last timestep 24
node 125 iteration 1
0 0
1 2
2 2
3 4
4 8
5 9
6 6
7 5
8 12
9 13
10 25
11 35
12 36
13 49
14 60
15 57
16 47
17 49
18 38
19 43
20 35
21 44
22 39
23 29
24 28
25 14
26 10
27 6
28 6
29 4
30 2
31 2
32 1
33 1
34 2
35 1
36 0
37 0
last timestep 37
node 125 iteration 2
0 0
1 4
2 7
3 23
4 35
5 42
6 66
7 67
8 84
9 70
10 76
11 72
12 65
13 65
14 51
15 33
16 24
17 13
18 6
19 6
20 7
21 4
22 3
23 1
24 0
25 0
last timestep 25
node 125 iteration 3
0 0
1 3
2 3
3 11
4 14
5 15
6 23
7 38
8 56
9 63
10 85
11 89
12 78
13 80
14 64
15 43
16 23
17 22
18 15
19 7
20 9
21 1
22 1
23 0
24 0
last timestep 24
node 125 iteration 4
0 0
1 1
2 4
3 2
4 1
5 1
6 1
7 2
8 9
9 12
10 9
11 5
12 5
13 11
14 9
15 12
16 21
17 44
18 47
19 61
20 49
21 54
22 83
23 78
24 74
25 62
26 41
27 27
28 27
29 20
30 11
31 6
32 6
33 1
34 0
35 0
last timestep 35
node 125 iteration 5
0 0
1 3
2 4
3 1
4 3
5 0
6 0
last timestep 6
node 125 iteration 6
0 0
1 5
2 2
3 6
4 4
5 5
6 1
7 5
8 6
9 9
10 12
11 7
12 12
13 4
14 6
15 4
16 3
17 4
18 6
19 6
20 4
21 6
22 15
23 27
24 32
25 41
26 49
27 82
28 76
29 65
30 37
31 48
32 32
33 19
34 9
35 10
36 5
37 3
38 0
39 0
last timestep 39
node 125 iteration 7
0 0
1 2
2 2
3 2
4 1
5 0
6 0
last timestep 6
node 125 iteration 8
0 0
1 2
2 5
3 4
4 1
5 0
6 0
last timestep 6
node 125 iteration 9
0 0
1 2
2 4
3 6
4 13
5 11
6 21
7 45
8 62
9 87
10 78
11 86
12 114
13 76
14 65
15 49
16 20
17 19
18 16
19 15
20 10
21 6
22 5
23 0
24 0
last timestep 24
