node 590 iteration 0
0 0
1 5
2 8
3 2
4 2
5 10
6 10
7 8
8 14
9 20
10 20
11 30
12 36
13 39
14 53
15 73
16 73
17 67
18 76
19 83
20 71
21 72
22 40
23 34
24 16
25 15
26 9
27 7
28 11
29 5
30 4
31 1
32 2
33 0
34 0
last timestep 34
node 590 iteration 1
0 0
1 6
2 3
3 4
4 1
5 6
6 10
7 21
8 34
9 36
10 42
11 54
12 60
13 64
14 52
15 41
16 36
17 27
18 15
19 17
20 18
21 16
22 15
23 18
24 14
25 8
26 3
27 4
28 9
29 8
30 5
31 2
32 6
33 1
34 1
35 0
36 0
last timestep 36
node 590 iteration 2
0 0
1 3
2 5
3 14
4 16
5 32
6 47
7 60
8 70
9 71
10 72
11 69
12 51
13 50
14 56
15 32
16 24
17 11
18 10
19 6
20 1
21 1
22 0
23 0
last timestep 23
node 590 iteration 3
0 0
1 5
2 6
3 14
4 23
5 30
6 46
7 67
8 80
9 80
10 95
11 90
12 85
13 82
14 54
15 39
16 16
17 13
18 8
19 1
20 1
21 1
22 0
23 0
last timestep 23
node 590 iteration 4
0 0
1 1
2 2
3 1
4 1
5 1
6 2
7 4
8 4
9 4
10 8
11 12
12 12
13 20
14 39
15 66
16 96
17 102
18 123
19 78
20 74
21 58
22 34
23 29
24 16
25 6
26 9
27 5
28 3
29 0
30 0
last timestep 30
node 590 iteration 5
0 0
1 3
2 10
3 8
4 7
5 8
6 9
7 14
8 28
9 29
10 37
11 51
12 54
13 49
14 58
15 68
16 56
17 49
18 33
19 32
20 26
21 20
22 16
23 14
24 19
25 17
26 5
27 5
28 5
29 2
30 2
31 4
32 4
33 1
34 1
35 1
36 0
37 0
last timestep 37
node 590 iteration 6
0 0
1 1
2 2
3 5
4 5
5 3
6 6
7 9
8 24
9 37
10 47
11 70
12 69
13 84
14 73
15 93
16 67
17 57
18 35
19 36
20 19
21 17
22 12
23 11
24 5
25 3
26 5
27 2
28 4
29 2
30 2
31 0
32 0
last timestep 32
node 590 iteration 7
0 0
1 1
2 0
3 0
last timestep 3
node 590 iteration 8
0 0
1 4
2 1
3 8
4 8
5 10
6 19
7 45
8 62
9 74
10 97
11 75
12 100
13 86
14 61
15 50
16 29
17 21
18 24
19 10
20 6
21 7
22 6
23 6
24 1
25 0
26 1
27 1
28 0
last timestep 28
node 590 iteration 9
0 0
1 5
2 5
3 4
4 12
5 22
6 24
7 20
8 30
9 29
10 36
11 49
12 49
13 44
14 57
15 59
16 61
17 64
18 79
19 50
20 25
21 25
22 16
23 23
24 7
25 9
26 5
27 2
28 5
29 2
30 0
31 0
last timestep 31
