node 1099 iteration 0
0 0
1 3
2 5
3 16
4 19
5 40
6 29
7 58
8 59
9 47
10 48
11 33
12 27
13 30
14 31
15 24
16 24
17 14
18 16
19 14
20 13
21 14
22 15
23 16
24 8
25 8
26 10
27 9
28 6
29 1
30 0
31 0
last timestep 31
node 1099 iteration 1
0 0
1 9
2 21
3 45
4 42
5 46
6 67
7 74
8 73
9 81
10 75
11 57
12 30
13 27
14 28
15 27
16 23
17 25
18 15
19 8
20 10
21 9
22 5
23 8
24 7
25 5
26 4
27 7
28 5
29 3
30 4
31 2
32 2
33 6
34 3
35 3
36 1
37 0
38 0
last timestep 38
node 1099 iteration 2
0 0
1 5
2 15
3 16
4 29
5 33
6 62
7 66
8 84
9 96
10 84
11 94
12 85
13 64
14 47
15 34
16 22
17 14
18 10
19 4
20 4
21 0
22 0
last timestep 22
node 1099 iteration 3
0 0
1 3
2 1
3 0
4 0
last timestep 4
node 1099 iteration 4
0 0
1 5
2 10
3 16
4 27
5 36
6 37
7 61
8 62
9 86
10 80
11 78
12 78
13 61
14 47
15 33
16 25
17 24
18 24
19 27
20 17
21 3
22 3
23 4
24 3
25 0
26 1
27 1
28 1
29 0
last timestep 29
node 1099 iteration 5
0 0
1 5
2 6
3 8
4 8
5 13
6 12
7 26
8 39
9 46
10 78
11 70
12 80
13 88
14 77
15 72
16 42
17 28
18 17
19 12
20 10
21 3
22 1
23 1
24 1
25 1
26 0
27 0
last timestep 27
node 1099 iteration 6
0 0
1 4
2 8
3 16
4 34
5 39
6 69
7 97
8 108
9 85
10 67
11 58
12 51
13 50
14 38
15 18
16 18
17 11
18 7
19 1
20 0
21 0
last timestep 21
node 1099 iteration 7
0 0
1 5
2 7
3 15
4 25
5 30
6 31
7 48
8 57
9 92
10 80
11 90
12 93
13 66
14 50
15 45
16 30
17 23
18 21
19 22
20 14
21 11
22 10
23 7
24 4
25 0
26 0
last timestep 26
node 1099 iteration 8
0 0
1 4
2 2
3 0
4 1
5 4
6 8
7 12
8 16
9 14
10 17
11 27
12 48
13 58
14 95
15 115
16 101
17 122
18 86
19 59
20 38
21 25
22 19
23 5
24 3
25 2
26 1
27 2
28 2
29 0
last timestep 29
node 1099 iteration 9
0 0
1 7
2 5
3 17
4 20
5 28
6 50
7 80
8 67
9 101
10 116
11 112
12 111
13 65
14 46
15 32
16 20
17 5
18 3
19 3
20 2
21 1
22 0
23 0
last timestep 23
