node 2167 iteration 0
0 0
1 6
2 1
3 2
4 2
5 0
6 0
last timestep 6
node 2167 iteration 1
0 0
1 1
2 0
3 0
last timestep 3
node 2167 iteration 2
0 0
1 4
2 1
3 3
4 3
5 3
6 1
7 0
8 0
last timestep 8
node 2167 iteration 3
0 0
1 4
2 6
3 5
4 5
5 4
6 5
7 7
8 9
9 23
10 31
11 35
12 66
13 81
14 92
15 98
16 93
17 88
18 77
19 71
20 29
21 22
22 14
23 13
24 8
25 5
26 4
27 4
28 1
29 1
30 0
31 0
last timestep 31
node 2167 iteration 4
0 0
1 2
2 3
3 4
4 6
5 11
6 19
7 23
8 25
9 30
10 39
11 56
12 58
13 75
14 85
15 81
16 78
17 52
18 46
19 32
20 30
21 27
22 24
23 10
24 13
25 13
26 1
27 2
28 0
29 0
last timestep 29
node 2167 iteration 5
0 0
1 3
2 1
3 1
4 1
5 1
6 0
7 0
last timestep 7
node 2167 iteration 6
0 0
1 2
2 0
3 0
last timestep 3
node 2167 iteration 7
0 0
1 2
2 1
3 2
4 0
5 1
6 0
last timestep 6
node 2167 iteration 8
0 0
1 6
2 8
3 8
4 8
5 17
6 28
7 36
8 48
9 53
10 72
11 92
12 83
13 78
14 64
15 49
16 44
17 37
18 21
19 6
20 6
21 8
22 3
23 2
24 0
25 0
last timestep 25
node 2167 iteration 9
0 0
1 4
2 2
3 5
4 4
5 11
6 14
7 18
8 23
9 36
10 42
11 56
12 65
13 79
14 57
15 59
16 54
17 55
18 34
19 28
20 28
21 22
22 12
23 11
24 6
25 5
26 2
27 0
28 0
last timestep 28
