node 1139 iteration 0
0 0
1 5
2 12
3 18
4 34
5 74
6 85
7 102
8 90
9 98
10 95
11 66
12 54
13 32
14 27
15 14
16 10
17 5
18 9
19 4
20 1
21 1
22 0
23 0
last timestep 23
node 1139 iteration 1
0 0
1 4
2 5
3 2
4 1
5 1
6 1
7 0
8 0
last timestep 8
node 1139 iteration 2
0 0
1 3
2 5
3 1
4 4
5 3
6 5
7 14
8 24
9 32
10 36
11 48
12 73
13 77
14 92
15 88
16 52
17 33
18 27
19 14
20 14
21 9
22 3
23 2
24 1
25 0
26 0
last timestep 26
node 1139 iteration 3
0 0
1 4
2 7
3 11
4 14
5 24
6 40
7 35
8 40
9 54
10 81
11 84
12 104
13 80
14 64
15 54
16 32
17 28
18 13
19 2
20 0
21 1
22 2
23 1
24 1
25 0
last timestep 25
node 1139 iteration 4
0 0
1 3
2 5
3 8
4 8
5 14
6 29
7 45
8 69
9 90
10 98
11 82
12 78
13 73
14 49
15 37
16 25
17 25
18 8
19 12
20 6
21 2
22 2
23 1
24 0
25 1
26 0
last timestep 26
node 1139 iteration 5
0 0
1 4
2 6
3 13
4 27
5 30
6 25
7 32
8 26
9 27
10 26
11 28
12 40
13 37
14 37
15 43
16 63
17 61
18 53
19 44
20 19
21 24
22 17
23 14
24 7
25 7
26 3
27 2
28 4
29 3
30 2
31 5
32 0
33 2
34 1
35 0
last timestep 35
node 1139 iteration 6
0 0
1 2
2 7
3 18
4 21
5 25
6 45
7 66
8 81
9 65
10 68
11 67
12 47
13 31
14 32
15 19
16 17
17 16
18 12
19 19
20 12
21 10
22 6
23 7
24 3
25 1
26 1
27 0
28 0
last timestep 28
node 1139 iteration 7
0 0
1 3
2 2
3 4
4 15
5 13
6 25
7 35
8 32
9 40
10 50
11 87
12 77
13 81
14 69
15 69
16 54
17 57
18 36
19 33
20 16
21 12
22 8
23 10
24 5
25 1
26 0
27 0
last timestep 27
node 1139 iteration 8
0 0
1 8
2 4
3 9
4 8
5 3
6 4
7 4
8 2
9 1
10 0
11 0
last timestep 11
node 1139 iteration 9
0 0
1 2
2 3
3 4
4 11
5 16
6 23
7 38
8 57
9 75
10 80
11 111
12 111
13 97
14 58
15 63
16 24
17 22
18 11
19 12
20 8
21 4
22 10
23 2
24 1
25 0
26 0
last timestep 26
