node 853 iteration 0
0 0
1 7
2 4
3 6
4 18
5 10
6 13
7 32
8 33
9 51
10 70
11 95
12 99
13 86
14 75
15 72
16 51
17 38
18 35
19 29
20 15
21 8
22 4
23 6
24 1
25 1
26 0
27 0
last timestep 27
node 853 iteration 1
0 0
1 5
2 6
3 19
4 20
5 21
6 38
7 37
8 32
9 44
10 59
11 57
12 79
13 65
14 73
15 46
16 55
17 47
18 23
19 20
20 12
21 5
22 4
23 6
24 0
25 0
last timestep 25
node 853 iteration 2
0 0
1 2
2 9
3 24
4 34
5 59
6 86
7 86
8 103
9 120
10 109
11 92
12 58
13 48
14 30
15 15
16 10
17 5
18 3
19 2
20 0
21 0
last timestep 21
node 853 iteration 3
0 0
1 2
2 1
3 0
4 0
last timestep 4
node 853 iteration 4
0 0
1 3
2 3
3 3
4 1
5 0
6 0
last timestep 6
node 853 iteration 5
0 0
1 4
2 8
3 12
4 30
5 40
6 57
7 53
8 60
9 87
10 65
11 81
12 67
13 63
14 37
15 36
16 27
17 16
18 7
19 6
20 2
21 0
22 1
23 0
last timestep 23
node 853 iteration 6
0 0
1 6
2 5
3 2
4 9
5 10
6 24
7 26
8 43
9 64
10 95
11 85
12 96
13 86
14 76
15 66
16 48
17 45
18 38
19 25
20 15
21 9
22 6
23 9
24 7
25 7
26 3
27 1
28 2
29 0
30 0
last timestep 30
node 853 iteration 7
0 0
1 0
2 0
last timestep 2
node 853 iteration 8
0 0
1 3
2 1
3 1
4 3
5 8
6 3
7 1
8 1
9 1
10 2
11 7
12 10
13 20
14 30
15 43
16 53
17 63
18 82
19 87
20 76
21 60
22 51
23 54
24 38
25 22
26 8
27 6
28 6
29 10
30 0
31 1
32 1
33 0
last timestep 33
node 853 iteration 9
0 0
1 0
2 4
3 5
4 18
5 20
6 17
7 16
8 34
9 45
10 58
11 63
12 78
13 88
14 83
15 74
16 50
17 37
18 21
19 17
20 10
21 11
22 9
23 5
24 1
25 0
last timestep 25
