node 602 iteration 0
0 0
1 3
2 10
3 13
4 15
5 24
6 36
7 53
8 76
9 90
10 115
11 110
12 81
13 69
14 55
15 27
16 29
17 24
18 17
19 11
20 9
21 11
22 7
23 6
24 7
25 2
26 2
27 0
28 0
last timestep 28
node 602 iteration 1
0 0
1 4
2 4
3 2
4 5
5 2
6 5
7 22
8 52
9 56
10 90
11 94
12 89
13 78
14 80
15 82
16 54
17 60
18 30
19 18
20 18
21 8
22 5
23 4
24 2
25 0
26 0
last timestep 26
node 602 iteration 2
0 0
1 1
2 6
3 9
4 14
5 12
6 22
7 32
8 46
9 66
10 82
11 105
12 116
13 92
14 64
15 52
16 32
17 23
18 9
19 6
20 7
21 4
22 3
23 2
24 1
25 0
26 0
last timestep 26
node 602 iteration 3
0 0
1 6
2 14
3 26
4 31
5 40
6 74
7 81
8 80
9 95
10 92
11 75
12 35
13 30
14 18
15 15
16 15
17 6
18 2
19 0
20 0
last timestep 20
node 602 iteration 4
0 0
1 3
2 2
3 2
4 3
5 4
6 1
7 0
8 0
last timestep 8
node 602 iteration 5
0 0
1 3
2 3
3 4
4 7
5 16
6 20
7 47
8 37
9 42
10 53
11 70
12 72
13 76
14 83
15 80
16 54
17 43
18 28
19 15
20 15
21 14
22 10
23 10
24 8
25 11
26 5
27 0
28 0
last timestep 28
node 602 iteration 6
0 0
1 1
2 1
3 1
4 0
5 0
last timestep 5
node 602 iteration 7
0 0
1 1
2 1
3 1
4 2
5 5
6 4
7 8
8 10
9 17
10 11
11 21
12 21
13 38
14 44
15 63
16 79
17 90
18 93
19 101
20 66
21 57
22 24
23 22
24 9
25 3
26 0
27 0
last timestep 27
node 602 iteration 8
0 0
1 3
2 7
3 6
4 2
5 3
6 0
7 0
last timestep 7
node 602 iteration 9
0 0
1 1
2 6
3 15
4 17
5 14
6 30
7 48
8 71
9 108
10 112
11 99
12 87
13 79
14 74
15 46
16 34
17 13
18 10
19 11
20 9
21 2
22 0
23 0
last timestep 23
