node 437 iteration 0
0 0
1 3
2 7
3 17
4 24
5 33
6 54
7 70
8 97
9 99
10 94
11 83
12 65
13 55
14 31
15 21
16 12
17 15
18 6
19 6
20 2
21 2
22 2
23 0
24 0
last timestep 24
node 437 iteration 1
0 0
1 1
2 1
3 0
4 0
last timestep 4
node 437 iteration 2
0 0
1 0
2 0
last timestep 2
node 437 iteration 3
0 0
1 0
2 0
last timestep 2
node 437 iteration 4
0 0
1 3
2 2
3 6
4 5
5 14
6 15
7 20
8 14
9 19
10 21
11 23
12 31
13 32
14 54
15 68
16 69
17 65
18 63
19 60
20 43
21 31
22 25
23 19
24 18
25 15
26 7
27 5
28 2
29 1
30 1
31 0
32 0
last timestep 32
node 437 iteration 5
0 0
1 1
2 0
3 0
last timestep 3
node 437 iteration 6
0 0
1 3
2 4
3 3
4 8
5 4
6 1
7 3
8 5
9 6
10 6
11 10
12 12
13 19
14 45
15 70
16 73
17 76
18 88
19 82
20 81
21 69
22 34
23 37
24 16
25 18
26 12
27 14
28 11
29 9
30 8
31 3
32 0
33 1
34 1
35 0
last timestep 35
node 437 iteration 7
0 0
1 4
2 1
3 3
4 3
5 3
6 3
7 2
8 14
9 22
10 32
11 22
12 28
13 49
14 69
15 85
16 86
17 96
18 70
19 45
20 36
21 37
22 19
23 19
24 16
25 5
26 5
27 10
28 7
29 2
30 1
31 2
32 1
33 0
34 0
last timestep 34
node 437 iteration 8
0 0
1 1
2 6
3 5
4 13
5 27
6 25
7 43
8 51
9 76
10 85
11 94
12 76
13 88
14 80
15 49
16 47
17 16
18 12
19 5
20 5
21 2
22 4
23 0
24 2
25 1
26 0
last timestep 26
node 437 iteration 9
0 0
1 1
2 5
3 2
4 6
5 7
6 2
7 4
8 2
9 1
10 1
11 2
12 0
13 0
last timestep 13
