node 326 iteration 0
0 0
1 1
2 1
3 1
4 1
5 5
6 7
7 9
8 12
9 9
10 15
11 16
12 24
13 31
14 36
15 55
16 55
17 73
18 71
19 77
20 66
21 58
22 69
23 58
24 30
25 24
26 16
27 8
28 4
29 2
30 3
31 3
32 0
33 0
last timestep 33
node 326 iteration 1
0 0
1 0
2 0
last timestep 2
node 326 iteration 2
0 0
1 4
2 5
3 3
4 2
5 3
6 5
7 5
8 10
9 15
10 22
11 23
12 46
13 39
14 82
15 114
16 108
17 89
18 100
19 73
20 31
21 27
22 13
23 11
24 8
25 4
26 1
27 1
28 0
29 0
last timestep 29
node 326 iteration 3
0 0
1 2
2 2
3 1
4 2
5 0
6 0
last timestep 6
node 326 iteration 4
0 0
1 4
2 2
3 1
4 0
5 0
last timestep 5
node 326 iteration 5
0 0
1 2
2 7
3 8
4 7
5 6
6 7
7 14
8 16
9 25
10 25
11 28
12 33
13 62
14 65
15 79
16 86
17 68
18 51
19 48
20 40
21 39
22 16
23 13
24 11
25 5
26 1
27 0
28 0
last timestep 28
node 326 iteration 6
0 0
1 0
2 0
last timestep 2
node 326 iteration 7
0 0
1 2
2 1
3 0
4 0
last timestep 4
node 326 iteration 8
0 0
1 2
2 1
3 7
4 13
5 16
6 26
7 49
8 90
9 106
10 91
11 107
12 118
13 78
14 52
15 39
16 29
17 20
18 17
19 11
20 3
21 2
22 3
23 1
24 1
25 0
26 0
last timestep 26
node 326 iteration 9
0 0
1 1
2 3
3 1
4 2
5 7
6 3
7 11
8 16
9 19
10 19
11 30
12 40
13 40
14 64
15 68
16 81
17 63
18 50
19 57
20 34
21 27
22 19
23 14
24 18
25 8
26 7
27 7
28 3
29 3
30 1
31 0
32 0
last timestep 32
