node 2218 iteration 0
0 0
1 3
2 7
3 15
4 24
5 30
6 51
7 77
8 69
9 72
10 90
11 74
12 59
13 49
14 37
15 39
16 15
17 14
18 5
19 2
20 2
21 0
22 0
last timestep 22
node 2218 iteration 1
0 0
1 0
2 0
last timestep 2
node 2218 iteration 2
0 0
1 3
2 1
3 1
4 9
5 6
6 38
7 27
8 36
9 33
10 36
11 35
12 34
13 28
14 35
15 40
16 49
17 37
18 30
19 31
20 24
21 20
22 31
23 24
24 14
25 9
26 12
27 6
28 3
29 4
30 3
31 0
32 0
last timestep 32
node 2218 iteration 3
0 0
1 5
2 9
3 18
4 27
5 50
6 69
7 78
8 111
9 103
10 102
11 86
12 67
13 53
14 40
15 19
16 8
17 2
18 2
19 0
20 2
21 2
22 0
last timestep 22
node 2218 iteration 4
0 0
1 4
2 16
3 34
4 55
5 71
6 82
7 100
8 104
9 84
10 76
11 43
12 31
13 18
14 14
15 15
16 2
17 4
18 2
19 0
20 0
last timestep 20
node 2218 iteration 5
0 0
1 2
2 3
3 3
4 1
5 1
6 0
7 0
last timestep 7
node 2218 iteration 6
0 0
1 3
2 9
3 7
4 7
5 11
6 29
7 40
8 51
9 77
10 88
11 90
12 85
13 72
14 57
15 49
16 52
17 36
18 33
19 23
20 11
21 9
22 3
23 2
24 7
25 9
26 12
27 4
28 2
29 0
30 0
last timestep 30
node 2218 iteration 7
0 0
1 3
2 8
3 15
4 19
5 26
6 30
7 35
8 47
9 45
10 55
11 70
12 72
13 65
14 61
15 59
16 57
17 42
18 20
19 16
20 11
21 8
22 7
23 6
24 3
25 2
26 2
27 0
28 0
last timestep 28
node 2218 iteration 8
0 0
1 1
2 1
3 3
4 0
5 1
6 5
7 10
8 13
9 11
10 14
11 34
12 51
13 71
14 92
15 71
16 82
17 80
18 70
19 66
20 46
21 48
22 29
23 22
24 21
25 12
26 3
27 3
28 1
29 2
30 2
31 5
32 10
33 8
34 6
35 1
36 0
last timestep 36
node 2218 iteration 9
0 0
1 0
2 0
last timestep 2
