node 91 iteration 0
0 0
1 9
2 7
3 13
4 22
5 26
6 32
7 47
8 70
9 91
10 114
11 130
12 101
13 103
14 65
15 47
16 21
17 16
18 6
19 1
20 0
21 0
last timestep 21
node 91 iteration 1
0 0
1 3
2 10
3 14
4 15
5 18
6 28
7 40
8 46
9 72
10 84
11 87
12 67
13 60
14 43
15 35
16 24
17 16
18 13
19 17
20 15
21 10
22 6
23 6
24 2
25 0
26 0
last timestep 26
node 91 iteration 2
0 0
1 5
2 5
3 6
4 10
5 13
6 15
7 22
8 21
9 35
10 34
11 39
12 43
13 66
14 66
15 84
16 88
17 62
18 56
19 41
20 30
21 29
22 26
23 15
24 4
25 2
26 1
27 3
28 0
29 0
last timestep 29
node 91 iteration 3
0 0
1 11
2 8
3 4
4 5
5 4
6 3
7 4
8 5
9 19
10 31
11 33
12 59
13 80
14 103
15 97
16 93
17 81
18 55
19 40
20 38
21 17
22 11
23 6
24 3
25 1
26 1
27 0
28 0
last timestep 28
node 91 iteration 4
0 0
1 7
2 2
3 6
4 7
5 9
6 12
7 20
8 23
9 31
10 54
11 76
12 92
13 83
14 82
15 44
16 34
17 30
18 33
19 29
20 16
21 13
22 5
23 11
24 8
25 4
26 3
27 1
28 3
29 2
30 0
31 0
last timestep 31
node 91 iteration 5
0 0
1 4
2 3
3 1
4 1
5 2
6 0
7 1
8 0
last timestep 8
node 91 iteration 6
0 0
1 7
2 3
3 0
4 0
last timestep 4
node 91 iteration 7
0 0
1 9
2 11
3 13
4 17
5 22
6 29
7 36
8 42
9 53
10 59
11 81
12 69
13 69
14 74
15 57
16 40
17 41
18 39
19 39
20 21
21 20
22 11
23 7
24 3
25 1
26 3
27 0
28 0
last timestep 28
node 91 iteration 8
0 0
1 5
2 14
3 20
4 15
5 12
6 32
7 26
8 19
9 30
10 42
11 63
12 69
13 67
14 66
15 48
16 32
17 32
18 23
19 13
20 10
21 6
22 3
23 1
24 0
25 0
last timestep 25
node 91 iteration 9
0 0
1 10
2 2
3 3
4 3
5 8
6 6
7 11
8 6
9 20
10 35
11 61
12 61
13 87
14 113
15 111
16 79
17 80
18 61
19 45
20 32
21 23
22 16
23 15
24 15
25 8
26 5
27 5
28 4
29 5
30 4
31 0
32 0
last timestep 32
