node 230 iteration 0
0 0
1 2
2 4
3 0
4 0
last timestep 4
node 230 iteration 1
0 0
1 0
2 0
last timestep 2
node 230 iteration 2
0 0
1 2
2 2
3 4
4 7
5 9
6 11
7 12
8 23
9 39
10 40
11 45
12 63
13 63
14 78
15 60
16 63
17 54
18 48
19 45
20 37
21 30
22 26
23 27
24 14
25 7
26 6
27 4
28 2
29 0
30 0
last timestep 30
node 230 iteration 3
0 0
1 2
2 2
3 2
4 3
5 3
6 6
7 13
8 13
9 18
10 17
11 32
12 31
13 49
14 61
15 67
16 92
17 67
18 64
19 76
20 45
21 30
22 37
23 18
24 13
25 10
26 8
27 9
28 9
29 6
30 2
31 0
32 0
last timestep 32
node 230 iteration 4
0 0
1 2
2 9
3 12
4 8
5 5
6 12
7 31
8 41
9 42
10 69
11 99
12 89
13 82
14 67
15 58
16 53
17 37
18 26
19 18
20 11
21 5
22 4
23 4
24 2
25 0
26 1
27 1
28 0
last timestep 28
node 230 iteration 5
0 0
1 0
2 0
last timestep 2
node 230 iteration 6
0 0
1 2
2 4
3 2
4 2
5 2
6 12
7 24
8 27
9 52
10 81
11 95
12 104
13 100
14 82
15 74
16 50
17 42
18 24
19 16
20 16
21 11
22 5
23 5
24 8
25 1
26 0
27 0
last timestep 27
node 230 iteration 7
0 0
1 1
2 0
3 0
last timestep 3
node 230 iteration 8
0 0
1 2
2 7
3 2
4 7
5 11
6 16
7 38
8 61
9 73
10 108
11 114
12 121
13 115
14 94
15 68
16 43
17 29
18 17
19 8
20 5
21 9
22 6
23 4
24 2
25 0
26 0
last timestep 26
node 230 iteration 9
0 0
1 4
2 7
3 12
4 16
5 25
6 45
7 47
8 75
9 96
10 99
11 100
12 69
13 54
14 39
15 37
16 19
17 13
18 8
19 9
20 6
21 1
22 1
23 0
24 0
last timestep 24
