node 793 iteration 0
0 0
1 3
2 8
3 22
4 46
5 67
6 88
7 104
8 86
9 86
10 77
11 51
12 28
13 18
14 11
15 14
16 3
17 2
18 0
19 1
20 1
21 0
last timestep 21
node 793 iteration 1
0 0
1 1
2 3
3 10
4 11
5 18
6 27
7 26
8 55
9 102
10 77
11 104
12 96
13 82
14 67
15 42
16 24
17 22
18 17
19 10
20 7
21 6
22 6
23 4
24 6
25 5
26 3
27 0
28 1
29 0
last timestep 29
node 793 iteration 2
0 0
1 2
2 14
3 17
4 22
5 38
6 68
7 89
8 106
9 114
10 104
11 79
12 59
13 37
14 28
15 19
16 18
17 9
18 7
19 9
20 10
21 5
22 4
23 2
24 1
25 0
26 1
27 1
28 0
last timestep 28
node 793 iteration 3
0 0
1 1
2 0
3 0
last timestep 3
node 793 iteration 4
0 0
1 3
2 6
3 9
4 14
5 37
6 46
7 56
8 63
9 104
10 115
11 106
12 93
13 53
14 46
15 34
16 22
17 13
18 12
19 4
20 2
21 0
22 0
last timestep 22
node 793 iteration 5
0 0
1 3
2 6
3 13
4 15
5 9
6 10
7 13
8 47
9 61
10 61
11 63
12 77
13 88
14 65
15 67
16 41
17 29
18 24
19 10
20 3
21 1
22 0
23 0
last timestep 23
node 793 iteration 6
0 0
1 3
2 2
3 1
4 0
5 0
last timestep 5
node 793 iteration 7
0 0
1 0
2 0
last timestep 2
node 793 iteration 8
0 0
1 3
2 3
3 6
4 23
5 27
6 67
7 62
8 84
9 84
10 91
11 91
12 57
13 50
14 26
15 29
16 23
17 13
18 11
19 9
20 8
21 9
22 3
23 6
24 9
25 3
26 2
27 2
28 1
29 0
30 0
last timestep 30
node 793 iteration 9
0 0
1 1
2 3
3 1
4 1
5 2
6 5
7 13
8 18
9 24
10 44
11 80
12 81
13 95
14 99
15 104
16 89
17 63
18 39
19 30
20 17
21 6
22 3
23 2
24 2
25 4
26 5
27 4
28 0
29 1
30 0
last timestep 30
