node 21 iteration 0
0 0
1 3
2 0
3 1
4 1
5 3
6 6
7 3
8 6
9 12
10 8
11 18
12 27
13 35
14 34
15 54
16 47
17 77
18 74
19 70
20 83
21 70
22 41
23 34
24 36
25 31
26 20
27 14
28 11
29 10
30 5
31 0
last timestep 31
node 21 iteration 1
0 0
1 2
2 3
3 2
4 0
5 0
last timestep 5
node 21 iteration 2
0 0
1 3
2 1
3 1
4 0
5 1
6 0
last timestep 6
node 21 iteration 3
0 0
1 2
2 2
3 4
4 4
5 4
6 8
7 22
8 25
9 43
10 50
11 56
12 50
13 63
14 60
15 78
16 57
17 36
18 36
19 32
20 27
21 16
22 11
23 14
24 1
25 5
26 1
27 1
28 2
29 5
30 6
31 2
32 3
33 0
34 0
last timestep 34
node 21 iteration 4
0 0
1 0
2 3
3 3
4 3
5 6
6 3
7 5
8 4
9 6
10 3
11 7
12 8
13 11
14 16
15 21
16 45
17 63
18 69
19 76
20 78
21 70
22 75
23 52
24 51
25 47
26 31
27 26
28 24
29 22
30 6
31 3
32 1
33 0
last timestep 33
node 21 iteration 5
0 0
1 4
2 4
3 7
4 9
5 22
6 32
7 60
8 70
9 84
10 112
11 84
12 94
13 86
14 77
15 46
16 28
17 17
18 18
19 9
20 9
21 9
22 4
23 2
24 6
25 6
26 3
27 1
28 0
29 0
last timestep 29
node 21 iteration 6
0 0
1 2
2 2
3 1
4 2
5 5
6 5
7 27
8 26
9 47
10 77
11 82
12 88
13 108
14 115
15 96
16 69
17 51
18 31
19 24
20 19
21 7
22 4
23 1
24 7
25 2
26 0
27 0
last timestep 27
node 21 iteration 7
0 0
1 0
2 0
last timestep 2
node 21 iteration 8
0 0
1 0
2 0
last timestep 2
node 21 iteration 9
0 0
1 2
2 3
3 2
4 3
5 5
6 10
7 14
8 10
9 22
10 35
11 57
12 62
13 77
14 62
15 63
16 70
17 55
18 46
19 32
20 33
21 28
22 20
23 13
24 10
25 17
26 21
27 11
28 4
29 4
30 1
31 1
32 0
33 0
last timestep 33
