node 1071 iteration 0
0 0
1 0
2 0
last timestep 2
node 1071 iteration 1
0 0
1 1
2 0
3 0
last timestep 3
node 1071 iteration 2
0 0
1 1
2 1
3 2
4 2
5 6
6 8
7 6
8 15
9 23
10 33
11 39
12 43
13 54
14 59
15 75
16 62
17 68
18 66
19 56
20 37
21 43
22 33
23 25
24 20
25 12
26 8
27 6
28 9
29 7
30 5
31 7
32 3
33 1
34 0
35 0
last timestep 35
node 1071 iteration 3
0 0
1 1
2 1
3 0
4 0
last timestep 4
node 1071 iteration 4
0 0
1 3
2 3
3 7
4 15
5 24
6 41
7 60
8 56
9 75
10 70
11 57
12 55
13 46
14 22
15 31
16 19
17 14
18 15
19 13
20 11
21 10
22 20
23 12
24 18
25 18
26 11
27 9
28 3
29 0
30 0
last timestep 30
node 1071 iteration 5
0 0
1 2
2 3
3 8
4 17
5 30
6 37
7 58
8 75
9 81
10 100
11 86
12 84
13 89
14 66
15 42
16 39
17 30
18 13
19 10
20 3
21 5
22 1
23 1
24 1
25 0
26 0
last timestep 26
node 1071 iteration 6
0 0
1 2
2 5
3 6
4 6
5 2
6 4
7 8
8 10
9 19
10 24
11 29
12 40
13 55
14 58
15 72
16 66
17 56
18 46
19 38
20 27
21 27
22 20
23 13
24 20
25 10
26 7
27 4
28 6
29 11
30 6
31 4
32 2
33 0
34 2
35 1
36 0
last timestep 36
node 1071 iteration 7
0 0
1 1
2 2
3 1
4 2
5 3
6 5
7 8
8 18
9 16
10 22
11 27
12 41
13 76
14 75
15 81
16 78
17 60
18 45
19 42
20 42
21 32
22 24
23 22
24 17
25 7
26 6
27 3
28 0
29 1
30 1
31 0
last timestep 31
node 1071 iteration 8
0 0
1 1
2 1
3 2
4 3
5 4
6 12
7 16
8 33
9 39
10 48
11 65
12 77
13 98
14 110
15 102
16 78
17 54
18 36
19 24
20 14
21 9
22 4
23 3
24 4
25 1
26 1
27 2
28 0
29 0
last timestep 29
node 1071 iteration 9
0 0
1 0
2 1
3 2
4 6
5 12
6 24
7 53
8 59
9 76
10 88
11 98
12 114
13 96
14 74
15 52
16 34
17 31
18 27
19 20
20 10
21 5
22 3
23 2
24 1
25 0
last timestep 25
