node 1482 iteration 0
0 0
1 1
2 3
3 1
4 1
5 0
6 0
last timestep 6
node 1482 iteration 1
0 0
1 0
2 0
last timestep 2
node 1482 iteration 2
0 0
1 1
2 1
3 4
4 11
5 17
6 11
7 11
8 14
9 23
10 29
11 42
12 57
13 81
14 90
15 96
16 100
17 71
18 53
19 45
20 27
21 22
22 14
23 4
24 3
25 2
26 0
27 0
last timestep 27
node 1482 iteration 3
0 0
1 2
2 4
3 3
4 3
5 7
6 16
7 18
8 17
9 21
10 32
11 35
12 51
13 57
14 84
15 81
16 83
17 87
18 78
19 66
20 44
21 37
22 12
23 6
24 7
25 7
26 6
27 6
28 8
29 3
30 1
31 0
32 0
last timestep 32
node 1482 iteration 4
0 0
1 2
2 3
3 16
4 20
5 32
6 43
7 60
8 67
9 84
10 93
11 82
12 70
13 43
14 23
15 15
16 16
17 16
18 12
19 6
20 4
21 8
22 4
23 2
24 0
25 2
26 0
last timestep 26
node 1482 iteration 5
0 0
1 3
2 1
3 0
4 0
last timestep 4
node 1482 iteration 6
0 0
1 2
2 4
3 7
4 6
5 15
6 30
7 48
8 63
9 85
10 93
11 73
12 66
13 55
14 46
15 31
16 27
17 16
18 14
19 10
20 8
21 5
22 6
23 2
24 5
25 2
26 1
27 3
28 1
29 2
30 3
31 1
32 1
33 0
34 0
last timestep 34
node 1482 iteration 7
0 0
1 4
2 6
3 10
4 13
5 16
6 28
7 42
8 67
9 93
10 118
11 114
12 117
13 77
14 85
15 55
16 42
17 25
18 16
19 12
20 9
21 4
22 2
23 1
24 0
25 0
last timestep 25
node 1482 iteration 8
0 0
1 4
2 5
3 3
4 11
5 11
6 14
7 15
8 13
9 25
10 43
11 53
12 54
13 60
14 84
15 95
16 76
17 73
18 49
19 50
20 19
21 16
22 7
23 4
24 2
25 2
26 1
27 0
28 0
last timestep 28
node 1482 iteration 9
0 0
1 2
2 2
3 0
4 0
last timestep 4
