node 3857 iteration 0
0 0
1 3
2 1
3 4
4 0
5 3
6 3
7 7
8 3
9 12
10 13
11 25
12 26
13 36
14 35
15 42
16 46
17 47
18 57
19 53
20 60
21 63
22 45
23 28
24 20
25 12
26 11
27 6
28 9
29 6
30 3
31 5
32 1
33 4
34 2
35 2
36 1
37 1
38 0
last timestep 38
node 3857 iteration 1
0 0
1 3
2 2
3 5
4 3
5 8
6 20
7 23
8 22
9 22
10 22
11 30
12 54
13 66
14 54
15 37
16 38
17 57
18 50
19 52
20 52
21 32
22 26
23 16
24 6
25 4
26 3
27 3
28 4
29 1
30 0
31 0
last timestep 31
node 3857 iteration 2
0 0
1 0
2 0
last timestep 2
node 3857 iteration 3
0 0
1 2
2 8
3 19
4 24
5 26
6 31
7 52
8 65
9 50
10 74
11 91
12 76
13 76
14 70
15 66
16 51
17 30
18 26
19 12
20 9
21 7
22 8
23 4
24 2
25 1
26 1
27 0
28 0
last timestep 28
node 3857 iteration 4
0 0
1 4
2 3
3 10
4 9
5 7
6 12
7 24
8 30
9 40
10 38
11 52
12 56
13 64
14 73
15 84
16 82
17 53
18 41
19 41
20 33
21 19
22 13
23 12
24 13
25 3
26 6
27 6
28 0
29 0
last timestep 29
node 3857 iteration 5
0 0
1 1
2 0
3 0
last timestep 3
node 3857 iteration 6
0 0
1 2
2 3
3 5
4 12
5 14
6 21
7 47
8 66
9 85
10 108
11 103
12 104
13 99
14 83
15 66
16 49
17 30
18 22
19 14
20 2
21 1
22 2
23 0
24 0
last timestep 24
node 3857 iteration 7
0 0
1 1
2 0
3 0
last timestep 3
node 3857 iteration 8
0 0
1 1
2 2
3 0
4 0
last timestep 4
node 3857 iteration 9
0 0
1 1
2 1
3 1
4 0
5 0
last timestep 5
