node 863 iteration 0
0 0
1 2
2 1
3 0
4 0
last timestep 4
node 863 iteration 1
0 0
1 2
2 2
3 1
4 5
5 12
6 15
7 18
8 36
9 51
10 71
11 105
12 133
13 117
14 98
15 67
16 45
17 26
18 16
19 15
20 14
21 8
22 3
23 10
24 2
25 2
26 1
27 0
28 0
last timestep 28
node 863 iteration 2
0 0
1 5
2 4
3 1
4 0
5 0
last timestep 5
node 863 iteration 3
0 0
1 1
2 1
3 3
4 4
5 13
6 21
7 25
8 32
9 44
10 53
11 62
12 80
13 79
14 99
15 79
16 65
17 38
18 34
19 24
20 26
21 14
22 15
23 17
24 5
25 7
26 2
27 1
28 3
29 0
30 0
last timestep 30
node 863 iteration 4
0 0
1 3
2 2
3 0
4 0
last timestep 4
node 863 iteration 5
0 0
1 3
2 2
3 9
4 7
5 10
6 7
7 12
8 13
9 24
10 15
11 19
12 28
13 42
14 48
15 50
16 74
17 72
18 65
19 47
20 49
21 38
22 25
23 28
24 15
25 6
26 2
27 3
28 5
29 1
30 3
31 2
32 2
33 2
34 0
35 0
last timestep 35
node 863 iteration 6
0 0
1 1
2 0
3 0
last timestep 3
node 863 iteration 7
0 0
1 2
2 2
3 7
4 11
5 13
6 16
7 27
8 37
9 41
10 62
11 60
12 64
13 55
14 50
15 61
16 53
17 45
18 42
19 41
20 37
21 29
22 27
23 32
24 11
25 4
26 0
27 1
28 0
last timestep 28
node 863 iteration 8
0 0
1 4
2 5
3 17
4 25
5 28
6 52
7 85
8 102
9 86
10 74
11 68
12 80
13 42
14 29
15 28
16 20
17 8
18 9
19 6
20 5
21 6
22 2
23 2
24 1
25 0
26 0
last timestep 26
node 863 iteration 9
0 0
1 0
2 0
last timestep 2
