node 865 iteration 0
0 0
1 2
2 3
3 2
4 4
5 3
6 12
7 13
8 37
9 56
10 78
11 111
12 96
13 106
14 120
15 100
16 45
17 31
18 13
19 6
20 4
21 6
22 1
23 2
24 0
25 0
last timestep 25
node 865 iteration 1
0 0
1 2
2 12
3 17
4 27
5 39
6 38
7 43
8 59
9 59
10 44
11 56
12 39
13 44
14 34
15 24
16 22
17 11
18 9
19 7
20 10
21 7
22 7
23 11
24 8
25 6
26 10
27 14
28 9
29 5
30 5
31 5
32 10
33 5
34 1
35 0
36 0
last timestep 36
node 865 iteration 2
0 0
1 3
2 10
3 15
4 12
5 14
6 11
7 14
8 14
9 16
10 15
11 12
12 16
13 15
14 14
15 10
16 9
17 9
18 15
19 13
20 19
21 16
22 25
23 21
24 26
25 34
26 41
27 37
28 32
29 35
30 27
31 16
32 15
33 8
34 10
35 8
36 5
37 3
38 2
39 2
40 0
41 0
last timestep 41
node 865 iteration 3
0 0
1 0
2 0
last timestep 2
node 865 iteration 4
0 0
1 4
2 5
3 5
4 11
5 3
6 7
7 9
8 17
9 40
10 51
11 58
12 76
13 90
14 109
15 97
16 73
17 58
18 46
19 48
20 23
21 17
22 9
23 2
24 1
25 1
26 0
27 0
last timestep 27
node 865 iteration 5
0 0
1 0
2 0
last timestep 2
node 865 iteration 6
0 0
1 4
2 13
3 19
4 38
5 69
6 71
7 83
8 79
9 91
10 81
11 60
12 54
13 35
14 24
15 19
16 19
17 14
18 5
19 2
20 0
21 0
last timestep 21
node 865 iteration 7
0 0
1 1
2 2
3 5
4 3
5 9
6 11
7 8
8 6
9 5
10 6
11 2
12 1
13 0
14 0
last timestep 14
node 865 iteration 8
0 0
1 3
2 7
3 9
4 18
5 24
6 33
7 56
8 90
9 120
10 125
11 118
12 70
13 51
14 50
15 33
16 18
17 20
18 12
19 4
20 3
21 5
22 2
23 0
24 0
last timestep 24
node 865 iteration 9
0 0
1 2
2 4
3 13
4 26
5 57
6 73
7 81
8 90
9 93
10 92
11 62
12 55
13 46
14 33
15 24
16 9
17 12
18 9
19 4
20 2
21 0
22 0
last timestep 22
