node 1146 iteration 0
0 0
1 2
2 3
3 6
4 13
5 29
6 47
7 46
8 44
9 56
10 74
11 78
12 67
13 59
14 49
15 42
16 28
17 31
18 27
19 15
20 10
21 10
22 0
23 2
24 4
25 5
26 5
27 3
28 1
29 1
30 1
31 0
last timestep 31
node 1146 iteration 1
0 0
1 2
2 3
3 2
4 2
5 3
6 5
7 8
8 8
9 14
10 19
11 29
12 27
13 50
14 48
15 45
16 46
17 53
18 45
19 52
20 49
21 43
22 41
23 46
24 26
25 34
26 25
27 14
28 14
29 18
30 14
31 6
32 1
33 0
34 0
last timestep 34
node 1146 iteration 2
0 0
1 0
2 0
last timestep 2
node 1146 iteration 3
0 0
1 3
2 4
3 5
4 9
5 6
6 10
7 27
8 46
9 49
10 53
11 71
12 89
13 91
14 92
15 86
16 61
17 30
18 38
19 35
20 17
21 11
22 6
23 6
24 2
25 3
26 3
27 0
28 0
last timestep 28
node 1146 iteration 4
0 0
1 3
2 7
3 8
4 16
5 16
6 14
7 24
8 44
9 52
10 95
11 108
12 78
13 73
14 67
15 53
16 35
17 30
18 18
19 13
20 13
21 9
22 2
23 0
24 0
last timestep 24
node 1146 iteration 5
0 0
1 2
2 3
3 7
4 14
5 40
6 62
7 90
8 93
9 113
10 99
11 97
12 84
13 55
14 25
15 9
16 7
17 1
18 2
19 1
20 2
21 2
22 0
23 0
last timestep 23
node 1146 iteration 6
0 0
1 0
2 0
last timestep 2
node 1146 iteration 7
0 0
1 1
2 0
3 0
last timestep 3
node 1146 iteration 8
0 0
1 0
2 0
last timestep 2
node 1146 iteration 9
0 0
1 3
2 8
3 12
4 20
5 34
6 36
7 41
8 55
9 55
10 60
11 70
12 82
13 81
14 62
15 51
16 46
17 37
18 20
19 14
20 5
21 0
22 1
23 0
last timestep 23
