node 2035 iteration 0
0 0
1 2
2 2
3 4
4 3
5 12
6 8
7 7
8 8
9 8
10 20
11 26
12 46
13 61
14 77
15 80
16 94
17 88
18 72
19 64
20 53
21 35
22 17
23 7
24 6
25 11
26 6
27 0
28 3
29 5
30 1
31 0
last timestep 31
node 2035 iteration 1
0 0
1 2
2 3
3 8
4 7
5 12
6 12
7 10
8 8
9 15
10 22
11 32
12 47
13 59
14 90
15 91
16 100
17 78
18 46
19 35
20 19
21 16
22 14
23 9
24 5
25 3
26 2
27 0
28 0
last timestep 28
node 2035 iteration 2
0 0
1 1
2 1
3 4
4 14
5 31
6 31
7 26
8 32
9 51
10 63
11 62
12 65
13 70
14 53
15 60
16 56
17 42
18 29
19 18
20 11
21 9
22 6
23 4
24 3
25 2
26 4
27 2
28 0
29 0
last timestep 29
node 2035 iteration 3
0 0
1 1
2 0
3 0
last timestep 3
node 2035 iteration 4
0 0
1 0
2 0
last timestep 2
node 2035 iteration 5
0 0
1 1
2 1
3 1
4 1
5 1
6 2
7 4
8 9
9 8
10 12
11 11
12 23
13 20
14 32
15 36
16 50
17 52
18 78
19 105
20 99
21 93
22 51
23 34
24 18
25 7
26 2
27 10
28 8
29 4
30 6
31 4
32 3
33 0
34 0
last timestep 34
node 2035 iteration 6
0 0
1 1
2 8
3 21
4 34
5 35
6 42
7 44
8 67
9 73
10 72
11 69
12 63
13 62
14 38
15 28
16 19
17 18
18 5
19 1
20 3
21 4
22 1
23 0
24 0
last timestep 24
node 2035 iteration 7
0 0
1 5
2 7
3 7
4 15
5 22
6 34
7 35
8 35
9 63
10 70
11 73
12 80
13 92
14 95
15 73
16 35
17 20
18 21
19 12
20 14
21 0
22 1
23 3
24 0
last timestep 24
node 2035 iteration 8
0 0
1 1
2 0
3 0
last timestep 3
node 2035 iteration 9
0 0
1 4
2 2
3 2
4 3
5 14
6 13
7 16
8 36
9 43
10 65
11 85
12 119
13 93
14 76
15 74
16 56
17 47
18 27
19 18
20 19
21 14
22 4
23 2
24 1
25 0
26 0
last timestep 26
