node 564 iteration 0
0 0
1 5
2 5
3 11
4 24
5 39
6 46
7 70
8 96
9 95
10 106
11 84
12 69
13 64
14 41
15 22
16 16
17 17
18 9
19 2
20 1
21 5
22 2
23 3
24 2
25 0
26 0
last timestep 26
node 564 iteration 1
0 0
1 0
2 0
last timestep 2
node 564 iteration 2
0 0
1 2
2 0
3 0
last timestep 3
node 564 iteration 3
0 0
1 2
2 14
3 18
4 29
5 35
6 50
7 85
8 90
9 96
10 99
11 96
12 60
13 41
14 24
15 24
16 8
17 9
18 3
19 1
20 2
21 2
22 1
23 1
24 1
25 0
26 2
27 1
28 0
last timestep 28
node 564 iteration 4
0 0
1 0
2 0
last timestep 2
node 564 iteration 5
0 0
1 3
2 3
3 2
4 2
5 0
6 0
last timestep 6
node 564 iteration 6
0 0
1 0
2 3
3 6
4 10
5 14
6 14
7 12
8 22
9 24
10 26
11 40
12 36
13 26
14 51
15 55
16 52
17 59
18 49
19 32
20 20
21 17
22 12
23 9
24 17
25 10
26 6
27 4
28 5
29 6
30 8
31 6
32 4
33 5
34 3
35 4
36 1
37 1
38 0
last timestep 38
node 564 iteration 7
0 0
1 3
2 2
3 0
4 2
5 6
6 11
7 23
8 33
9 68
10 96
11 85
12 96
13 91
14 83
15 71
16 47
17 29
18 17
19 9
20 1
21 4
22 4
23 1
24 2
25 1
26 2
27 1
28 2
29 0
last timestep 29
node 564 iteration 8
0 0
1 1
2 3
3 0
4 0
last timestep 4
node 564 iteration 9
0 0
1 2
2 4
3 8
4 12
5 13
6 25
7 52
8 56
9 76
10 86
11 101
12 87
13 62
14 52
15 40
16 32
17 14
18 12
19 9
20 3
21 1
22 3
23 0
24 0
last timestep 24
