node 819 iteration 0
0 0
1 5
2 4
3 6
4 13
5 16
6 23
7 33
8 64
9 70
10 73
11 74
12 65
13 62
14 54
15 40
16 38
17 34
18 38
19 41
20 35
21 17
22 9
23 10
24 5
25 2
26 0
27 0
last timestep 27
node 819 iteration 1
0 0
1 4
2 5
3 1
4 6
5 19
6 23
7 52
8 64
9 70
10 78
11 70
12 69
13 51
14 60
15 54
16 56
17 43
18 28
19 19
20 18
21 14
22 11
23 7
24 3
25 1
26 0
27 0
last timestep 27
node 819 iteration 2
0 0
1 2
2 3
3 4
4 6
5 3
6 11
7 13
8 26
9 29
10 42
11 60
12 72
13 89
14 82
15 64
16 45
17 42
18 37
19 45
20 34
21 29
22 25
23 15
24 4
25 3
26 1
27 1
28 0
29 0
last timestep 29
node 819 iteration 3
0 0
1 6
2 1
3 0
4 0
last timestep 4
node 819 iteration 4
0 0
1 3
2 1
3 5
4 10
5 8
6 10
7 22
8 28
9 34
10 42
11 50
12 68
13 88
14 84
15 86
16 70
17 54
18 41
19 43
20 25
21 19
22 20
23 16
24 7
25 5
26 10
27 9
28 7
29 8
30 8
31 5
32 3
33 0
34 2
35 0
last timestep 35
node 819 iteration 5
0 0
1 6
2 10
3 26
4 24
5 27
6 38
7 59
8 96
9 78
10 100
11 85
12 67
13 54
14 33
15 19
16 18
17 14
18 18
19 23
20 9
21 8
22 7
23 2
24 1
25 0
26 0
last timestep 26
node 819 iteration 6
0 0
1 0
2 0
last timestep 2
node 819 iteration 7
0 0
1 4
2 3
3 3
4 2
5 3
6 0
7 0
last timestep 7
node 819 iteration 8
0 0
1 4
2 1
3 0
4 0
last timestep 4
node 819 iteration 9
0 0
1 2
2 6
3 7
4 31
5 36
6 42
7 48
8 42
9 63
10 62
11 42
12 43
13 53
14 52
15 53
16 36
17 25
18 21
19 6
20 12
21 6
22 4
23 3
24 2
25 1
26 1
27 1
28 1
29 0
30 0
last timestep 30
