node 612 iteration 0
0 0
1 2
2 7
3 12
4 23
5 41
6 65
7 73
8 104
9 103
10 113
11 103
12 82
13 58
14 31
15 20
16 13
17 9
18 4
19 1
20 0
21 0
last timestep 21
node 612 iteration 1
0 0
1 4
2 4
3 3
4 6
5 13
6 15
7 13
8 27
9 31
10 35
11 52
12 52
13 50
14 64
15 52
16 42
17 38
18 27
19 14
20 26
21 28
22 14
23 9
24 10
25 9
26 10
27 10
28 10
29 3
30 2
31 1
32 1
33 3
34 2
35 1
36 4
37 3
38 0
39 1
40 0
last timestep 40
node 612 iteration 2
0 0
1 3
2 4
3 5
4 4
5 4
6 9
7 17
8 20
9 25
10 33
11 30
12 35
13 47
14 49
15 45
16 61
17 48
18 47
19 45
20 36
21 18
22 21
23 12
24 6
25 8
26 4
27 1
28 1
29 0
30 0
last timestep 30
node 612 iteration 3
0 0
1 3
2 7
3 6
4 6
5 4
6 19
7 35
8 56
9 60
10 77
11 114
12 99
13 102
14 60
15 50
16 43
17 35
18 9
19 10
20 4
21 0
22 0
last timestep 22
node 612 iteration 4
0 0
1 2
2 6
3 10
4 16
5 18
6 38
7 60
8 68
9 70
10 80
11 71
12 82
13 78
14 68
15 35
16 22
17 16
18 8
19 10
20 5
21 2
22 0
23 1
24 0
last timestep 24
node 612 iteration 5
0 0
1 0
2 0
last timestep 2
node 612 iteration 6
0 0
1 0
2 0
last timestep 2
node 612 iteration 7
0 0
1 1
2 4
3 9
4 21
5 21
6 27
7 28
8 40
9 77
10 78
11 107
12 80
13 82
14 78
15 61
16 35
17 22
18 11
19 6
20 1
21 0
22 0
last timestep 22
node 612 iteration 8
0 0
1 0
2 0
last timestep 2
node 612 iteration 9
0 0
1 1
2 6
3 4
4 3
5 6
6 3
7 6
8 29
9 42
10 62
11 107
12 126
13 124
14 84
15 85
16 58
17 25
18 21
19 22
20 17
21 8
22 9
23 10
24 1
25 2
26 3
27 3
28 0
29 0
last timestep 29
