node 917 iteration 0
0 0
1 7
2 8
3 8
4 8
5 9
6 8
7 14
8 11
9 35
10 31
11 42
12 56
13 78
14 84
15 72
16 69
17 63
18 37
19 26
20 28
21 16
22 13
23 3
24 8
25 6
26 3
27 0
28 0
last timestep 28
node 917 iteration 1
0 0
1 1
2 0
3 0
last timestep 3
node 917 iteration 2
0 0
1 1
2 10
3 17
4 31
5 56
6 72
7 96
8 99
9 83
10 75
11 61
12 46
13 39
14 36
15 29
16 24
17 18
18 9
19 8
20 6
21 5
22 1
23 1
24 0
25 0
last timestep 25
node 917 iteration 3
0 0
1 2
2 4
3 2
4 2
5 8
6 12
7 13
8 16
9 29
10 34
11 38
12 41
13 65
14 85
15 102
16 131
17 113
18 77
19 43
20 31
21 13
22 15
23 12
24 12
25 5
26 2
27 1
28 0
29 0
last timestep 29
node 917 iteration 4
0 0
1 2
2 0
3 0
last timestep 3
node 917 iteration 5
0 0
1 2
2 2
3 9
4 6
5 11
6 16
7 24
8 41
9 65
10 95
11 121
12 121
13 112
14 72
15 54
16 41
17 27
18 14
19 7
20 4
21 3
22 1
23 1
24 0
25 2
26 1
27 2
28 2
29 0
last timestep 29
node 917 iteration 6
0 0
1 2
2 0
3 0
last timestep 3
node 917 iteration 7
0 0
1 3
2 5
3 11
4 18
5 25
6 57
7 74
8 77
9 109
10 93
11 83
12 74
13 62
14 34
15 29
16 26
17 22
18 7
19 6
20 4
21 1
22 2
23 2
24 3
25 0
26 0
last timestep 26
node 917 iteration 8
0 0
1 0
2 0
last timestep 2
node 917 iteration 9
0 0
1 1
2 3
3 4
4 14
5 21
6 22
7 29
8 44
9 71
10 79
11 69
12 68
13 63
14 65
15 45
16 33
17 26
18 29
19 28
20 15
21 9
22 8
23 15
24 8
25 2
26 1
27 3
28 3
29 3
30 4
31 1
32 0
33 1
34 2
35 0
last timestep 35
