node 674 iteration 0
0 0
1 3
2 10
3 32
4 36
5 73
6 76
7 76
8 77
9 76
10 69
11 70
12 63
13 61
14 46
15 25
16 12
17 18
18 11
19 5
20 0
21 0
last timestep 21
node 674 iteration 1
0 0
1 3
2 7
3 14
4 19
5 40
6 51
7 65
8 86
9 94
10 86
11 72
12 77
13 68
14 55
15 35
16 23
17 14
18 10
19 8
20 0
21 1
22 4
23 0
last timestep 23
node 674 iteration 2
0 0
1 1
2 0
3 0
last timestep 3
node 674 iteration 3
0 0
1 3
2 11
3 12
4 20
5 43
6 57
7 72
8 98
9 103
10 91
11 83
12 71
13 37
14 37
15 27
16 29
17 21
18 12
19 6
20 1
21 1
22 0
23 0
last timestep 23
node 674 iteration 4
0 0
1 3
2 11
3 23
4 55
5 80
6 91
7 117
8 98
9 88
10 83
11 72
12 55
13 35
14 24
15 20
16 15
17 5
18 8
19 7
20 3
21 2
22 0
23 1
24 0
last timestep 24
node 674 iteration 5
0 0
1 4
2 0
3 1
4 2
5 2
6 4
7 4
8 1
9 0
last timestep 9
node 674 iteration 6
0 0
1 5
2 4
3 4
4 1
5 15
6 27
7 53
8 79
9 104
10 103
11 114
12 89
13 68
14 55
15 31
16 18
17 10
18 7
19 6
20 7
21 1
22 2
23 0
24 0
last timestep 24
node 674 iteration 7
0 0
1 3
2 4
3 4
4 8
5 9
6 22
7 30
8 33
9 53
10 71
11 61
12 81
13 71
14 60
15 35
16 31
17 30
18 26
19 36
20 15
21 14
22 5
23 3
24 6
25 4
26 0
27 0
last timestep 27
node 674 iteration 8
0 0
1 2
2 3
3 2
4 0
5 0
last timestep 5
node 674 iteration 9
0 0
1 2
2 2
3 7
4 9
5 16
6 18
7 24
8 48
9 53
10 63
11 70
12 93
13 90
14 92
15 61
16 42
17 36
18 22
19 11
20 2
21 0
22 1
23 0
last timestep 23
