node 1658 iteration 0
0 0
1 6
2 10
3 22
4 22
5 22
6 27
7 30
8 45
9 46
10 46
11 57
12 60
13 50
14 54
15 54
16 53
17 42
18 41
19 30
20 19
21 18
22 12
23 6
24 5
25 2
26 6
27 1
28 0
29 0
last timestep 29
node 1658 iteration 1
0 0
1 2
2 7
3 10
4 11
5 20
6 25
7 48
8 71
9 77
10 85
11 90
12 82
13 55
14 39
15 34
16 13
17 16
18 13
19 12
20 10
21 5
22 4
23 9
24 2
25 2
26 0
27 0
last timestep 27
node 1658 iteration 2
0 0
1 1
2 3
3 3
4 7
5 13
6 26
7 35
8 65
9 67
10 81
11 89
12 102
13 82
14 61
15 60
16 58
17 34
18 18
19 8
20 4
21 2
22 6
23 3
24 0
25 0
last timestep 25
node 1658 iteration 3
0 0
1 0
2 0
last timestep 2
node 1658 iteration 4
0 0
1 2
2 6
3 5
4 6
5 12
6 15
7 32
8 41
9 49
10 63
11 53
12 88
13 107
14 103
15 91
16 73
17 57
18 35
19 23
20 9
21 4
22 3
23 2
24 2
25 2
26 0
27 0
last timestep 27
node 1658 iteration 5
0 0
1 3
2 5
3 9
4 22
5 29
6 55
7 109
8 120
9 130
10 117
11 68
12 46
13 39
14 33
15 14
16 10
17 11
18 9
19 8
20 7
21 4
22 5
23 7
24 5
25 5
26 4
27 5
28 3
29 0
30 0
last timestep 30
node 1658 iteration 6
0 0
1 0
2 0
last timestep 2
node 1658 iteration 7
0 0
1 1
2 2
3 2
4 2
5 2
6 7
7 11
8 10
9 24
10 28
11 31
12 51
13 62
14 72
15 55
16 67
17 60
18 51
19 50
20 39
21 38
22 39
23 32
24 21
25 9
26 11
27 7
28 2
29 2
30 3
31 0
32 0
last timestep 32
node 1658 iteration 8
0 0
1 2
2 0
3 0
last timestep 3
node 1658 iteration 9
0 0
1 1
2 1
3 0
4 0
last timestep 4
