node 407 iteration 0
0 0
1 3
2 8
3 25
4 33
5 53
6 65
7 77
8 83
9 86
10 87
11 90
12 82
13 46
14 32
15 26
16 11
17 16
18 13
19 3
20 3
21 4
22 4
23 2
24 1
25 2
26 4
27 0
28 0
last timestep 28
node 407 iteration 1
0 0
1 5
2 1
3 1
4 0
5 0
last timestep 5
node 407 iteration 2
0 0
1 4
2 2
3 1
4 0
5 0
last timestep 5
node 407 iteration 3
0 0
1 0
2 0
last timestep 2
node 407 iteration 4
0 0
1 4
2 5
3 8
4 14
5 28
6 45
7 76
8 87
9 123
10 107
11 113
12 89
13 60
14 36
15 25
16 21
17 11
18 6
19 3
20 5
21 5
22 2
23 3
24 0
25 0
last timestep 25
node 407 iteration 5
0 0
1 3
2 1
3 5
4 8
5 20
6 28
7 33
8 63
9 90
10 91
11 110
12 88
13 66
14 73
15 66
16 45
17 34
18 25
19 10
20 10
21 5
22 5
23 3
24 4
25 2
26 4
27 1
28 0
29 0
last timestep 29
node 407 iteration 6
0 0
1 3
2 6
3 12
4 13
5 16
6 16
7 20
8 25
9 29
10 37
11 67
12 84
13 95
14 90
15 86
16 75
17 45
18 36
19 27
20 10
21 6
22 0
23 0
last timestep 23
node 407 iteration 7
0 0
1 3
2 3
3 9
4 17
5 17
6 36
7 52
8 56
9 73
10 62
11 92
12 83
13 72
14 60
15 48
16 30
17 14
18 12
19 6
20 3
21 4
22 1
23 0
24 0
last timestep 24
node 407 iteration 8
0 0
1 3
2 2
3 13
4 14
5 22
6 28
7 36
8 64
9 73
10 57
11 84
12 73
13 68
14 52
15 40
16 38
17 36
18 14
19 10
20 14
21 7
22 3
23 1
24 0
25 0
last timestep 25
node 407 iteration 9
0 0
1 1
2 2
3 7
4 8
5 7
6 17
7 15
8 19
9 35
10 51
11 51
12 59
13 68
14 76
15 67
16 51
17 39
18 36
19 22
20 9
21 6
22 11
23 6
24 1
25 0
26 0
last timestep 26
