node 615 iteration 0
0 0
1 1
2 1
3 0
4 0
last timestep 4
node 615 iteration 1
0 0
1 1
2 2
3 4
4 6
5 13
6 17
7 30
8 48
9 44
10 71
11 76
12 69
13 94
14 85
15 60
16 54
17 22
18 14
19 7
20 9
21 3
22 6
23 2
24 0
25 0
last timestep 25
node 615 iteration 2
0 0
1 3
2 18
3 18
4 37
5 40
6 45
7 67
8 87
9 93
10 97
11 62
12 60
13 56
14 32
15 26
16 14
17 7
18 5
19 1
20 0
21 0
last timestep 21
node 615 iteration 3
0 0
1 1
2 1
3 3
4 7
5 9
6 9
7 27
8 42
9 46
10 52
11 83
12 77
13 76
14 60
15 57
16 41
17 54
18 45
19 28
20 17
21 8
22 3
23 2
24 2
25 1
26 2
27 0
28 0
last timestep 28
node 615 iteration 4
0 0
1 1
2 1
3 2
4 6
5 7
6 8
7 14
8 44
9 59
10 66
11 72
12 88
13 80
14 84
15 64
16 39
17 36
18 23
19 16
20 10
21 8
22 8
23 3
24 1
25 2
26 4
27 0
28 1
29 0
last timestep 29
node 615 iteration 5
0 0
1 1
2 4
3 13
4 9
5 11
6 15
7 16
8 21
9 21
10 11
11 16
12 15
13 36
14 51
15 64
16 73
17 60
18 55
19 46
20 41
21 41
22 25
23 13
24 10
25 9
26 5
27 1
28 2
29 3
30 1
31 0
32 0
last timestep 32
node 615 iteration 6
0 0
1 6
2 7
3 10
4 16
5 22
6 38
7 52
8 73
9 75
10 101
11 104
12 85
13 79
14 56
15 43
16 35
17 17
18 12
19 8
20 3
21 3
22 1
23 0
24 0
last timestep 24
node 615 iteration 7
0 0
1 2
2 1
3 3
4 3
5 3
6 1
7 1
8 0
9 0
last timestep 9
node 615 iteration 8
0 0
1 0
2 0
last timestep 2
node 615 iteration 9
0 0
1 2
2 3
3 1
4 0
5 0
last timestep 5
