node 1041 iteration 0
0 0
1 0
2 0
last timestep 2
node 1041 iteration 1
0 0
1 1
2 0
3 2
4 0
last timestep 4
node 1041 iteration 2
0 0
1 3
2 5
3 16
4 20
5 27
6 48
7 59
8 85
9 110
10 123
11 117
12 93
13 48
14 44
15 19
16 7
17 7
18 7
19 2
20 1
21 0
22 0
last timestep 22
node 1041 iteration 3
0 0
1 0
2 0
last timestep 2
node 1041 iteration 4
0 0
1 2
2 5
3 8
4 27
5 49
6 68
7 109
8 125
9 131
10 121
11 65
12 46
13 34
14 16
15 15
16 6
17 10
18 4
19 10
20 4
21 1
22 2
23 0
24 0
last timestep 24
node 1041 iteration 5
0 0
1 1
2 0
3 0
last timestep 3
node 1041 iteration 6
0 0
1 0
2 0
last timestep 2
node 1041 iteration 7
0 0
1 0
2 3
3 2
4 3
5 6
6 17
7 28
8 35
9 42
10 50
11 77
12 51
13 68
14 59
15 56
16 33
17 34
18 32
19 23
20 23
21 18
22 10
23 11
24 2
25 0
last timestep 25
node 1041 iteration 8
0 0
1 1
2 2
3 2
4 10
5 9
6 20
7 30
8 38
9 57
10 102
11 95
12 101
13 95
14 76
15 88
16 54
17 47
18 26
19 17
20 11
21 3
22 0
23 0
last timestep 23
node 1041 iteration 9
0 0
1 2
2 5
3 6
4 31
5 49
6 60
7 71
8 86
9 109
10 120
11 117
12 105
13 65
14 39
15 43
16 27
17 8
18 2
19 0
20 0
last timestep 20
