node 2239 iteration 0
0 0
1 4
2 6
3 9
4 8
5 15
6 20
7 42
8 48
9 62
10 86
11 85
12 96
13 61
14 52
15 45
16 32
17 24
18 28
19 20
20 10
21 13
22 4
23 4
24 4
25 3
26 1
27 2
28 1
29 0
30 0
last timestep 30
node 2239 iteration 1
0 0
1 4
2 6
3 10
4 20
5 43
6 61
7 101
8 103
9 105
10 84
11 83
12 66
13 56
14 39
15 27
16 20
17 21
18 7
19 4
20 4
21 3
22 0
23 0
last timestep 23
node 2239 iteration 2
0 0
1 4
2 8
3 9
4 14
5 16
6 22
7 28
8 35
9 59
10 95
11 90
12 94
13 100
14 75
15 44
16 39
17 39
18 20
19 24
20 21
21 11
22 8
23 2
24 5
25 2
26 5
27 2
28 0
29 0
last timestep 29
node 2239 iteration 3
0 0
1 2
2 4
3 10
4 23
5 30
6 49
7 56
8 56
9 67
10 92
11 95
12 92
13 73
14 72
15 63
16 39
17 31
18 18
19 11
20 7
21 9
22 1
23 0
24 0
last timestep 24
node 2239 iteration 4
0 0
1 1
2 1
3 4
4 3
5 3
6 3
7 3
8 10
9 18
10 21
11 32
12 58
13 83
14 84
15 105
16 96
17 66
18 55
19 37
20 29
21 8
22 13
23 8
24 1
25 0
26 0
last timestep 26
node 2239 iteration 5
0 0
1 4
2 4
3 6
4 8
5 20
6 25
7 45
8 42
9 60
10 79
11 84
12 90
13 64
14 42
15 28
16 26
17 15
18 19
19 11
20 2
21 2
22 6
23 7
24 8
25 5
26 1
27 4
28 0
29 0
last timestep 29
node 2239 iteration 6
0 0
1 4
2 6
3 13
4 11
5 13
6 22
7 28
8 41
9 37
10 67
11 76
12 99
13 71
14 73
15 62
16 38
17 28
18 18
19 9
20 6
21 5
22 3
23 3
24 2
25 1
26 1
27 0
28 0
last timestep 28
node 2239 iteration 7
0 0
1 2
2 2
3 1
4 1
5 0
6 0
last timestep 6
node 2239 iteration 8
0 0
1 2
2 2
3 4
4 6
5 0
6 0
last timestep 6
node 2239 iteration 9
0 0
1 2
2 1
3 2
4 1
5 0
6 0
last timestep 6
