node 1039 iteration 0
0 0
1 3
2 5
3 9
4 13
5 18
6 16
7 18
8 42
9 58
10 63
11 98
12 99
13 114
14 90
15 61
16 49
17 28
18 10
19 7
20 2
21 2
22 0
23 0
last timestep 23
node 1039 iteration 1
0 0
1 0
2 1
3 1
4 1
5 10
6 4
7 6
8 8
9 16
10 20
11 23
12 45
13 58
14 55
15 64
16 77
17 93
18 88
19 61
20 61
21 31
22 16
23 13
24 14
25 2
26 5
27 2
28 2
29 2
30 0
last timestep 30
node 1039 iteration 2
0 0
1 1
2 3
3 2
4 4
5 8
6 4
7 9
8 22
9 36
10 64
11 70
12 75
13 70
14 101
15 94
16 59
17 52
18 43
19 38
20 22
21 20
22 14
23 7
24 3
25 0
26 2
27 1
28 0
last timestep 28
node 1039 iteration 3
0 0
1 1
2 1
3 0
4 0
last timestep 4
node 1039 iteration 4
0 0
1 1
2 1
3 0
4 0
last timestep 4
node 1039 iteration 5
0 0
1 1
2 4
3 5
4 10
5 20
6 26
7 26
8 43
9 48
10 58
11 65
12 96
13 106
14 88
15 78
16 81
17 56
18 34
19 17
20 10
21 11
22 7
23 4
24 1
25 0
26 0
last timestep 26
node 1039 iteration 6
0 0
1 2
2 1
3 1
4 1
5 1
6 1
7 0
8 0
last timestep 8
node 1039 iteration 7
0 0
1 3
2 4
3 12
4 36
5 49
6 71
7 82
8 86
9 93
10 93
11 75
12 73
13 53
14 27
15 17
16 10
17 4
18 4
19 1
20 1
21 0
22 0
last timestep 22
node 1039 iteration 8
0 0
1 1
2 1
3 2
4 5
5 11
6 13
7 12
8 34
9 51
10 109
11 135
12 111
13 85
14 72
15 63
16 56
17 34
18 12
19 10
20 6
21 2
22 2
23 0
24 0
last timestep 24
node 1039 iteration 9
0 0
1 2
2 0
3 0
last timestep 3
