node 1129 iteration 0
0 0
1 2
2 0
3 0
last timestep 3
node 1129 iteration 1
0 0
1 3
2 7
3 9
4 24
5 45
6 46
7 63
8 72
9 81
10 97
11 98
12 77
13 73
14 49
15 37
16 20
17 14
18 6
19 7
20 5
21 1
22 0
23 0
last timestep 23
node 1129 iteration 2
0 0
1 2
2 7
3 6
4 14
5 13
6 17
7 17
8 57
9 56
10 57
11 53
12 53
13 61
14 43
15 41
16 40
17 31
18 22
19 18
20 26
21 17
22 20
23 12
24 18
25 11
26 5
27 1
28 0
29 0
last timestep 29
node 1129 iteration 3
0 0
1 1
2 2
3 2
4 3
5 5
6 4
7 6
8 11
9 18
10 12
11 19
12 25
13 30
14 24
15 32
16 50
17 59
18 58
19 65
20 60
21 44
22 35
23 27
24 25
25 17
26 6
27 6
28 1
29 0
30 0
last timestep 30
node 1129 iteration 4
0 0
1 0
2 0
last timestep 2
node 1129 iteration 5
0 0
1 4
2 4
3 10
4 20
5 37
6 49
7 86
8 105
9 126
10 108
11 88
12 80
13 61
14 34
15 23
16 18
17 19
18 7
19 4
20 1
21 4
22 4
23 1
24 1
25 1
26 1
27 0
28 0
last timestep 28
node 1129 iteration 6
0 0
1 2
2 1
3 2
4 13
5 9
6 27
7 33
8 39
9 52
10 48
11 65
12 73
13 86
14 82
15 61
16 40
17 28
18 25
19 18
20 15
21 13
22 5
23 3
24 3
25 3
26 1
27 1
28 0
29 0
last timestep 29
node 1129 iteration 7
0 0
1 2
2 5
3 2
4 3
5 4
6 20
7 35
8 46
9 70
10 85
11 97
12 107
13 104
14 82
15 55
16 47
17 43
18 31
19 24
20 13
21 19
22 11
23 7
24 2
25 1
26 0
27 0
last timestep 27
node 1129 iteration 8
0 0
1 2
2 5
3 9
4 16
5 31
6 36
7 61
8 80
9 99
10 83
11 94
12 82
13 65
14 38
15 36
16 21
17 19
18 17
19 6
20 9
21 3
22 3
23 1
24 0
25 0
last timestep 25
node 1129 iteration 9
0 0
1 2
2 1
3 0
4 0
last timestep 4
