node 284 iteration 0
0 0
1 5
2 10
3 10
4 11
5 12
6 11
7 12
8 45
9 63
10 81
11 92
12 110
13 99
14 72
15 59
16 49
17 18
18 23
19 7
20 5
21 3
22 1
23 3
24 1
25 0
26 0
last timestep 26
node 284 iteration 1
0 0
1 3
2 6
3 3
4 3
5 3
6 2
7 7
8 5
9 6
10 6
11 2
12 2
13 2
14 7
15 7
16 12
17 19
18 33
19 46
20 59
21 77
22 89
23 109
24 94
25 80
26 57
27 40
28 34
29 21
30 10
31 4
32 1
33 0
34 0
last timestep 34
node 284 iteration 2
0 0
1 2
2 4
3 2
4 2
5 2
6 1
7 4
8 6
9 8
10 9
11 7
12 9
13 9
14 11
15 8
16 10
17 13
18 21
19 33
20 49
21 53
22 71
23 79
24 75
25 71
26 61
27 43
28 42
29 31
30 20
31 9
32 5
33 4
34 2
35 3
36 3
37 1
38 2
39 1
40 4
41 5
42 5
43 2
44 8
45 2
46 6
47 3
48 4
49 4
50 1
51 0
52 0
last timestep 52
node 284 iteration 3
0 0
1 3
2 10
3 29
4 19
5 22
6 36
7 28
8 35
9 37
10 42
11 51
12 53
13 67
14 54
15 42
16 30
17 22
18 18
19 30
20 25
21 19
22 10
23 6
24 4
25 6
26 0
27 0
last timestep 27
node 284 iteration 4
0 0
1 2
2 1
3 2
4 4
5 1
6 3
7 2
8 0
9 0
last timestep 9
node 284 iteration 5
0 0
1 2
2 5
3 5
4 3
5 1
6 1
7 0
8 0
last timestep 8
node 284 iteration 6
0 0
1 4
2 2
3 3
4 0
5 1
6 0
last timestep 6
node 284 iteration 7
0 0
1 2
2 2
3 1
4 0
5 0
last timestep 5
node 284 iteration 8
0 0
1 3
2 1
3 1
4 1
5 0
6 1
7 0
last timestep 7
node 284 iteration 9
0 0
1 2
2 1
3 2
4 1
5 1
6 3
7 4
8 7
9 1
10 5
11 9
12 14
13 16
14 18
15 25
16 33
17 33
18 41
19 77
20 91
21 84
22 65
23 51
24 46
25 39
26 42
27 37
28 25
29 19
30 8
31 7
32 2
33 4
34 3
35 3
36 1
37 1
38 0
39 0
last timestep 39
