node 933 iteration 0
0 0
1 2
2 2
3 4
4 0
5 2
6 1
7 8
8 7
9 13
10 30
11 36
12 62
13 74
14 91
15 125
16 126
17 101
18 93
19 44
20 40
21 18
22 10
23 3
24 1
25 0
last timestep 25
node 933 iteration 1
0 0
1 3
2 1
3 5
4 7
5 8
6 11
7 15
8 23
9 23
10 27
11 43
12 52
13 64
14 69
15 99
16 81
17 61
18 40
19 39
20 24
21 19
22 16
23 7
24 4
25 2
26 1
27 0
28 0
last timestep 28
node 933 iteration 2
0 0
1 2
2 1
3 2
4 0
5 0
last timestep 5
node 933 iteration 3
0 0
1 3
2 5
3 11
4 12
5 10
6 19
7 25
8 32
9 46
10 57
11 78
12 79
13 69
14 83
15 80
16 48
17 32
18 27
19 12
20 6
21 5
22 7
23 8
24 4
25 1
26 0
27 0
last timestep 27
node 933 iteration 4
0 0
1 3
2 5
3 8
4 14
5 31
6 41
7 34
8 71
9 88
10 99
11 104
12 106
13 62
14 48
15 33
16 25
17 14
18 20
19 6
20 4
21 4
22 3
23 1
24 1
25 1
26 0
27 0
last timestep 27
node 933 iteration 5
0 0
1 3
2 0
3 4
4 8
5 17
6 23
7 20
8 59
9 62
10 70
11 88
12 92
13 73
14 55
15 46
16 40
17 30
18 17
19 18
20 10
21 11
22 7
23 5
24 5
25 2
26 0
last timestep 26
node 933 iteration 6
0 0
1 2
2 3
3 0
4 1
5 0
last timestep 5
node 933 iteration 7
0 0
1 0
2 0
last timestep 2
node 933 iteration 8
0 0
1 2
2 1
3 2
4 3
5 1
6 1
7 4
8 7
9 10
10 15
11 31
12 40
13 53
14 60
15 72
16 95
17 108
18 70
19 74
20 68
21 35
22 19
23 21
24 12
25 8
26 3
27 2
28 1
29 0
30 0
last timestep 30
node 933 iteration 9
0 0
1 2
2 3
3 6
4 9
5 7
6 7
7 7
8 11
9 22
10 49
11 69
12 86
13 100
14 103
15 106
16 72
17 55
18 41
19 41
20 30
21 26
22 19
23 14
24 10
25 15
26 11
27 6
28 0
29 0
last timestep 29
