node 774 iteration 0
0 0
1 3
2 7
3 12
4 29
5 43
6 45
7 48
8 65
9 75
10 75
11 67
12 86
13 62
14 43
15 31
16 13
17 9
18 5
19 2
20 1
21 1
22 0
23 0
last timestep 23
node 774 iteration 1
0 0
1 3
2 3
3 4
4 3
5 6
6 23
7 31
8 66
9 87
10 108
11 125
12 98
13 80
14 61
15 43
16 38
17 26
18 21
19 21
20 13
21 4
22 5
23 2
24 0
25 0
last timestep 25
node 774 iteration 2
0 0
1 3
2 9
3 21
4 36
5 55
6 70
7 66
8 80
9 74
10 95
11 75
12 61
13 35
14 24
15 8
16 3
17 4
18 2
19 4
20 3
21 4
22 4
23 1
24 0
25 1
26 0
last timestep 26
node 774 iteration 3
0 0
1 3
2 10
3 13
4 27
5 39
6 41
7 54
8 63
9 95
10 90
11 92
12 83
13 62
14 38
15 28
16 20
17 7
18 3
19 2
20 0
21 1
22 0
last timestep 22
node 774 iteration 4
0 0
1 3
2 3
3 3
4 8
5 21
6 27
7 51
8 65
9 86
10 93
11 87
12 84
13 77
14 54
15 40
16 23
17 17
18 18
19 9
20 5
21 1
22 2
23 0
24 1
25 1
26 0
last timestep 26
node 774 iteration 5
0 0
1 3
2 13
3 12
4 23
5 24
6 33
7 47
8 71
9 93
10 72
11 67
12 73
13 66
14 44
15 26
16 19
17 16
18 12
19 3
20 4
21 0
22 0
last timestep 22
node 774 iteration 6
0 0
1 0
2 0
last timestep 2
node 774 iteration 7
0 0
1 1
2 1
3 8
4 7
5 7
6 17
7 23
8 27
9 35
10 51
11 61
12 90
13 90
14 80
15 72
16 59
17 46
18 26
19 27
20 29
21 19
22 7
23 4
24 2
25 0
26 0
last timestep 26
node 774 iteration 8
0 0
1 2
2 2
3 5
4 9
5 8
6 15
7 7
8 11
9 17
10 26
11 33
12 64
13 56
14 64
15 61
16 54
17 43
18 36
19 43
20 30
21 27
22 4
23 4
24 6
25 0
26 0
last timestep 26
node 774 iteration 9
0 0
1 1
2 0
3 0
last timestep 3
