node 762 iteration 0
0 0
1 4
2 15
3 25
4 42
5 57
6 92
7 82
8 79
9 98
10 85
11 90
12 66
13 59
14 41
15 20
16 6
17 7
18 0
19 1
20 0
last timestep 20
node 762 iteration 1
0 0
1 3
2 1
3 1
4 0
5 0
last timestep 5
node 762 iteration 2
0 0
1 4
2 3
3 16
4 20
5 22
6 37
7 43
8 62
9 66
10 65
11 57
12 69
13 54
14 54
15 30
16 23
17 18
18 13
19 14
20 15
21 11
22 9
23 12
24 13
25 10
26 6
27 7
28 5
29 5
30 5
31 6
32 1
33 1
34 1
35 0
36 0
last timestep 36
node 762 iteration 3
0 0
1 7
2 14
3 15
4 22
5 17
6 17
7 34
8 39
9 42
10 48
11 46
12 54
13 83
14 88
15 82
16 74
17 51
18 18
19 18
20 10
21 9
22 0
23 1
24 2
25 0
last timestep 25
node 762 iteration 4
0 0
1 6
2 6
3 17
4 27
5 38
6 27
7 35
8 41
9 59
10 68
11 72
12 91
13 83
14 68
15 52
16 31
17 15
18 14
19 15
20 8
21 6
22 3
23 1
24 2
25 2
26 0
27 1
28 1
29 0
last timestep 29
node 762 iteration 5
0 0
1 7
2 18
3 16
4 34
5 28
6 34
7 45
8 60
9 68
10 67
11 66
12 74
13 82
14 78
15 51
16 23
17 22
18 19
19 15
20 6
21 2
22 1
23 0
24 0
last timestep 24
node 762 iteration 6
0 0
1 9
2 31
3 42
4 78
5 121
6 126
7 115
8 100
9 91
10 59
11 45
12 30
13 11
14 8
15 6
16 5
17 3
18 7
19 4
20 1
21 1
22 0
23 0
last timestep 23
node 762 iteration 7
0 0
1 6
2 9
3 3
4 3
5 2
6 4
7 15
8 14
9 14
10 14
11 41
12 88
13 98
14 96
15 111
16 97
17 77
18 51
19 34
20 28
21 14
22 9
23 6
24 4
25 1
26 1
27 1
28 0
29 0
last timestep 29
node 762 iteration 8
0 0
1 8
2 14
3 19
4 29
5 47
6 62
7 87
8 87
9 98
10 93
11 72
12 65
13 53
14 36
15 34
16 13
17 15
18 8
19 5
20 2
21 2
22 4
23 4
24 1
25 0
26 0
last timestep 26
node 762 iteration 9
0 0
1 4
2 4
3 6
4 6
5 9
6 8
7 18
8 17
9 36
10 55
11 71
12 81
13 83
14 93
15 94
16 70
17 40
18 20
19 23
20 19
21 11
22 12
23 4
24 4
25 4
26 0
27 0
last timestep 27
