node 598 iteration 0
0 0
1 1
2 1
3 2
4 5
5 7
6 9
7 12
8 16
9 16
10 26
11 40
12 45
13 42
14 45
15 62
16 60
17 62
18 69
19 50
20 44
21 32
22 30
23 47
24 30
25 18
26 8
27 9
28 5
29 0
30 0
last timestep 30
node 598 iteration 1
0 0
1 4
2 5
3 8
4 18
5 21
6 29
7 43
8 89
9 96
10 86
11 96
12 76
13 61
14 50
15 44
16 26
17 22
18 11
19 7
20 6
21 5
22 3
23 0
24 0
last timestep 24
node 598 iteration 2
0 0
1 2
2 2
3 0
4 0
last timestep 4
node 598 iteration 3
0 0
1 5
2 1
3 3
4 0
5 0
last timestep 5
node 598 iteration 4
0 0
1 2
2 4
3 4
4 9
5 11
6 15
7 33
8 32
9 49
10 63
11 88
12 111
13 102
14 68
15 65
16 41
17 33
18 19
19 18
20 12
21 4
22 3
23 3
24 3
25 1
26 0
27 2
28 3
29 3
30 1
31 0
last timestep 31
node 598 iteration 5
0 0
1 4
2 6
3 2
4 3
5 11
6 19
7 28
8 35
9 47
10 71
11 90
12 90
13 93
14 120
15 100
16 62
17 33
18 16
19 14
20 11
21 3
22 3
23 3
24 3
25 1
26 0
27 0
last timestep 27
node 598 iteration 6
0 0
1 1
2 5
3 10
4 28
5 46
6 67
7 77
8 96
9 90
10 82
11 68
12 54
13 51
14 35
15 23
16 13
17 13
18 11
19 9
20 9
21 6
22 5
23 3
24 0
25 0
last timestep 25
node 598 iteration 7
0 0
1 3
2 2
3 1
4 1
5 2
6 2
7 2
8 12
9 5
10 9
11 14
12 20
13 21
14 21
15 40
16 44
17 53
18 62
19 71
20 81
21 67
22 38
23 29
24 23
25 12
26 16
27 18
28 9
29 6
30 3
31 3
32 0
33 0
last timestep 33
node 598 iteration 8
0 0
1 2
2 15
3 12
4 20
5 25
6 27
7 39
8 34
9 47
10 56
11 68
12 55
13 66
14 70
15 58
16 47
17 31
18 30
19 13
20 9
21 3
22 1
23 6
24 1
25 0
26 0
last timestep 26
node 598 iteration 9
0 0
1 3
2 7
3 6
4 7
5 16
6 28
7 40
8 41
9 58
10 70
11 80
12 80
13 85
14 65
15 57
16 33
17 27
18 22
19 10
20 6
21 3
22 0
23 0
last timestep 23
