node 975 iteration 0
0 0
1 2
2 0
3 0
last timestep 3
node 975 iteration 1
0 0
1 4
2 4
3 8
4 7
5 8
6 14
7 17
8 16
9 32
10 54
11 78
12 104
13 102
14 94
15 77
16 55
17 49
18 35
19 23
20 17
21 15
22 5
23 4
24 5
25 4
26 3
27 0
28 0
last timestep 28
node 975 iteration 2
0 0
1 4
2 1
3 4
4 6
5 8
6 5
7 5
8 12
9 24
10 42
11 59
12 57
13 69
14 96
15 102
16 84
17 88
18 58
19 33
20 13
21 7
22 9
23 9
24 7
25 8
26 1
27 1
28 2
29 1
30 1
31 0
32 0
last timestep 32
node 975 iteration 3
0 0
1 4
2 4
3 16
4 38
5 41
6 37
7 54
8 75
9 94
10 85
11 70
12 59
13 44
14 38
15 24
16 19
17 10
18 8
19 4
20 3
21 0
22 0
last timestep 22
node 975 iteration 4
0 0
1 1
2 0
3 0
last timestep 3
node 975 iteration 5
0 0
1 2
2 3
3 4
4 10
5 19
6 35
7 50
8 70
9 92
10 103
11 82
12 106
13 92
14 63
15 45
16 37
17 25
18 12
19 12
20 12
21 9
22 4
23 2
24 1
25 1
26 1
27 2
28 0
29 0
last timestep 29
node 975 iteration 6
0 0
1 1
2 0
3 0
last timestep 3
node 975 iteration 7
0 0
1 3
2 10
3 18
4 28
5 32
6 49
7 82
8 92
9 82
10 73
11 56
12 39
13 36
14 40
15 29
16 15
17 7
18 8
19 1
20 2
21 2
22 1
23 0
24 0
last timestep 24
node 975 iteration 8
0 0
1 1
2 2
3 3
4 1
5 1
6 1
7 2
8 4
9 2
10 1
11 1
12 0
13 0
last timestep 13
node 975 iteration 9
0 0
1 1
2 1
3 0
4 0
last timestep 4
