node 134 iteration 0
0 0
1 3
2 8
3 3
4 5
5 11
6 11
7 8
8 18
9 14
10 17
11 25
12 29
13 57
14 76
15 89
16 102
17 89
18 80
19 62
20 51
21 27
22 23
23 9
24 9
25 6
26 3
27 2
28 1
29 0
30 0
last timestep 30
node 134 iteration 1
0 0
1 0
2 0
last timestep 2
node 134 iteration 2
0 0
1 2
2 0
3 0
last timestep 3
node 134 iteration 3
0 0
1 2
2 0
3 0
last timestep 3
node 134 iteration 4
0 0
1 2
2 8
3 7
4 15
5 25
6 53
7 42
8 46
9 42
10 57
11 79
12 76
13 63
14 56
15 55
16 51
17 28
18 21
19 10
20 11
21 3
22 4
23 5
24 1
25 1
26 1
27 0
28 0
last timestep 28
node 134 iteration 5
0 0
1 3
2 1
3 1
4 2
5 1
6 0
7 0
last timestep 7
node 134 iteration 6
0 0
1 2
2 1
3 1
4 2
5 4
6 4
7 3
8 5
9 6
10 15
11 14
12 12
13 11
14 26
15 37
16 40
17 60
18 78
19 88
20 95
21 79
22 61
23 58
24 35
25 18
26 11
27 2
28 4
29 2
30 2
31 1
32 1
33 0
34 0
last timestep 34
node 134 iteration 7
0 0
1 1
2 0
3 0
last timestep 3
node 134 iteration 8
0 0
1 1
2 1
3 1
4 3
5 3
6 4
7 6
8 13
9 17
10 25
11 34
12 51
13 55
14 71
15 100
16 93
17 114
18 94
19 70
20 48
21 32
22 18
23 17
24 9
25 10
26 4
27 0
28 0
last timestep 28
node 134 iteration 9
0 0
1 5
2 0
3 1
4 3
5 8
6 14
7 21
8 25
9 22
10 33
11 46
12 71
13 79
14 83
15 95
16 77
17 62
18 38
19 27
20 13
21 11
22 12
23 6
24 6
25 7
26 6
27 3
28 5
29 2
30 0
last timestep 30
