node 660 iteration 0
0 0
1 1
2 2
3 0
4 0
last timestep 4
node 660 iteration 1
0 0
1 1
2 1
3 2
4 1
5 0
6 1
7 3
8 1
9 1
10 3
11 1
12 0
last timestep 12
node 660 iteration 2
0 0
1 2
2 1
3 2
4 0
5 0
last timestep 5
node 660 iteration 3
0 0
1 3
2 6
3 7
4 13
5 20
6 35
7 39
8 57
9 79
10 105
11 84
12 66
13 65
14 50
15 55
16 34
17 24
18 17
19 4
20 5
21 4
22 5
23 4
24 1
25 3
26 0
27 0
last timestep 27
node 660 iteration 4
0 0
1 3
2 3
3 5
4 8
5 10
6 19
7 24
8 35
9 43
10 61
11 101
12 107
13 89
14 82
15 66
16 35
17 23
18 12
19 9
20 5
21 3
22 1
23 0
24 0
last timestep 24
node 660 iteration 5
0 0
1 1
2 0
3 0
last timestep 3
node 660 iteration 6
0 0
1 1
2 3
3 6
4 19
5 21
6 31
7 50
8 85
9 94
10 98
11 108
12 97
13 102
14 63
15 48
16 45
17 31
18 17
19 7
20 3
21 1
22 2
23 0
24 0
last timestep 24
node 660 iteration 7
0 0
1 2
2 9
3 13
4 42
5 43
6 47
7 64
8 69
9 66
10 66
11 68
12 58
13 38
14 37
15 38
16 22
17 15
18 16
19 14
20 14
21 10
22 5
23 3
24 2
25 0
26 1
27 0
last timestep 27
node 660 iteration 8
0 0
1 0
2 0
last timestep 2
node 660 iteration 9
0 0
1 2
2 3
3 10
4 3
5 6
6 10
7 13
8 14
9 25
10 31
11 53
12 63
13 62
14 93
15 83
16 67
17 87
18 73
19 48
20 41
21 31
22 22
23 15
24 11
25 6
26 1
27 0
28 0
last timestep 28
