node 751 iteration 0
0 0
1 3
2 11
3 6
4 8
5 11
6 12
7 24
8 30
9 47
10 65
11 84
12 93
13 94
14 88
15 64
16 62
17 54
18 47
19 29
20 13
21 14
22 8
23 9
24 5
25 4
26 0
27 0
last timestep 27
node 751 iteration 1
0 0
1 0
2 0
last timestep 2
node 751 iteration 2
0 0
1 4
2 9
3 7
4 14
5 21
6 34
7 29
8 41
9 28
10 48
11 63
12 79
13 91
14 90
15 85
16 52
17 36
18 21
19 14
20 12
21 9
22 6
23 7
24 5
25 1
26 2
27 1
28 2
29 0
30 0
last timestep 30
node 751 iteration 3
0 0
1 1
2 0
3 0
last timestep 3
node 751 iteration 4
0 0
1 0
2 0
last timestep 2
node 751 iteration 5
0 0
1 2
2 4
3 6
4 9
5 4
6 7
7 9
8 16
9 13
10 8
11 6
12 13
13 19
14 35
15 54
16 81
17 98
18 102
19 77
20 75
21 45
22 36
23 26
24 21
25 18
26 15
27 9
28 11
29 11
30 7
31 10
32 7
33 6
34 2
35 2
36 4
37 3
38 3
39 2
40 0
41 0
last timestep 41
node 751 iteration 6
0 0
1 0
2 0
last timestep 2
node 751 iteration 7
0 0
1 2
2 10
3 7
4 5
5 6
6 8
7 11
8 11
9 15
10 21
11 17
12 26
13 33
14 42
15 73
16 116
17 104
18 117
19 88
20 61
21 34
22 20
23 13
24 17
25 10
26 4
27 1
28 0
29 0
last timestep 29
node 751 iteration 8
0 0
1 2
2 3
3 9
4 11
5 8
6 18
7 26
8 35
9 41
10 54
11 82
12 113
13 87
14 76
15 70
16 51
17 36
18 22
19 26
20 20
21 11
22 6
23 10
24 6
25 2
26 0
27 0
last timestep 27
node 751 iteration 9
0 0
1 2
2 7
3 9
4 19
5 11
6 10
7 16
8 13
9 24
10 21
11 36
12 37
13 45
14 57
15 64
16 73
17 70
18 70
19 53
20 28
21 15
22 9
23 11
24 7
25 3
26 4
27 1
28 2
29 0
30 0
last timestep 30
