node 696 iteration 0
0 0
1 1
2 1
3 0
4 0
last timestep 4
node 696 iteration 1
0 0
1 1
2 1
3 0
4 0
last timestep 4
node 696 iteration 2
0 0
1 1
2 2
3 0
4 0
last timestep 4
node 696 iteration 3
0 0
1 2
2 6
3 12
4 20
5 23
6 28
7 37
8 41
9 54
10 52
11 64
12 78
13 72
14 61
15 61
16 49
17 26
18 15
19 14
20 11
21 8
22 1
23 1
24 0
25 0
last timestep 25
node 696 iteration 4
0 0
1 5
2 2
3 1
4 2
5 3
6 10
7 12
8 30
9 43
10 44
11 72
12 84
13 94
14 108
15 64
16 60
17 55
18 54
19 22
20 15
21 14
22 13
23 12
24 5
25 0
26 1
27 1
28 0
last timestep 28
node 696 iteration 5
0 0
1 1
2 3
3 7
4 18
5 41
6 47
7 59
8 86
9 76
10 75
11 71
12 66
13 60
14 53
15 30
16 26
17 22
18 9
19 2
20 2
21 4
22 3
23 0
24 0
last timestep 24
node 696 iteration 6
0 0
1 0
2 0
last timestep 2
node 696 iteration 7
0 0
1 4
2 7
3 14
4 18
5 20
6 41
7 68
8 81
9 82
10 87
11 71
12 43
13 34
14 30
15 25
16 13
17 10
18 11
19 8
20 7
21 8
22 5
23 7
24 7
25 3
26 5
27 2
28 3
29 0
30 0
last timestep 30
node 696 iteration 8
0 0
1 0
2 0
last timestep 2
node 696 iteration 9
0 0
1 5
2 11
3 12
4 26
5 28
6 42
7 57
8 71
9 73
10 89
11 70
12 68
13 50
14 44
15 35
16 21
17 9
18 7
19 5
20 7
21 2
22 1
23 0
24 0
last timestep 24
