node 153 iteration 0
0 0
1 1
2 2
3 1
4 5
5 5
6 9
7 20
8 20
9 18
10 25
11 32
12 37
13 50
14 50
15 70
16 70
17 71
18 64
19 43
20 36
21 39
22 43
23 32
24 21
25 7
26 12
27 11
28 2
29 1
30 0
31 0
last timestep 31
node 153 iteration 1
0 0
1 0
2 0
last timestep 2
node 153 iteration 2
0 0
1 2
2 6
3 14
4 16
5 20
6 27
7 33
8 33
9 58
10 60
11 65
12 77
13 72
14 71
15 49
16 31
17 25
18 34
19 26
20 15
21 7
22 8
23 9
24 7
25 4
26 1
27 0
28 0
last timestep 28
node 153 iteration 3
0 0
1 2
2 3
3 2
4 0
5 0
last timestep 5
node 153 iteration 4
0 0
1 2
2 3
3 1
4 2
5 4
6 4
7 9
8 2
9 2
10 0
11 0
last timestep 11
node 153 iteration 5
0 0
1 2
2 2
3 1
4 1
5 0
6 0
last timestep 6
node 153 iteration 6
0 0
1 1
2 2
3 5
4 5
5 14
6 17
7 27
8 42
9 51
10 46
11 48
12 72
13 83
14 87
15 75
16 68
17 49
18 32
19 29
20 10
21 9
22 3
23 1
24 0
25 0
last timestep 25
node 153 iteration 7
0 0
1 2
2 1
3 6
4 14
5 12
6 15
7 20
8 24
9 23
10 22
11 41
12 63
13 83
14 73
15 64
16 65
17 76
18 80
19 57
20 38
21 25
22 15
23 9
24 8
25 1
26 0
27 0
last timestep 27
node 153 iteration 8
0 0
1 2
2 6
3 1
4 13
5 25
6 39
7 48
8 67
9 87
10 91
11 81
12 81
13 52
14 32
15 26
16 32
17 30
18 18
19 10
20 5
21 1
22 0
23 0
last timestep 23
node 153 iteration 9
0 0
1 2
2 2
3 1
4 0
5 0
last timestep 5
