node 1305 iteration 0
0 0
1 1
2 2
3 4
4 8
5 15
6 25
7 27
8 51
9 41
10 65
11 67
12 93
13 86
14 95
15 55
16 54
17 36
18 23
19 14
20 10
21 6
22 5
23 5
24 3
25 2
26 4
27 0
28 0
last timestep 28
node 1305 iteration 1
0 0
1 3
2 4
3 5
4 13
5 15
6 21
7 27
8 48
9 60
10 77
11 74
12 96
13 78
14 79
15 64
16 42
17 26
18 22
19 16
20 20
21 17
22 12
23 3
24 4
25 1
26 1
27 0
28 0
last timestep 28
node 1305 iteration 2
0 0
1 1
2 0
3 0
last timestep 3
node 1305 iteration 3
0 0
1 2
2 2
3 2
4 8
5 5
6 18
7 24
8 33
9 53
10 70
11 72
12 63
13 78
14 61
15 62
16 53
17 28
18 21
19 15
20 12
21 5
22 10
23 8
24 5
25 11
26 8
27 4
28 5
29 3
30 6
31 4
32 4
33 2
34 2
35 0
36 0
last timestep 36
node 1305 iteration 4
0 0
1 0
2 0
last timestep 2
node 1305 iteration 5
0 0
1 1
2 0
3 0
last timestep 3
node 1305 iteration 6
0 0
1 0
2 0
last timestep 2
node 1305 iteration 7
0 0
1 0
2 0
last timestep 2
node 1305 iteration 8
0 0
1 0
2 0
last timestep 2
node 1305 iteration 9
0 0
1 1
2 4
3 10
4 18
5 28
6 45
7 39
8 48
9 57
10 57
11 54
12 64
13 59
14 59
15 43
16 38
17 29
18 23
19 12
20 18
21 7
22 6
23 1
24 0
25 0
last timestep 25
