node 1333 iteration 0
0 0
1 5
2 13
3 20
4 25
5 46
6 50
7 78
8 91
9 99
10 112
11 79
12 78
13 64
14 35
15 33
16 25
17 18
18 11
19 7
20 1
21 0
22 0
last timestep 22
node 1333 iteration 1
0 0
1 1
2 5
3 1
4 0
5 0
last timestep 5
node 1333 iteration 2
0 0
1 0
2 0
last timestep 2
node 1333 iteration 3
0 0
1 2
2 3
3 5
4 9
5 11
6 15
7 21
8 22
9 42
10 57
11 68
12 70
13 83
14 91
15 90
16 68
17 56
18 25
19 9
20 8
21 8
22 2
23 1
24 0
25 0
last timestep 25
node 1333 iteration 4
0 0
1 1
2 2
3 0
4 0
last timestep 4
node 1333 iteration 5
0 0
1 1
2 3
3 7
4 15
5 23
6 21
7 38
8 29
9 40
10 51
11 87
12 73
13 85
14 55
15 52
16 38
17 27
18 26
19 32
20 19
21 10
22 9
23 14
24 11
25 14
26 12
27 5
28 1
29 1
30 0
31 0
last timestep 31
node 1333 iteration 6
0 0
1 1
2 4
3 8
4 13
5 21
6 40
7 35
8 46
9 69
10 72
11 88
12 89
13 85
14 70
15 44
16 59
17 39
18 31
19 26
20 29
21 14
22 8
23 4
24 3
25 3
26 1
27 0
28 0
last timestep 28
node 1333 iteration 7
0 0
1 0
2 0
last timestep 2
node 1333 iteration 8
0 0
1 1
2 4
3 8
4 2
5 3
6 6
7 17
8 15
9 13
10 18
11 39
12 53
13 64
14 84
15 100
16 84
17 86
18 67
19 44
20 29
21 26
22 9
23 6
24 4
25 1
26 2
27 1
28 1
29 1
30 1
31 1
32 0
33 0
last timestep 33
node 1333 iteration 9
0 0
1 2
2 2
3 7
4 15
5 22
6 37
7 51
8 72
9 88
10 93
11 82
12 76
13 69
14 60
15 38
16 21
17 14
18 6
19 5
20 5
21 4
22 5
23 5
24 1
25 0
26 0
last timestep 26
