node 773 iteration 0
0 0
1 3
2 13
3 9
4 10
5 16
6 14
7 25
8 27
9 32
10 44
11 33
12 29
13 33
14 44
15 39
16 40
17 44
18 42
19 30
20 19
21 17
22 12
23 14
24 6
25 2
26 1
27 0
28 0
last timestep 28
node 773 iteration 1
0 0
1 3
2 4
3 13
4 23
5 48
6 45
7 46
8 58
9 70
10 82
11 67
12 59
13 52
14 39
15 28
16 18
17 11
18 4
19 1
20 3
21 6
22 14
23 5
24 7
25 10
26 8
27 9
28 5
29 5
30 5
31 3
32 2
33 6
34 7
35 9
36 8
37 5
38 6
39 3
40 3
41 1
42 0
43 0
last timestep 43
node 773 iteration 2
0 0
1 3
2 6
3 14
4 24
5 56
6 86
7 97
8 98
9 100
10 78
11 61
12 62
13 51
14 44
15 29
16 14
17 16
18 5
19 4
20 1
21 1
22 3
23 0
24 0
last timestep 24
node 773 iteration 3
0 0
1 3
2 2
3 0
4 0
last timestep 4
node 773 iteration 4
0 0
1 4
2 4
3 1
4 1
5 0
6 0
last timestep 6
node 773 iteration 5
0 0
1 5
2 2
3 4
4 2
5 6
6 13
7 11
8 27
9 27
10 56
11 78
12 85
13 84
14 105
15 87
16 67
17 47
18 44
19 24
20 17
21 8
22 6
23 2
24 1
25 0
26 0
last timestep 26
node 773 iteration 6
0 0
1 1
2 1
3 1
4 2
5 3
6 6
7 13
8 14
9 35
10 43
11 44
12 59
13 52
14 72
15 84
16 62
17 59
18 42
19 39
20 28
21 26
22 39
23 16
24 9
25 6
26 0
27 2
28 0
last timestep 28
node 773 iteration 7
0 0
1 3
2 6
3 6
4 10
5 6
6 6
7 13
8 20
9 21
10 29
11 47
12 50
13 79
14 86
15 85
16 61
17 62
18 36
19 31
20 21
21 11
22 8
23 7
24 5
25 0
26 0
last timestep 26
node 773 iteration 8
0 0
1 3
2 1
3 4
4 3
5 6
6 12
7 20
8 30
9 50
10 57
11 68
12 58
13 61
14 52
15 81
16 49
17 44
18 35
19 30
20 16
21 15
22 3
23 1
24 1
25 2
26 2
27 3
28 4
29 1
30 0
31 0
last timestep 31
node 773 iteration 9
0 0
1 2
2 1
3 0
4 0
last timestep 4
