node 945 iteration 0
0 0
1 5
2 17
3 33
4 44
5 73
6 82
7 82
8 80
9 79
10 75
11 60
12 42
13 31
14 20
15 18
16 14
17 5
18 8
19 6
20 4
21 0
22 0
last timestep 22
node 945 iteration 1
0 0
1 6
2 11
3 12
4 18
5 31
6 45
7 80
8 59
9 71
10 60
11 62
12 73
13 67
14 38
15 28
16 28
17 17
18 15
19 11
20 7
21 10
22 5
23 5
24 2
25 2
26 2
27 5
28 0
29 0
last timestep 29
node 945 iteration 2
0 0
1 1
2 5
3 13
4 21
5 26
6 43
7 44
8 55
9 86
10 83
11 90
12 78
13 62
14 39
15 35
16 28
17 18
18 5
19 2
20 0
21 1
22 2
23 1
24 0
last timestep 24
node 945 iteration 3
0 0
1 3
2 2
3 2
4 3
5 8
6 18
7 28
8 33
9 24
10 49
11 56
12 48
13 54
14 57
15 55
16 39
17 44
18 55
19 32
20 26
21 13
22 5
23 3
24 2
25 1
26 0
27 0
last timestep 27
node 945 iteration 4
0 0
1 5
2 3
3 6
4 15
5 20
6 47
7 88
8 74
9 59
10 72
11 48
12 54
13 56
14 50
15 52
16 26
17 20
18 21
19 5
20 10
21 7
22 1
23 0
24 0
last timestep 24
node 945 iteration 5
0 0
1 2
2 3
3 2
4 5
5 22
6 29
7 44
8 45
9 62
10 84
11 85
12 97
13 82
14 68
15 55
16 39
17 29
18 31
19 26
20 26
21 8
22 5
23 4
24 4
25 3
26 7
27 2
28 0
29 1
30 0
last timestep 30
node 945 iteration 6
0 0
1 4
2 3
3 6
4 6
5 3
6 8
7 22
8 25
9 34
10 51
11 57
12 58
13 54
14 58
15 49
16 47
17 45
18 41
19 28
20 32
21 38
22 26
23 24
24 16
25 12
26 7
27 4
28 6
29 0
30 1
31 0
last timestep 31
node 945 iteration 7
0 0
1 3
2 6
3 17
4 17
5 20
6 30
7 28
8 40
9 68
10 56
11 51
12 67
13 80
14 72
15 61
16 54
17 31
18 28
19 25
20 22
21 13
22 4
23 2
24 1
25 1
26 0
27 0
last timestep 27
node 945 iteration 8
0 0
1 1
2 0
3 0
last timestep 3
node 945 iteration 9
0 0
1 3
2 5
3 6
4 4
5 4
6 7
7 11
8 24
9 24
10 33
11 37
12 45
13 52
14 42
15 52
16 64
17 75
18 49
19 42
20 36
21 28
22 26
23 15
24 9
25 8
26 5
27 1
28 1
29 0
30 0
last timestep 30
