node 1033 iteration 0
0 0
1 3
2 11
3 27
4 33
5 38
6 50
7 62
8 73
9 70
10 72
11 86
12 75
13 51
14 35
15 30
16 18
17 9
18 7
19 4
20 3
21 5
22 3
23 1
24 2
25 2
26 0
27 0
last timestep 27
node 1033 iteration 1
0 0
1 0
2 0
last timestep 2
node 1033 iteration 2
0 0
1 2
2 0
3 0
last timestep 3
node 1033 iteration 3
0 0
1 2
2 6
3 7
4 11
5 21
6 18
7 22
8 46
9 67
10 60
11 55
12 73
13 82
14 76
15 41
16 29
17 21
18 16
19 23
20 17
21 9
22 11
23 4
24 4
25 1
26 1
27 1
28 1
29 0
30 0
last timestep 30
node 1033 iteration 4
0 0
1 1
2 1
3 3
4 5
5 4
6 14
7 19
8 39
9 57
10 76
11 93
12 110
13 120
14 101
15 60
16 56
17 43
18 26
19 17
20 13
21 8
22 6
23 1
24 1
25 0
26 0
last timestep 26
node 1033 iteration 5
0 0
1 1
2 1
3 2
4 4
5 18
6 29
7 25
8 42
9 70
10 92
11 121
12 111
13 88
14 95
15 63
16 47
17 44
18 18
19 18
20 10
21 13
22 9
23 5
24 1
25 1
26 0
27 0
last timestep 27
node 1033 iteration 6
0 0
1 3
2 5
3 6
4 7
5 15
6 33
7 53
8 73
9 97
10 96
11 98
12 120
13 94
14 68
15 34
16 26
17 21
18 9
19 7
20 5
21 5
22 2
23 2
24 1
25 0
26 0
last timestep 26
node 1033 iteration 7
0 0
1 3
2 3
3 10
4 19
5 21
6 38
7 50
8 78
9 104
10 100
11 68
12 79
13 65
14 53
15 42
16 21
17 16
18 10
19 12
20 9
21 10
22 2
23 0
24 0
last timestep 24
node 1033 iteration 8
0 0
1 1
2 5
3 13
4 8
5 15
6 20
7 26
8 47
9 62
10 77
11 110
12 104
13 69
14 66
15 49
16 29
17 28
18 15
19 12
20 13
21 6
22 4
23 3
24 1
25 2
26 0
27 0
last timestep 27
node 1033 iteration 9
0 0
1 1
2 2
3 1
4 1
5 0
6 0
last timestep 6
