node 670 iteration 0
0 0
1 2
2 3
3 1
4 0
5 0
last timestep 5
node 670 iteration 1
0 0
1 1
2 0
3 0
last timestep 3
node 670 iteration 2
0 0
1 2
2 1
3 4
4 8
5 13
6 18
7 26
8 41
9 43
10 60
11 66
12 102
13 87
14 73
15 58
16 56
17 39
18 26
19 21
20 9
21 6
22 0
23 0
last timestep 23
node 670 iteration 3
0 0
1 1
2 2
3 1
4 1
5 3
6 18
7 16
8 26
9 37
10 33
11 39
12 35
13 45
14 60
15 69
16 73
17 74
18 63
19 51
20 45
21 33
22 21
23 18
24 14
25 15
26 12
27 5
28 2
29 3
30 1
31 1
32 3
33 2
34 2
35 2
36 1
37 0
38 0
last timestep 38
node 670 iteration 4
0 0
1 2
2 3
3 6
4 17
5 18
6 27
7 61
8 72
9 106
10 105
11 113
12 93
13 80
14 53
15 31
16 18
17 14
18 5
19 5
20 4
21 1
22 0
23 0
last timestep 23
node 670 iteration 5
0 0
1 1
2 1
3 2
4 5
5 9
6 7
7 17
8 35
9 57
10 90
11 93
12 97
13 82
14 69
15 59
16 47
17 31
18 24
19 24
20 12
21 10
22 4
23 3
24 1
25 0
26 0
last timestep 26
node 670 iteration 6
0 0
1 0
2 0
last timestep 2
node 670 iteration 7
0 0
1 1
2 0
3 0
last timestep 3
node 670 iteration 8
0 0
1 3
2 6
3 11
4 27
5 44
6 67
7 72
8 92
9 85
10 94
11 87
12 69
13 79
14 77
15 54
16 43
17 30
18 29
19 23
20 8
21 7
22 3
23 3
24 2
25 0
26 0
last timestep 26
node 670 iteration 9
0 0
1 3
2 10
3 13
4 16
5 32
6 57
7 82
8 88
9 116
10 124
11 104
12 89
13 56
14 38
15 28
16 14
17 14
18 11
19 5
20 4
21 5
22 5
23 0
24 1
25 1
26 0
last timestep 26
