node 217 iteration 0
0 0
1 3
2 3
3 10
4 8
5 8
6 10
7 15
8 23
9 27
10 29
11 44
12 47
13 46
14 50
15 48
16 54
17 45
18 32
19 29
20 37
21 33
22 24
23 24
24 24
25 12
26 8
27 8
28 8
29 6
30 6
31 3
32 0
33 0
last timestep 33
node 217 iteration 1
0 0
1 5
2 2
3 4
4 8
5 5
6 19
7 25
8 26
9 40
10 42
11 47
12 61
13 70
14 77
15 55
16 39
17 36
18 48
19 51
20 37
21 40
22 40
23 18
24 10
25 13
26 8
27 4
28 4
29 2
30 0
31 0
last timestep 31
node 217 iteration 2
0 0
1 2
2 3
3 0
4 0
last timestep 4
node 217 iteration 3
0 0
1 1
2 1
3 0
4 0
last timestep 4
node 217 iteration 4
0 0
1 7
2 12
3 14
4 18
5 24
6 26
7 30
8 31
9 31
10 44
11 53
12 68
13 77
14 73
15 86
16 78
17 54
18 38
19 25
20 26
21 24
22 16
23 7
24 2
25 1
26 2
27 0
28 0
last timestep 28
node 217 iteration 5
0 0
1 1
2 0
3 0
last timestep 3
node 217 iteration 6
0 0
1 3
2 3
3 7
4 10
5 23
6 45
7 58
8 86
9 93
10 109
11 96
12 92
13 65
14 63
15 36
16 22
17 23
18 8
19 6
20 3
21 1
22 0
23 0
last timestep 23
node 217 iteration 7
0 0
1 1
2 0
3 0
last timestep 3
node 217 iteration 8
0 0
1 3
2 6
3 11
4 11
5 9
6 21
7 39
8 63
9 64
10 87
11 88
12 89
13 80
14 58
15 32
16 27
17 29
18 23
19 9
20 4
21 3
22 2
23 6
24 2
25 2
26 2
27 0
28 0
last timestep 28
node 217 iteration 9
0 0
1 3
2 5
3 6
4 4
5 7
6 14
7 24
8 42
9 53
10 74
11 79
12 71
13 66
14 59
15 69
16 58
17 47
18 38
19 24
20 15
21 7
22 4
23 0
24 0
last timestep 24
