node 1425 iteration 0
0 0
1 3
2 7
3 5
4 9
5 4
6 15
7 26
8 31
9 46
10 68
11 79
12 68
13 88
14 95
15 79
16 39
17 23
18 16
19 12
20 6
21 1
22 1
23 0
24 1
25 2
26 0
last timestep 26
node 1425 iteration 1
0 0
1 3
2 2
3 2
4 0
5 0
last timestep 5
node 1425 iteration 2
0 0
1 3
2 17
3 25
4 42
5 63
6 108
7 89
8 108
9 83
10 63
11 48
12 45
13 32
14 21
15 19
16 17
17 8
18 9
19 4
20 4
21 3
22 2
23 2
24 2
25 1
26 2
27 1
28 1
29 0
30 0
last timestep 30
node 1425 iteration 3
0 0
1 1
2 0
3 0
last timestep 3
node 1425 iteration 4
0 0
1 4
2 6
3 14
4 13
5 20
6 23
7 32
8 45
9 71
10 64
11 83
12 72
13 77
14 59
15 61
16 51
17 24
18 16
19 3
20 1
21 2
22 1
23 1
24 0
25 0
last timestep 25
node 1425 iteration 5
0 0
1 4
2 0
3 0
last timestep 3
node 1425 iteration 6
0 0
1 2
2 0
3 0
last timestep 3
node 1425 iteration 7
0 0
1 1
2 0
3 0
last timestep 3
node 1425 iteration 8
0 0
1 1
2 4
3 16
4 17
5 21
6 53
7 62
8 77
9 100
10 120
11 125
12 99
13 76
14 45
15 35
16 23
17 9
18 7
19 7
20 4
21 1
22 0
23 0
last timestep 23
node 1425 iteration 9
0 0
1 6
2 12
3 25
4 49
5 43
6 57
7 71
8 59
9 67
10 77
11 69
12 55
13 37
14 31
15 30
16 13
17 14
18 10
19 6
20 5
21 3
22 4
23 3
24 1
25 0
26 0
last timestep 26
