node 52 iteration 0
0 0
1 1
2 2
3 4
4 2
5 3
6 5
7 4
8 11
9 12
10 22
11 26
12 35
13 32
14 43
15 62
16 60
17 77
18 63
19 42
20 38
21 42
22 32
23 34
24 39
25 20
26 17
27 11
28 6
29 5
30 3
31 2
32 0
33 0
last timestep 33
node 52 iteration 1
0 0
1 2
2 7
3 6
4 3
5 4
6 5
7 14
8 16
9 24
10 42
11 63
12 93
13 117
14 95
15 70
16 71
17 66
18 45
19 35
20 24
21 18
22 16
23 8
24 9
25 6
26 3
27 0
28 0
last timestep 28
node 52 iteration 2
0 0
1 3
2 0
3 1
4 1
5 2
6 3
7 5
8 7
9 15
10 21
11 53
12 74
13 90
14 87
15 96
16 91
17 69
18 69
19 43
20 43
21 37
22 25
23 16
24 5
25 6
26 4
27 8
28 1
29 1
30 0
last timestep 30
node 52 iteration 3
0 0
1 1
2 0
3 0
last timestep 3
node 52 iteration 4
0 0
1 0
2 0
last timestep 2
node 52 iteration 5
0 0
1 3
2 18
3 32
4 41
5 42
6 58
7 56
8 64
9 71
10 62
11 68
12 62
13 78
14 62
15 41
16 14
17 15
18 4
19 3
20 4
21 1
22 1
23 0
24 0
last timestep 24
node 52 iteration 6
0 0
1 1
2 3
3 2
4 6
5 6
6 9
7 9
8 18
9 28
10 50
11 58
12 60
13 74
14 83
15 68
16 89
17 69
18 47
19 48
20 34
21 28
22 22
23 13
24 6
25 11
26 1
27 3
28 1
29 0
30 0
last timestep 30
node 52 iteration 7
0 0
1 2
2 2
3 10
4 14
5 11
6 14
7 19
8 36
9 47
10 75
11 85
12 109
13 95
14 74
15 63
16 46
17 35
18 30
19 23
20 10
21 0
22 0
last timestep 22
node 52 iteration 8
0 0
1 0
2 1
3 0
last timestep 3
node 52 iteration 9
0 0
1 0
2 0
last timestep 2
