node 1056 iteration 0
0 0
1 4
2 6
3 13
4 15
5 17
6 24
7 39
8 48
9 54
10 66
11 79
12 85
13 85
14 75
15 72
16 49
17 37
18 25
19 22
20 20
21 7
22 3
23 4
24 3
25 6
26 8
27 1
28 1
29 0
30 0
last timestep 30
node 1056 iteration 1
0 0
1 4
2 3
3 9
4 15
5 28
6 53
7 77
8 89
9 84
10 83
11 96
12 88
13 77
14 57
15 28
16 14
17 12
18 7
19 3
20 1
21 2
22 0
23 0
last timestep 23
node 1056 iteration 2
0 0
1 3
2 4
3 12
4 7
5 9
6 15
7 15
8 26
9 64
10 83
11 94
12 98
13 109
14 85
15 51
16 56
17 50
18 23
19 18
20 14
21 2
22 1
23 0
24 1
25 2
26 2
27 4
28 2
29 1
30 1
31 3
32 1
33 2
34 1
35 0
last timestep 35
node 1056 iteration 3
0 0
1 7
2 11
3 21
4 36
5 41
6 44
7 52
8 52
9 90
10 80
11 89
12 86
13 73
14 64
15 43
16 34
17 13
18 11
19 9
20 6
21 1
22 0
23 0
last timestep 23
node 1056 iteration 4
0 0
1 5
2 5
3 4
4 5
5 8
6 12
7 21
8 30
9 37
10 53
11 60
12 67
13 64
14 71
15 68
16 58
17 43
18 40
19 26
20 24
21 15
22 4
23 2
24 1
25 0
26 0
last timestep 26
node 1056 iteration 5
0 0
1 2
2 5
3 2
4 0
5 0
last timestep 5
node 1056 iteration 6
0 0
1 2
2 13
3 7
4 5
5 6
6 10
7 19
8 20
9 28
10 27
11 27
12 55
13 62
14 46
15 68
16 74
17 58
18 49
19 28
20 20
21 13
22 11
23 5
24 3
25 3
26 2
27 1
28 1
29 1
30 2
31 0
32 0
last timestep 32
node 1056 iteration 7
0 0
1 6
2 1
3 3
4 0
5 0
last timestep 5
node 1056 iteration 8
0 0
1 0
2 0
last timestep 2
node 1056 iteration 9
0 0
1 2
2 13
3 29
4 18
5 22
6 17
7 25
8 26
9 23
10 57
11 63
12 59
13 71
14 85
15 68
16 51
17 39
18 25
19 19
20 15
21 6
22 3
23 0
24 0
last timestep 24
