node 1134 iteration 0
0 0
1 5
2 9
3 15
4 16
5 32
6 74
7 78
8 77
9 71
10 72
11 74
12 61
13 60
14 42
15 51
16 37
17 18
18 14
19 3
20 5
21 0
22 1
23 1
24 2
25 1
26 1
27 0
last timestep 27
node 1134 iteration 1
0 0
1 6
2 19
3 25
4 49
5 80
6 87
7 82
8 76
9 68
10 40
11 43
12 31
13 29
14 23
15 23
16 13
17 13
18 6
19 4
20 9
21 2
22 3
23 2
24 0
25 0
last timestep 25
node 1134 iteration 2
0 0
1 4
2 1
3 2
4 2
5 6
6 11
7 17
8 35
9 51
10 68
11 81
12 93
13 92
14 83
15 77
16 42
17 24
18 20
19 11
20 10
21 10
22 2
23 0
24 0
last timestep 24
node 1134 iteration 3
0 0
1 5
2 2
3 7
4 9
5 15
6 25
7 55
8 51
9 66
10 66
11 66
12 81
13 88
14 71
15 67
16 38
17 31
18 32
19 11
20 14
21 7
22 1
23 1
24 0
25 0
last timestep 25
node 1134 iteration 4
0 0
1 2
2 0
3 0
last timestep 3
node 1134 iteration 5
0 0
1 4
2 8
3 6
4 9
5 11
6 37
7 50
8 97
9 92
10 110
11 97
12 90
13 71
14 43
15 29
16 22
17 14
18 15
19 11
20 5
21 5
22 4
23 2
24 0
25 0
last timestep 25
node 1134 iteration 6
0 0
1 3
2 5
3 3
4 5
5 7
6 18
7 41
8 62
9 71
10 80
11 87
12 65
13 65
14 44
15 29
16 22
17 9
18 0
19 1
20 2
21 2
22 6
23 2
24 2
25 2
26 0
last timestep 26
node 1134 iteration 7
0 0
1 7
2 5
3 9
4 12
5 31
6 36
7 42
8 44
9 42
10 60
11 52
12 38
13 53
14 67
15 42
16 65
17 35
18 39
19 34
20 14
21 13
22 10
23 5
24 13
25 7
26 6
27 4
28 2
29 4
30 4
31 8
32 8
33 1
34 0
35 0
last timestep 35
node 1134 iteration 8
0 0
1 3
2 4
3 8
4 14
5 29
6 39
7 72
8 92
9 95
10 110
11 105
12 90
13 56
14 44
15 15
16 12
17 5
18 4
19 0
20 0
last timestep 20
node 1134 iteration 9
0 0
1 4
2 4
3 2
4 3
5 5
6 18
7 27
8 35
9 39
10 44
11 40
12 45
13 50
14 46
15 56
16 67
17 66
18 55
19 28
20 28
21 24
22 20
23 29
24 26
25 18
26 8
27 6
28 2
29 0
30 0
last timestep 30
