node 1161 iteration 0
0 0
1 3
2 10
3 11
4 16
5 31
6 38
7 60
8 48
9 53
10 53
11 56
12 69
13 51
14 48
15 42
16 37
17 42
18 30
19 26
20 14
21 6
22 6
23 3
24 1
25 3
26 0
27 2
28 1
29 0
last timestep 29
node 1161 iteration 1
0 0
1 8
2 9
3 12
4 13
5 16
6 31
7 30
8 45
9 55
10 52
11 61
12 53
13 60
14 31
15 23
16 14
17 21
18 19
19 27
20 20
21 25
22 20
23 20
24 22
25 19
26 12
27 12
28 10
29 10
30 6
31 3
32 1
33 2
34 1
35 0
36 0
last timestep 36
node 1161 iteration 2
0 0
1 4
2 4
3 9
4 15
5 15
6 15
7 40
8 46
9 50
10 69
11 80
12 96
13 86
14 79
15 66
16 49
17 25
18 30
19 17
20 11
21 3
22 2
23 0
24 0
last timestep 24
node 1161 iteration 3
0 0
1 2
2 4
3 2
4 0
5 1
6 0
last timestep 6
node 1161 iteration 4
0 0
1 3
2 3
3 4
4 4
5 3
6 4
7 12
8 20
9 33
10 32
11 35
12 60
13 55
14 67
15 70
16 78
17 73
18 50
19 24
20 29
21 17
22 16
23 14
24 19
25 7
26 2
27 0
28 0
last timestep 28
node 1161 iteration 5
0 0
1 2
2 4
3 2
4 4
5 7
6 6
7 10
8 23
9 35
10 51
11 60
12 49
13 67
14 81
15 61
16 51
17 50
18 40
19 34
20 32
21 43
22 28
23 19
24 5
25 5
26 5
27 2
28 0
29 0
last timestep 29
node 1161 iteration 6
0 0
1 7
2 10
3 5
4 4
5 4
6 9
7 15
8 17
9 21
10 29
11 53
12 57
13 93
14 110
15 82
16 66
17 48
18 29
19 17
20 18
21 10
22 8
23 9
24 5
25 8
26 4
27 1
28 0
29 0
last timestep 29
node 1161 iteration 7
0 0
1 3
2 1
3 4
4 11
5 19
6 14
7 13
8 32
9 31
10 53
11 59
12 57
13 52
14 96
15 67
16 62
17 55
18 40
19 30
20 24
21 19
22 15
23 9
24 5
25 2
26 3
27 2
28 0
29 0
last timestep 29
node 1161 iteration 8
0 0
1 4
2 6
3 9
4 6
5 9
6 17
7 6
8 11
9 15
10 27
11 40
12 60
13 93
14 94
15 96
16 119
17 102
18 87
19 64
20 43
21 19
22 18
23 7
24 3
25 0
26 0
last timestep 26
node 1161 iteration 9
0 0
1 4
2 0
3 2
4 1
5 2
6 1
7 1
8 0
last timestep 8
