node 683 iteration 0
0 0
1 2
2 4
3 6
4 16
5 16
6 21
7 37
8 56
9 55
10 75
11 86
12 83
13 82
14 59
15 41
16 33
17 35
18 35
19 18
20 9
21 8
22 9
23 7
24 4
25 5
26 4
27 0
28 0
last timestep 28
node 683 iteration 1
0 0
1 0
2 0
last timestep 2
node 683 iteration 2
0 0
1 3
2 4
3 8
4 8
5 18
6 23
7 27
8 22
9 32
10 34
11 42
12 49
13 54
14 86
15 52
16 55
17 45
18 31
19 34
20 33
21 23
22 18
23 15
24 20
25 14
26 6
27 6
28 1
29 0
30 0
last timestep 30
node 683 iteration 3
0 0
1 4
2 0
3 0
last timestep 3
node 683 iteration 4
0 0
1 2
2 2
3 3
4 0
5 0
last timestep 5
node 683 iteration 5
0 0
1 4
2 2
3 5
4 4
5 7
6 10
7 19
8 32
9 62
10 67
11 96
12 95
13 97
14 88
15 71
16 62
17 31
18 18
19 10
20 9
21 6
22 1
23 1
24 0
25 0
last timestep 25
node 683 iteration 6
0 0
1 2
2 5
3 3
4 7
5 4
6 3
7 3
8 1
9 1
10 2
11 0
12 2
13 1
14 4
15 6
16 11
17 14
18 17
19 35
20 53
21 66
22 82
23 84
24 70
25 55
26 56
27 30
28 30
29 28
30 23
31 12
32 7
33 4
34 3
35 2
36 1
37 0
last timestep 37
node 683 iteration 7
0 0
1 2
2 5
3 2
4 2
5 5
6 15
7 18
8 43
9 48
10 74
11 86
12 104
13 104
14 103
15 112
16 102
17 66
18 46
19 27
20 23
21 10
22 4
23 1
24 0
25 0
last timestep 25
node 683 iteration 8
0 0
1 5
2 2
3 3
4 5
5 9
6 19
7 24
8 35
9 65
10 87
11 110
12 127
13 109
14 89
15 72
16 45
17 34
18 16
19 5
20 3
21 3
22 5
23 0
24 0
last timestep 24
node 683 iteration 9
0 0
1 1
2 0
3 0
last timestep 3
