node 1577 iteration 0
0 0
1 3
2 3
3 1
4 3
5 0
6 1
7 1
8 0
last timestep 8
node 1577 iteration 1
0 0
1 3
2 4
3 5
4 13
5 13
6 25
7 38
8 60
9 67
10 92
11 88
12 86
13 80
14 67
15 34
16 28
17 15
18 6
19 7
20 3
21 1
22 2
23 0
24 0
last timestep 24
node 1577 iteration 2
0 0
1 4
2 6
3 4
4 4
5 7
6 7
7 6
8 3
9 5
10 10
11 27
12 54
13 51
14 53
15 81
16 77
17 96
18 65
19 50
20 48
21 47
22 33
23 13
24 10
25 7
26 2
27 0
28 0
last timestep 28
node 1577 iteration 3
0 0
1 6
2 4
3 7
4 10
5 11
6 12
7 12
8 12
9 22
10 24
11 34
12 27
13 30
14 38
15 68
16 62
17 66
18 58
19 46
20 42
21 31
22 17
23 9
24 11
25 15
26 10
27 10
28 2
29 11
30 8
31 5
32 6
33 4
34 1
35 0
36 0
last timestep 36
node 1577 iteration 4
0 0
1 4
2 5
3 3
4 14
5 27
6 33
7 44
8 85
9 94
10 105
11 109
12 68
13 55
14 34
15 24
16 9
17 9
18 7
19 6
20 3
21 2
22 2
23 0
24 0
last timestep 24
node 1577 iteration 5
0 0
1 5
2 10
3 7
4 10
5 11
6 27
7 38
8 49
9 69
10 86
11 58
12 52
13 37
14 23
15 31
16 35
17 28
18 25
19 11
20 14
21 17
22 18
23 9
24 6
25 3
26 8
27 7
28 11
29 5
30 6
31 2
32 1
33 0
34 0
last timestep 34
node 1577 iteration 6
0 0
1 0
2 0
last timestep 2
node 1577 iteration 7
0 0
1 3
2 4
3 12
4 28
5 47
6 58
7 76
8 103
9 120
10 116
11 81
12 59
13 49
14 39
15 19
16 16
17 12
18 9
19 7
20 6
21 3
22 0
23 0
last timestep 23
node 1577 iteration 8
0 0
1 2
2 4
3 7
4 7
5 17
6 20
7 16
8 5
9 7
10 7
11 7
12 21
13 27
14 41
15 45
16 57
17 70
18 61
19 62
20 48
21 54
22 42
23 32
24 35
25 23
26 16
27 17
28 13
29 6
30 3
31 2
32 0
33 0
last timestep 33
node 1577 iteration 9
0 0
1 0
2 5
3 6
4 5
5 5
6 0
last timestep 6
