node 730 iteration 0
0 0
1 7
2 11
3 18
4 14
5 17
6 15
7 22
8 35
9 47
10 49
11 53
12 69
13 66
14 48
15 59
16 61
17 46
18 37
19 29
20 17
21 11
22 7
23 3
24 0
25 1
26 0
last timestep 26
node 730 iteration 1
0 0
1 3
2 9
3 11
4 9
5 10
6 15
7 23
8 46
9 57
10 69
11 77
12 74
13 62
14 65
15 47
16 31
17 20
18 15
19 10
20 6
21 4
22 2
23 0
24 0
last timestep 24
node 730 iteration 2
0 0
1 0
2 0
last timestep 2
node 730 iteration 3
0 0
1 3
2 5
3 3
4 1
5 19
6 22
7 27
8 39
9 47
10 63
11 84
12 102
13 103
14 70
15 76
16 67
17 38
18 38
19 29
20 15
21 20
22 17
23 11
24 6
25 6
26 4
27 3
28 2
29 1
30 1
31 1
32 0
33 0
last timestep 33
node 730 iteration 4
0 0
1 0
2 0
last timestep 2
node 730 iteration 5
0 0
1 2
2 5
3 7
4 9
5 10
6 7
7 14
8 9
9 12
10 25
11 35
12 43
13 37
14 58
15 55
16 66
17 67
18 83
19 71
20 58
21 42
22 34
23 26
24 16
25 19
26 13
27 4
28 2
29 0
30 0
last timestep 30
node 730 iteration 6
0 0
1 0
2 0
last timestep 2
node 730 iteration 7
0 0
1 2
2 2
3 10
4 4
5 7
6 9
7 20
8 46
9 64
10 86
11 108
12 106
13 100
14 98
15 64
16 43
17 34
18 21
19 15
20 11
21 7
22 6
23 3
24 2
25 0
26 0
last timestep 26
node 730 iteration 8
0 0
1 1
2 2
3 3
4 10
5 11
6 18
7 41
8 50
9 54
10 81
11 83
12 79
13 67
14 57
15 40
16 35
17 24
18 12
19 13
20 12
21 10
22 12
23 5
24 3
25 1
26 2
27 0
28 0
last timestep 28
node 730 iteration 9
0 0
1 0
2 0
last timestep 2
