node 769 iteration 0
0 0
1 0
2 0
last timestep 2
node 769 iteration 1
0 0
1 1
2 2
3 5
4 11
5 27
6 39
7 64
8 109
9 81
10 111
11 109
12 81
13 75
14 45
15 34
16 17
17 13
18 9
19 8
20 4
21 0
22 0
last timestep 22
node 769 iteration 2
0 0
1 1
2 0
3 0
last timestep 3
node 769 iteration 3
0 0
1 1
2 1
3 1
4 0
5 1
6 1
7 4
8 8
9 23
10 34
11 41
12 53
13 62
14 67
15 88
16 71
17 66
18 58
19 61
20 41
21 26
22 29
23 19
24 4
25 7
26 7
27 4
28 6
29 4
30 4
31 5
32 2
33 0
last timestep 33
node 769 iteration 4
0 0
1 3
2 12
3 28
4 37
5 59
6 68
7 94
8 102
9 91
10 77
11 52
12 59
13 41
14 31
15 26
16 17
17 11
18 4
19 5
20 2
21 1
22 0
23 0
last timestep 23
node 769 iteration 5
0 0
1 1
2 2
3 1
4 3
5 3
6 3
7 7
8 9
9 14
10 18
11 26
12 32
13 47
14 47
15 59
16 73
17 65
18 70
19 58
20 55
21 64
22 40
23 40
24 22
25 27
26 19
27 8
28 6
29 7
30 4
31 3
32 2
33 1
34 0
35 0
last timestep 35
node 769 iteration 6
0 0
1 0
2 0
last timestep 2
node 769 iteration 7
0 0
1 2
2 3
3 6
4 9
5 10
6 7
7 12
8 10
9 29
10 44
11 52
12 68
13 73
14 82
15 68
16 66
17 41
18 41
19 42
20 30
21 24
22 16
23 15
24 5
25 9
26 9
27 9
28 4
29 3
30 2
31 3
32 4
33 6
34 4
35 4
36 1
37 0
38 0
last timestep 38
node 769 iteration 8
0 0
1 1
2 1
3 0
4 3
5 7
6 7
7 8
8 7
9 21
10 34
11 56
12 69
13 76
14 61
15 59
16 67
17 62
18 57
19 35
20 40
21 31
22 19
23 16
24 7
25 7
26 12
27 3
28 5
29 3
30 1
31 0
last timestep 31
node 769 iteration 9
0 0
1 2
2 7
3 17
4 20
5 35
6 71
7 67
8 70
9 81
10 95
11 77
12 67
13 53
14 36
15 30
16 12
17 12
18 19
19 19
20 9
21 3
22 0
23 0
last timestep 23
