node 2969 iteration 0
0 0
1 3
2 1
3 4
4 6
5 7
6 5
7 10
8 17
9 20
10 21
11 30
12 42
13 58
14 62
15 68
16 62
17 77
18 71
19 55
20 34
21 23
22 17
23 15
24 13
25 14
26 10
27 11
28 8
29 8
30 5
31 4
32 1
33 1
34 1
35 0
36 0
last timestep 36
node 2969 iteration 1
0 0
1 1
2 0
3 0
last timestep 3
node 2969 iteration 2
0 0
1 4
2 0
3 1
4 0
last timestep 4
node 2969 iteration 3
0 0
1 1
2 3
3 3
4 5
5 3
6 6
7 8
8 14
9 19
10 36
11 53
12 52
13 55
14 53
15 65
16 52
17 61
18 61
19 35
20 27
21 14
22 7
23 17
24 25
25 13
26 8
27 4
28 3
29 2
30 5
31 2
32 1
33 0
34 0
last timestep 34
node 2969 iteration 4
0 0
1 1
2 2
3 3
4 1
5 4
6 2
7 1
8 1
9 4
10 4
11 6
12 8
13 3
14 6
15 10
16 19
17 24
18 35
19 40
20 62
21 69
22 84
23 102
24 88
25 81
26 39
27 47
28 26
29 20
30 21
31 23
32 9
33 9
34 2
35 3
36 2
37 0
38 0
last timestep 38
node 2969 iteration 5
0 0
1 1
2 0
3 0
last timestep 3
node 2969 iteration 6
0 0
1 1
2 2
3 2
4 1
5 0
6 0
last timestep 6
node 2969 iteration 7
0 0
1 1
2 4
3 4
4 5
5 15
6 15
7 20
8 25
9 28
10 49
11 66
12 105
13 99
14 96
15 82
16 77
17 58
18 49
19 41
20 28
21 15
22 11
23 5
24 4
25 3
26 2
27 1
28 1
29 0
30 2
31 0
last timestep 31
node 2969 iteration 8
0 0
1 1
2 0
3 0
last timestep 3
node 2969 iteration 9
0 0
1 3
2 4
3 3
4 8
5 13
6 19
7 45
8 67
9 98
10 105
11 117
12 122
13 114
14 85
15 52
16 21
17 18
18 13
19 9
20 5
21 2
22 3
23 1
24 0
25 0
last timestep 25
