node 1182 iteration 0
0 0
1 6
2 12
3 13
4 8
5 5
6 6
7 10
8 9
9 13
10 11
11 13
12 18
13 13
14 16
15 23
16 29
17 43
18 71
19 78
20 64
21 61
22 73
23 48
24 46
25 31
26 22
27 19
28 11
29 4
30 2
31 1
32 1
33 0
34 0
last timestep 34
node 1182 iteration 1
0 0
1 3
2 2
3 9
4 22
5 19
6 31
7 39
8 52
9 69
10 78
11 72
12 69
13 65
14 46
15 24
16 21
17 20
18 22
19 13
20 10
21 8
22 6
23 2
24 0
25 0
last timestep 25
node 1182 iteration 2
0 0
1 1
2 0
3 0
last timestep 3
node 1182 iteration 3
0 0
1 0
2 2
3 7
4 7
5 11
6 12
7 14
8 7
9 11
10 15
11 19
12 20
13 47
14 55
15 78
16 106
17 101
18 88
19 72
20 69
21 47
22 36
23 23
24 16
25 9
26 2
27 0
last timestep 27
node 1182 iteration 4
0 0
1 1
2 1
3 0
4 0
last timestep 4
node 1182 iteration 5
0 0
1 1
2 9
3 6
4 4
5 4
6 1
7 1
8 0
9 0
last timestep 9
node 1182 iteration 6
0 0
1 1
2 1
3 1
4 0
5 0
last timestep 5
node 1182 iteration 7
0 0
1 3
2 3
3 3
4 8
5 6
6 7
7 6
8 10
9 19
10 46
11 52
12 66
13 62
14 85
15 95
16 104
17 80
18 59
19 52
20 18
21 11
22 8
23 4
24 3
25 5
26 5
27 0
28 0
last timestep 28
node 1182 iteration 8
0 0
1 1
2 3
3 3
4 7
5 14
6 15
7 21
8 34
9 64
10 65
11 80
12 81
13 80
14 97
15 83
16 52
17 41
18 27
19 25
20 25
21 15
22 11
23 3
24 2
25 0
26 0
last timestep 26
node 1182 iteration 9
0 0
1 2
2 3
3 3
4 6
5 8
6 14
7 26
8 32
9 36
10 41
11 56
12 56
13 69
14 63
15 57
16 56
17 41
18 42
19 32
20 37
21 32
22 18
23 26
24 21
25 17
26 9
27 8
28 10
29 7
30 5
31 3
32 1
33 0
34 0
last timestep 34
