node 1054 iteration 0
0 0
1 3
2 2
3 1
4 0
5 0
last timestep 5
node 1054 iteration 1
0 0
1 4
2 3
3 9
4 19
5 17
6 32
7 39
8 62
9 73
10 94
11 79
12 71
13 63
14 74
15 53
16 38
17 32
18 20
19 15
20 7
21 8
22 4
23 0
24 0
last timestep 24
node 1054 iteration 2
0 0
1 4
2 3
3 8
4 15
5 18
6 37
7 56
8 72
9 86
10 70
11 83
12 63
13 58
14 52
15 46
16 27
17 18
18 14
19 5
20 7
21 2
22 0
23 0
last timestep 23
node 1054 iteration 3
0 0
1 5
2 8
3 5
4 14
5 11
6 16
7 14
8 11
9 8
10 2
11 0
12 0
last timestep 12
node 1054 iteration 4
0 0
1 3
2 5
3 4
4 8
5 7
6 12
7 8
8 24
9 34
10 56
11 70
12 58
13 52
14 46
15 55
16 59
17 42
18 36
19 30
20 40
21 31
22 24
23 15
24 13
25 6
26 7
27 4
28 7
29 3
30 4
31 5
32 9
33 7
34 3
35 0
36 1
37 0
last timestep 37
node 1054 iteration 5
0 0
1 12
2 18
3 19
4 32
5 52
6 61
7 82
8 98
9 115
10 85
11 74
12 55
13 39
14 31
15 23
16 6
17 4
18 4
19 2
20 1
21 2
22 2
23 1
24 0
25 0
last timestep 25
node 1054 iteration 6
0 0
1 2
2 8
3 9
4 19
5 16
6 32
7 26
8 32
9 29
10 35
11 52
12 73
13 69
14 52
15 80
16 56
17 43
18 40
19 27
20 11
21 11
22 14
23 12
24 3
25 1
26 0
27 0
last timestep 27
node 1054 iteration 7
0 0
1 5
2 11
3 22
4 33
5 53
6 61
7 72
8 59
9 58
10 49
11 75
12 69
13 40
14 29
15 22
16 10
17 10
18 5
19 1
20 0
21 0
last timestep 21
node 1054 iteration 8
0 0
1 1
2 0
3 0
last timestep 3
node 1054 iteration 9
0 0
1 2
2 2
3 3
4 8
5 13
6 24
7 20
8 32
9 55
10 51
11 57
12 57
13 71
14 81
15 65
16 60
17 37
18 24
19 18
20 13
21 10
22 5
23 5
24 3
25 1
26 0
27 0
last timestep 27
