node 1765 iteration 0
0 0
1 3
2 3
3 7
4 11
5 12
6 18
7 36
8 27
9 54
10 54
11 50
12 47
13 38
14 35
15 43
16 33
17 30
18 21
19 13
20 15
21 11
22 10
23 6
24 12
25 2
26 1
27 1
28 0
29 0
last timestep 29
node 1765 iteration 1
0 0
1 1
2 1
3 3
4 4
5 9
6 13
7 17
8 38
9 37
10 35
11 54
12 55
13 72
14 63
15 55
16 42
17 39
18 38
19 28
20 16
21 14
22 6
23 4
24 0
25 3
26 1
27 1
28 1
29 1
30 1
31 3
32 2
33 0
last timestep 33
node 1765 iteration 2
0 0
1 1
2 0
3 0
last timestep 3
node 1765 iteration 3
0 0
1 2
2 0
3 0
last timestep 3
node 1765 iteration 4
0 0
1 1
2 12
3 29
4 56
5 75
6 100
7 125
8 98
9 84
10 81
11 63
12 45
13 47
14 35
15 24
16 12
17 11
18 5
19 0
20 0
last timestep 20
node 1765 iteration 5
0 0
1 3
2 9
3 9
4 10
5 14
6 17
7 27
8 45
9 56
10 70
11 79
12 89
13 92
14 79
15 59
16 40
17 33
18 22
19 10
20 3
21 6
22 5
23 7
24 4
25 0
26 0
last timestep 26
node 1765 iteration 6
0 0
1 3
2 1
3 0
4 0
last timestep 4
node 1765 iteration 7
0 0
1 0
2 0
last timestep 2
node 1765 iteration 8
0 0
1 7
2 9
3 19
4 33
5 32
6 37
7 62
8 72
9 71
10 78
11 83
12 62
13 37
14 27
15 26
16 14
17 18
18 9
19 5
20 8
21 5
22 2
23 2
24 2
25 1
26 1
27 1
28 0
29 0
last timestep 29
node 1765 iteration 9
0 0
1 5
2 8
3 9
4 14
5 23
6 48
7 55
8 58
9 65
10 87
11 87
12 102
13 90
14 62
15 41
16 17
17 14
18 8
19 6
20 3
21 0
22 1
23 0
last timestep 23
