node 1081 iteration 0
0 0
1 5
2 8
3 7
4 9
5 17
6 31
7 29
8 75
9 61
10 83
11 68
12 55
13 59
14 60
15 43
16 29
17 26
18 15
19 4
20 2
21 1
22 0
23 0
last timestep 23
node 1081 iteration 1
0 0
1 4
2 3
3 7
4 15
5 21
6 32
7 44
8 60
9 84
10 104
11 111
12 88
13 73
14 43
15 29
16 17
17 13
18 9
19 10
20 5
21 3
22 4
23 1
24 1
25 1
26 0
27 0
last timestep 27
node 1081 iteration 2
0 0
1 9
2 12
3 19
4 29
5 39
6 56
7 67
8 85
9 89
10 78
11 70
12 59
13 54
14 39
15 25
16 8
17 8
18 10
19 5
20 5
21 6
22 10
23 1
24 0
25 0
last timestep 25
node 1081 iteration 3
0 0
1 4
2 5
3 4
4 14
5 26
6 41
7 54
8 71
9 72
10 71
11 87
12 92
13 88
14 65
15 48
16 35
17 30
18 26
19 17
20 6
21 1
22 2
23 0
24 0
last timestep 24
node 1081 iteration 4
0 0
1 4
2 2
3 1
4 7
5 5
6 12
7 9
8 11
9 13
10 34
11 54
12 87
13 99
14 112
15 107
16 77
17 66
18 41
19 21
20 17
21 10
22 7
23 5
24 6
25 8
26 5
27 3
28 1
29 0
30 0
last timestep 30
node 1081 iteration 5
0 0
1 1
2 1
3 1
4 6
5 7
6 7
7 6
8 4
9 0
10 0
last timestep 10
node 1081 iteration 6
0 0
1 3
2 7
3 13
4 26
5 32
6 32
7 44
8 59
9 68
10 60
11 66
12 52
13 40
14 53
15 32
16 32
17 22
18 25
19 19
20 20
21 9
22 5
23 4
24 5
25 2
26 4
27 1
28 0
29 0
last timestep 29
node 1081 iteration 7
0 0
1 3
2 6
3 7
4 11
5 15
6 21
7 27
8 31
9 49
10 52
11 55
12 77
13 94
14 80
15 81
16 61
17 36
18 35
19 19
20 17
21 7
22 10
23 8
24 3
25 2
26 0
27 0
last timestep 27
node 1081 iteration 8
0 0
1 2
2 0
3 0
last timestep 3
node 1081 iteration 9
0 0
1 4
2 16
3 26
4 44
5 58
6 70
7 101
8 116
9 99
10 79
11 59
12 40
13 35
14 27
15 16
16 11
17 4
18 1
19 1
20 1
21 0
22 0
last timestep 22
