node 1662 iteration 0
0 0
1 0
2 0
last timestep 2
node 1662 iteration 1
0 0
1 1
2 4
3 1
4 2
5 10
6 20
7 32
8 63
9 71
10 89
11 79
12 130
13 99
14 78
15 61
16 41
17 20
18 18
19 9
20 5
21 6
22 6
23 4
24 1
25 0
26 0
last timestep 26
node 1662 iteration 2
0 0
1 1
2 0
3 0
last timestep 3
node 1662 iteration 3
0 0
1 2
2 2
3 4
4 7
5 6
6 11
7 16
8 27
9 33
10 40
11 42
12 52
13 63
14 76
15 50
16 49
17 55
18 53
19 56
20 43
21 29
22 35
23 28
24 39
25 24
26 14
27 13
28 7
29 8
30 6
31 4
32 1
33 0
34 0
last timestep 34
node 1662 iteration 4
0 0
1 1
2 5
3 5
4 13
5 7
6 10
7 10
8 18
9 31
10 42
11 61
12 83
13 79
14 56
15 62
16 65
17 67
18 43
19 32
20 28
21 16
22 6
23 5
24 4
25 3
26 1
27 2
28 3
29 3
30 1
31 0
32 1
33 0
last timestep 33
node 1662 iteration 5
0 0
1 0
2 0
last timestep 2
node 1662 iteration 6
0 0
1 0
2 0
last timestep 2
node 1662 iteration 7
0 0
1 2
2 2
3 2
4 4
5 5
6 6
7 7
8 10
9 15
10 20
11 30
12 30
13 42
14 49
15 74
16 67
17 66
18 77
19 88
20 71
21 46
22 35
23 22
24 7
25 3
26 1
27 0
28 0
last timestep 28
node 1662 iteration 8
0 0
1 0
2 0
last timestep 2
node 1662 iteration 9
0 0
1 1
2 3
3 5
4 6
5 10
6 5
7 7
8 4
9 13
10 12
11 13
12 29
13 52
14 61
15 75
16 82
17 76
18 81
19 50
20 56
21 45
22 39
23 23
24 19
25 11
26 9
27 3
28 2
29 0
30 0
last timestep 30
