node 1062 iteration 0
0 0
1 1
2 1
3 6
4 4
5 14
6 13
7 20
8 20
9 34
10 50
11 46
12 50
13 70
14 78
15 70
16 68
17 43
18 29
19 18
20 15
21 10
22 12
23 14
24 22
25 19
26 8
27 8
28 11
29 6
30 5
31 0
32 0
last timestep 32
node 1062 iteration 1
0 0
1 3
2 0
3 0
last timestep 3
node 1062 iteration 2
0 0
1 4
2 4
3 8
4 13
5 36
6 38
7 48
8 86
9 91
10 112
11 101
12 92
13 75
14 60
15 41
16 20
17 7
18 3
19 1
20 0
21 0
last timestep 21
node 1062 iteration 3
0 0
1 2
2 1
3 2
4 5
5 2
6 7
7 6
8 5
9 12
10 13
11 26
12 38
13 51
14 63
15 76
16 81
17 88
18 69
19 64
20 50
21 50
22 26
23 24
24 10
25 12
26 12
27 9
28 3
29 0
30 0
last timestep 30
node 1062 iteration 4
0 0
1 0
2 1
3 2
4 0
last timestep 4
node 1062 iteration 5
0 0
1 6
2 7
3 13
4 15
5 19
6 26
7 44
8 77
9 104
10 96
11 100
12 109
13 84
14 54
15 43
16 22
17 8
18 6
19 6
20 7
21 4
22 0
23 0
last timestep 23
node 1062 iteration 6
0 0
1 2
2 8
3 8
4 9
5 12
6 17
7 27
8 30
9 40
10 51
11 48
12 64
13 42
14 44
15 50
16 55
17 40
18 32
19 17
20 22
21 23
22 20
23 14
24 11
25 5
26 2
27 0
28 1
29 2
30 0
last timestep 30
node 1062 iteration 7
0 0
1 1
2 0
3 1
4 1
5 2
6 0
last timestep 6
node 1062 iteration 8
0 0
1 1
2 0
3 0
last timestep 3
node 1062 iteration 9
0 0
1 1
2 0
3 0
last timestep 3
