node 1991 iteration 0
0 0
1 2
2 0
3 1
4 2
5 3
6 9
7 5
8 7
9 11
10 17
11 43
12 41
13 50
14 69
15 89
16 92
17 98
18 96
19 82
20 57
21 37
22 24
23 20
24 12
25 6
26 5
27 2
28 0
last timestep 28
node 1991 iteration 1
0 0
1 2
2 1
3 0
4 0
last timestep 4
node 1991 iteration 2
0 0
1 7
2 7
3 11
4 12
5 16
6 20
7 26
8 25
9 30
10 48
11 53
12 71
13 69
14 75
15 91
16 88
17 72
18 57
19 40
20 28
21 13
22 7
23 1
24 2
25 1
26 0
27 0
last timestep 27
node 1991 iteration 3
0 0
1 1
2 2
3 4
4 5
5 5
6 3
7 8
8 5
9 7
10 8
11 16
12 17
13 19
14 28
15 47
16 70
17 97
18 92
19 84
20 87
21 76
22 44
23 30
24 29
25 14
26 9
27 6
28 1
29 1
30 0
31 0
last timestep 31
node 1991 iteration 4
0 0
1 5
2 3
3 6
4 4
5 3
6 2
7 2
8 2
9 3
10 2
11 9
12 9
13 14
14 29
15 35
16 45
17 55
18 51
19 52
20 55
21 55
22 68
23 68
24 69
25 64
26 36
27 28
28 14
29 12
30 6
31 4
32 3
33 5
34 0
35 0
last timestep 35
node 1991 iteration 5
0 0
1 1
2 1
3 4
4 5
5 10
6 27
7 41
8 61
9 76
10 79
11 72
12 90
13 104
14 74
15 61
16 40
17 23
18 21
19 18
20 8
21 14
22 6
23 2
24 0
25 0
last timestep 25
node 1991 iteration 6
0 0
1 0
2 0
last timestep 2
node 1991 iteration 7
0 0
1 1
2 0
3 0
last timestep 3
node 1991 iteration 8
0 0
1 0
2 1
3 0
last timestep 3
node 1991 iteration 9
0 0
1 1
2 1
3 2
4 4
5 3
6 8
7 10
8 13
9 12
10 27
11 47
12 77
13 134
14 94
15 104
16 88
17 74
18 50
19 25
20 21
21 10
22 3
23 4
24 0
25 0
last timestep 25
