node 818 iteration 0
0 0
1 3
2 6
3 5
4 19
5 27
6 36
7 49
8 68
9 69
10 78
11 89
12 86
13 66
14 48
15 32
16 21
17 20
18 12
19 11
20 10
21 9
22 5
23 2
24 2
25 5
26 5
27 0
28 1
29 0
last timestep 29
node 818 iteration 1
0 0
1 2
2 7
3 8
4 12
5 15
6 34
7 51
8 63
9 58
10 60
11 90
12 93
13 92
14 64
15 41
16 46
17 33
18 31
19 15
20 10
21 11
22 2
23 1
24 1
25 1
26 0
27 0
last timestep 27
node 818 iteration 2
0 0
1 1
2 0
3 0
last timestep 3
node 818 iteration 3
0 0
1 2
2 3
3 3
4 3
5 7
6 10
7 12
8 14
9 18
10 27
11 47
12 42
13 44
14 55
15 61
16 72
17 61
18 65
19 79
20 46
21 23
22 18
23 14
24 14
25 11
26 5
27 1
28 2
29 0
30 0
last timestep 30
node 818 iteration 4
0 0
1 0
2 0
last timestep 2
node 818 iteration 5
0 0
1 3
2 0
3 2
4 1
5 0
last timestep 5
node 818 iteration 6
0 0
1 4
2 13
3 18
4 18
5 19
6 25
7 49
8 64
9 117
10 104
11 111
12 90
13 78
14 38
15 37
16 33
17 26
18 12
19 5
20 3
21 3
22 3
23 3
24 1
25 3
26 2
27 1
28 0
29 0
last timestep 29
node 818 iteration 7
0 0
1 3
2 3
3 3
4 3
5 10
6 7
7 14
8 33
9 44
10 47
11 50
12 62
13 87
14 84
15 74
16 68
17 51
18 36
19 17
20 15
21 14
22 15
23 7
24 5
25 2
26 2
27 1
28 0
29 0
last timestep 29
node 818 iteration 8
0 0
1 1
2 3
3 4
4 6
5 30
6 28
7 43
8 50
9 77
10 81
11 124
12 94
13 71
14 59
15 32
16 15
17 12
18 13
19 16
20 8
21 4
22 2
23 3
24 2
25 2
26 0
27 0
last timestep 27
node 818 iteration 9
0 0
1 3
2 4
3 11
4 1
5 2
6 8
7 6
8 15
9 20
10 48
11 52
12 59
13 80
14 87
15 104
16 90
17 54
18 36
19 29
20 15
21 8
22 7
23 12
24 5
25 7
26 1
27 1
28 3
29 4
30 2
31 0
32 0
last timestep 32
