node 1098 iteration 0
0 0
1 5
2 12
3 14
4 18
5 30
6 74
7 77
8 78
9 72
10 91
11 86
12 65
13 49
14 41
15 23
16 18
17 10
18 8
19 11
20 6
21 4
22 2
23 1
24 0
25 0
last timestep 25
node 1098 iteration 1
0 0
1 3
2 2
3 3
4 2
5 7
6 9
7 13
8 17
9 12
10 25
11 52
12 60
13 85
14 81
15 109
16 81
17 61
18 40
19 40
20 33
21 18
22 18
23 10
24 12
25 6
26 4
27 5
28 3
29 2
30 1
31 1
32 0
33 0
last timestep 33
node 1098 iteration 2
0 0
1 4
2 0
3 0
last timestep 3
node 1098 iteration 3
0 0
1 6
2 3
3 6
4 6
5 11
6 16
7 25
8 38
9 55
10 77
11 87
12 101
13 88
14 92
15 53
16 24
17 19
18 21
19 13
20 18
21 8
22 5
23 2
24 3
25 2
26 0
27 0
last timestep 27
node 1098 iteration 4
0 0
1 5
2 5
3 3
4 3
5 3
6 4
7 7
8 18
9 31
10 47
11 58
12 83
13 91
14 84
15 71
16 48
17 36
18 26
19 19
20 11
21 10
22 9
23 14
24 17
25 10
26 8
27 7
28 2
29 0
30 0
last timestep 30
node 1098 iteration 5
0 0
1 4
2 1
3 0
4 0
last timestep 4
node 1098 iteration 6
0 0
1 1
2 1
3 3
4 4
5 3
6 2
7 9
8 5
9 2
10 4
11 6
12 9
13 6
14 9
15 5
16 8
17 4
18 3
19 3
20 3
21 6
22 12
23 7
24 1
25 5
26 2
27 4
28 3
29 16
30 11
31 15
32 15
33 17
34 16
35 18
36 21
37 27
38 27
39 28
40 44
41 54
42 38
43 31
44 21
45 23
46 22
47 20
48 9
49 4
50 3
51 1
52 2
53 2
54 2
55 0
56 0
last timestep 56
node 1098 iteration 7
0 0
1 2
2 9
3 19
4 23
5 48
6 81
7 84
8 106
9 107
10 89
11 68
12 68
13 53
14 46
15 22
16 21
17 8
18 2
19 2
20 1
21 1
22 1
23 1
24 0
25 0
last timestep 25
node 1098 iteration 8
0 0
1 2
2 3
3 9
4 17
5 22
6 52
7 75
8 78
9 87
10 76
11 82
12 59
13 59
14 42
15 26
16 25
17 16
18 11
19 5
20 2
21 0
22 0
last timestep 22
node 1098 iteration 9
0 0
1 2
2 0
3 0
last timestep 3
