node 1057 iteration 0
0 0
1 9
2 17
3 29
4 36
5 46
6 47
7 72
8 76
9 92
10 91
11 89
12 58
13 55
14 53
15 38
16 19
17 15
18 10
19 12
20 11
21 9
22 2
23 0
24 0
last timestep 24
node 1057 iteration 1
0 0
1 5
2 6
3 10
4 5
5 4
6 6
7 6
8 11
9 17
10 22
11 24
12 57
13 63
14 65
15 78
16 76
17 65
18 58
19 47
20 42
21 29
22 24
23 9
24 16
25 9
26 3
27 1
28 3
29 3
30 3
31 2
32 1
33 2
34 0
35 0
last timestep 35
node 1057 iteration 2
0 0
1 9
2 15
3 20
4 25
5 25
6 42
7 51
8 68
9 96
10 109
11 108
12 77
13 47
14 56
15 39
16 14
17 15
18 11
19 5
20 1
21 0
22 0
last timestep 22
node 1057 iteration 3
0 0
1 8
2 11
3 14
4 32
5 39
6 59
7 77
8 101
9 99
10 96
11 75
12 69
13 61
14 40
15 16
16 11
17 9
18 11
19 12
20 5
21 5
22 0
23 0
last timestep 23
node 1057 iteration 4
0 0
1 7
2 4
3 5
4 5
5 2
6 5
7 5
8 11
9 3
10 6
11 11
12 15
13 16
14 26
15 25
16 44
17 53
18 61
19 94
20 80
21 68
22 68
23 43
24 29
25 18
26 21
27 10
28 1
29 1
30 1
31 3
32 0
33 0
last timestep 33
node 1057 iteration 5
0 0
1 9
2 21
3 19
4 32
5 56
6 88
7 110
8 105
9 92
10 81
11 57
12 55
13 50
14 32
15 15
16 9
17 9
18 4
19 1
20 1
21 0
22 0
last timestep 22
node 1057 iteration 6
0 0
1 10
2 10
3 23
4 33
5 31
6 51
7 80
8 65
9 86
10 70
11 63
12 55
13 26
14 27
15 28
16 14
17 6
18 8
19 10
20 10
21 7
22 6
23 3
24 7
25 3
26 8
27 13
28 10
29 16
30 4
31 4
32 4
33 6
34 5
35 3
36 1
37 2
38 1
39 0
40 0
last timestep 40
node 1057 iteration 7
0 0
1 7
2 5
3 4
4 2
5 3
6 3
7 1
8 2
9 10
10 12
11 26
12 52
13 67
14 100
15 85
16 107
17 112
18 98
19 73
20 42
21 31
22 21
23 8
24 1
25 0
26 0
last timestep 26
node 1057 iteration 8
0 0
1 9
2 17
3 25
4 30
5 38
6 43
7 55
8 47
9 57
10 55
11 73
12 66
13 56
14 36
15 22
16 30
17 23
18 16
19 8
20 6
21 4
22 1
23 1
24 0
25 1
26 0
last timestep 26
node 1057 iteration 9
0 0
1 10
2 7
3 7
4 10
5 13
6 27
7 32
8 39
9 37
10 46
11 51
12 55
13 46
14 44
15 40
16 35
17 25
18 26
19 20
20 16
21 12
22 11
23 6
24 7
25 9
26 2
27 2
28 1
29 1
30 0
31 0
last timestep 31
