node 1012 iteration 0
0 0
1 3
2 6
3 13
4 19
5 27
6 46
7 56
8 99
9 76
10 84
11 88
12 72
13 43
14 21
15 17
16 9
17 6
18 3
19 0
20 0
last timestep 20
node 1012 iteration 1
0 0
1 2
2 5
3 4
4 5
5 2
6 1
7 0
8 0
last timestep 8
node 1012 iteration 2
0 0
1 2
2 3
3 1
4 1
5 1
6 3
7 12
8 13
9 29
10 45
11 93
12 113
13 118
14 111
15 80
16 57
17 37
18 32
19 19
20 14
21 15
22 12
23 12
24 7
25 1
26 1
27 0
28 0
last timestep 28
node 1012 iteration 3
0 0
1 2
2 1
3 1
4 8
5 16
6 14
7 25
8 35
9 53
10 87
11 110
12 102
13 116
14 101
15 61
16 33
17 24
18 24
19 12
20 13
21 9
22 4
23 5
24 1
25 0
26 0
last timestep 26
node 1012 iteration 4
0 0
1 1
2 1
3 3
4 8
5 7
6 2
7 3
8 4
9 9
10 5
11 3
12 7
13 16
14 17
15 33
16 63
17 84
18 87
19 97
20 86
21 68
22 51
23 40
24 32
25 24
26 16
27 14
28 17
29 7
30 5
31 3
32 3
33 3
34 1
35 5
36 3
37 1
38 0
39 0
last timestep 39
node 1012 iteration 5
0 0
1 0
2 0
last timestep 2
node 1012 iteration 6
0 0
1 1
2 3
3 3
4 5
5 16
6 21
7 22
8 38
9 49
10 49
11 47
12 64
13 81
14 81
15 77
16 61
17 41
18 31
19 13
20 4
21 6
22 1
23 0
24 0
last timestep 24
node 1012 iteration 7
0 0
1 0
2 3
3 8
4 14
5 29
6 53
7 68
8 77
9 81
10 103
11 101
12 59
13 53
14 35
15 33
16 25
17 14
18 10
19 4
20 2
21 0
last timestep 21
node 1012 iteration 8
0 0
1 2
2 2
3 0
4 0
last timestep 4
node 1012 iteration 9
0 0
1 1
2 6
3 15
4 27
5 35
6 42
7 70
8 91
9 115
10 102
11 103
12 81
13 52
14 43
15 25
16 26
17 13
18 5
19 6
20 5
21 6
22 3
23 2
24 4
25 1
26 0
27 0
last timestep 27
