node 2613 iteration 0
0 0
1 0
2 0
last timestep 2
node 2613 iteration 1
0 0
1 1
2 1
3 0
4 0
last timestep 4
node 2613 iteration 2
0 0
1 3
2 3
3 2
4 3
5 12
6 33
7 61
8 73
9 75
10 98
11 98
12 106
13 93
14 79
15 57
16 42
17 21
18 15
19 9
20 8
21 3
22 3
23 0
24 0
last timestep 24
node 2613 iteration 3
0 0
1 2
2 3
3 7
4 13
5 11
6 7
7 7
8 16
9 26
10 35
11 46
12 67
13 61
14 59
15 70
16 46
17 42
18 37
19 34
20 33
21 24
22 25
23 12
24 19
25 14
26 14
27 11
28 9
29 4
30 3
31 1
32 1
33 1
34 0
35 0
last timestep 35
node 2613 iteration 4
0 0
1 0
2 0
last timestep 2
node 2613 iteration 5
0 0
1 1
2 0
3 1
4 3
5 4
6 1
7 1
8 1
9 4
10 1
11 4
12 4
13 7
14 13
15 22
16 43
17 51
18 78
19 106
20 98
21 111
22 91
23 61
24 54
25 31
26 20
27 12
28 8
29 5
30 3
31 0
last timestep 31
node 2613 iteration 6
0 0
1 0
2 0
last timestep 2
node 2613 iteration 7
0 0
1 2
2 4
3 6
4 7
5 10
6 14
7 17
8 33
9 46
10 36
11 60
12 63
13 54
14 74
15 55
16 61
17 46
18 44
19 37
20 23
21 17
22 13
23 2
24 2
25 2
26 0
27 0
last timestep 27
node 2613 iteration 8
0 0
1 2
2 4
3 19
4 14
5 27
6 32
7 61
8 66
9 89
10 105
11 85
12 73
13 70
14 58
15 37
16 25
17 18
18 14
19 10
20 5
21 9
22 6
23 4
24 1
25 1
26 0
27 0
last timestep 27
node 2613 iteration 9
0 0
1 0
2 0
last timestep 2
