node 89 iteration 0
0 0
1 3
2 12
3 14
4 29
5 45
6 38
7 75
8 94
9 77
10 86
11 86
12 64
13 42
14 29
15 20
16 9
17 5
18 4
19 0
20 0
last timestep 20
node 89 iteration 1
0 0
1 2
2 6
3 6
4 17
5 39
6 57
7 81
8 87
9 103
10 93
11 67
12 57
13 40
14 37
15 11
16 5
17 4
18 7
19 4
20 1
21 1
22 0
23 0
last timestep 23
node 89 iteration 2
0 0
1 2
2 4
3 6
4 9
5 9
6 24
7 24
8 43
9 42
10 47
11 72
12 83
13 91
14 78
15 89
16 66
17 52
18 31
19 15
20 9
21 10
22 1
23 0
24 0
last timestep 24
node 89 iteration 3
0 0
1 1
2 0
3 2
4 7
5 10
6 12
7 10
8 23
9 29
10 49
11 34
12 46
13 46
14 71
15 89
16 87
17 70
18 69
19 51
20 43
21 28
22 14
23 8
24 6
25 5
26 0
last timestep 26
node 89 iteration 4
0 0
1 1
2 4
3 8
4 8
5 2
6 5
7 7
8 10
9 17
10 15
11 20
12 46
13 30
14 46
15 55
16 51
17 45
18 47
19 44
20 47
21 44
22 42
23 51
24 40
25 28
26 18
27 13
28 10
29 5
30 0
31 0
last timestep 31
node 89 iteration 5
0 0
1 3
2 3
3 7
4 10
5 21
6 18
7 26
8 27
9 62
10 70
11 67
12 88
13 75
14 63
15 56
16 46
17 29
18 20
19 9
20 6
21 3
22 1
23 2
24 0
25 0
last timestep 25
node 89 iteration 6
0 0
1 1
2 2
3 3
4 2
5 6
6 11
7 15
8 26
9 36
10 42
11 78
12 86
13 110
14 89
15 88
16 65
17 41
18 39
19 18
20 22
21 12
22 11
23 13
24 10
25 4
26 6
27 2
28 5
29 3
30 2
31 0
32 0
last timestep 32
node 89 iteration 7
0 0
1 1
2 0
3 0
last timestep 3
node 89 iteration 8
0 0
1 2
2 2
3 9
4 6
5 9
6 13
7 17
8 26
9 50
10 74
11 52
12 60
13 68
14 46
15 46
16 37
17 30
18 30
19 22
20 19
21 12
22 4
23 0
24 0
last timestep 24
node 89 iteration 9
0 0
1 2
2 0
3 0
last timestep 3
