node 828 iteration 0
0 0
1 1
2 1
3 3
4 4
5 5
6 12
7 17
8 20
9 19
10 23
11 33
12 39
13 43
14 64
15 84
16 86
17 78
18 52
19 42
20 28
21 19
22 22
23 20
24 16
25 13
26 11
27 10
28 2
29 2
30 0
31 0
last timestep 31
node 828 iteration 1
0 0
1 5
2 4
3 11
4 16
5 31
6 41
7 54
8 87
9 85
10 106
11 102
12 70
13 71
14 64
15 32
16 27
17 13
18 3
19 2
20 2
21 1
22 1
23 3
24 0
25 0
last timestep 25
node 828 iteration 2
0 0
1 0
2 0
last timestep 2
node 828 iteration 3
0 0
1 0
2 2
3 4
4 5
5 12
6 17
7 22
8 32
9 52
10 47
11 48
12 76
13 84
14 105
15 85
16 70
17 56
18 38
19 25
20 13
21 13
22 8
23 2
24 0
last timestep 24
node 828 iteration 4
0 0
1 1
2 0
3 0
last timestep 3
node 828 iteration 5
0 0
1 1
2 6
3 5
4 5
5 5
6 10
7 16
8 22
9 27
10 33
11 46
12 82
13 97
14 81
15 98
16 87
17 70
18 57
19 37
20 26
21 12
22 10
23 7
24 3
25 1
26 0
27 0
last timestep 27
node 828 iteration 6
0 0
1 4
2 3
3 7
4 10
5 20
6 26
7 32
8 49
9 59
10 72
11 70
12 78
13 76
14 54
15 34
16 29
17 23
18 17
19 16
20 10
21 6
22 0
23 0
last timestep 23
node 828 iteration 7
0 0
1 2
2 0
3 0
last timestep 3
node 828 iteration 8
0 0
1 3
2 7
3 4
4 5
5 7
6 14
7 11
8 35
9 37
10 56
11 52
12 71
13 79
14 65
15 57
16 51
17 40
18 28
19 23
20 8
21 5
22 1
23 1
24 0
25 0
last timestep 25
node 828 iteration 9
0 0
1 0
2 0
last timestep 2
