node 1669 iteration 0
0 0
1 5
2 17
3 23
4 21
5 19
6 35
7 50
8 55
9 62
10 83
11 80
12 92
13 75
14 44
15 44
16 23
17 14
18 8
19 3
20 5
21 1
22 1
23 0
24 0
last timestep 24
node 1669 iteration 1
0 0
1 4
2 3
3 4
4 6
5 3
6 3
7 2
8 7
9 13
10 17
11 28
12 43
13 52
14 71
15 70
16 87
17 85
18 66
19 48
20 32
21 37
22 29
23 28
24 26
25 18
26 14
27 10
28 6
29 3
30 2
31 0
32 0
last timestep 32
node 1669 iteration 2
0 0
1 2
2 2
3 2
4 5
5 10
6 13
7 22
8 51
9 53
10 86
11 82
12 93
13 99
14 74
15 84
16 79
17 45
18 34
19 17
20 21
21 7
22 7
23 5
24 4
25 1
26 1
27 0
28 0
last timestep 28
node 1669 iteration 3
0 0
1 1
2 3
3 3
4 3
5 8
6 10
7 11
8 4
9 5
10 3
11 0
12 0
last timestep 12
node 1669 iteration 4
0 0
1 2
2 11
3 15
4 19
5 41
6 42
7 63
8 89
9 103
10 94
11 85
12 75
13 39
14 39
15 49
16 32
17 33
18 22
19 10
20 10
21 13
22 14
23 5
24 4
25 0
26 1
27 1
28 2
29 0
last timestep 29
node 1669 iteration 5
0 0
1 1
2 1
3 7
4 7
5 14
6 25
7 27
8 41
9 59
10 83
11 99
12 79
13 70
14 72
15 58
16 64
17 46
18 23
19 11
20 6
21 0
22 0
last timestep 22
node 1669 iteration 6
0 0
1 1
2 1
3 0
4 0
last timestep 4
node 1669 iteration 7
0 0
1 2
2 4
3 6
4 7
5 12
6 21
7 15
8 24
9 29
10 35
11 58
12 47
13 56
14 65
15 63
16 74
17 63
18 60
19 53
20 33
21 30
22 16
23 4
24 2
25 2
26 0
27 0
last timestep 27
node 1669 iteration 8
0 0
1 2
2 1
3 4
4 1
5 2
6 3
7 7
8 16
9 22
10 33
11 40
12 55
13 52
14 66
15 73
16 66
17 45
18 45
19 45
20 46
21 39
22 32
23 26
24 13
25 13
26 6
27 10
28 7
29 4
30 1
31 1
32 1
33 1
34 2
35 0
36 0
last timestep 36
node 1669 iteration 9
0 0
1 2
2 3
3 7
4 20
5 42
6 83
7 100
8 104
9 85
10 78
11 48
12 32
13 32
14 29
15 25
16 16
17 11
18 4
19 12
20 10
21 7
22 5
23 6
24 2
25 0
26 3
27 1
28 1
29 0
last timestep 29
