node 1725 iteration 0
0 0
1 3
2 17
3 19
4 29
5 43
6 41
7 52
8 67
9 61
10 71
11 63
12 64
13 54
14 43
15 33
16 42
17 20
18 19
19 21
20 9
21 10
22 14
23 8
24 4
25 2
26 3
27 4
28 3
29 3
30 0
31 1
32 0
last timestep 32
node 1725 iteration 1
0 0
1 3
2 5
3 5
4 3
5 12
6 8
7 6
8 12
9 21
10 26
11 32
12 33
13 36
14 40
15 30
16 48
17 58
18 81
19 79
20 60
21 56
22 53
23 38
24 28
25 14
26 10
27 3
28 0
29 0
last timestep 29
node 1725 iteration 2
0 0
1 2
2 5
3 6
4 5
5 17
6 15
7 18
8 24
9 40
10 50
11 80
12 89
13 86
14 76
15 60
16 56
17 49
18 33
19 24
20 11
21 7
22 8
23 3
24 2
25 1
26 0
27 0
last timestep 27
node 1725 iteration 3
0 0
1 1
2 1
3 0
4 0
last timestep 4
node 1725 iteration 4
0 0
1 1
2 4
3 3
4 5
5 6
6 14
7 19
8 28
9 63
10 68
11 95
12 100
13 111
14 115
15 62
16 43
17 26
18 11
19 11
20 5
21 6
22 5
23 3
24 1
25 2
26 0
27 0
last timestep 27
node 1725 iteration 5
0 0
1 0
2 0
last timestep 2
node 1725 iteration 6
0 0
1 3
2 11
3 21
4 23
5 43
6 53
7 46
8 57
9 60
10 71
11 83
12 83
13 75
14 52
15 36
16 21
17 15
18 6
19 7
20 9
21 3
22 2
23 0
24 0
last timestep 24
node 1725 iteration 7
0 0
1 2
2 9
3 3
4 2
5 3
6 2
7 2
8 2
9 0
10 0
last timestep 10
node 1725 iteration 8
0 0
1 0
2 0
last timestep 2
node 1725 iteration 9
0 0
1 5
2 2
3 3
4 8
5 9
6 22
7 42
8 56
9 68
10 76
11 69
12 61
13 47
14 47
15 49
16 36
17 26
18 21
19 20
20 13
21 16
22 2
23 3
24 2
25 1
26 0
27 0
last timestep 27
