node 794 iteration 0
0 0
1 3
2 7
3 12
4 6
5 6
6 8
7 10
8 12
9 7
10 17
11 21
12 38
13 66
14 75
15 74
16 93
17 87
18 64
19 56
20 57
21 36
22 19
23 11
24 10
25 9
26 5
27 5
28 4
29 1
30 0
31 0
last timestep 31
node 794 iteration 1
0 0
1 2
2 2
3 2
4 3
5 8
6 6
7 5
8 21
9 24
10 28
11 63
12 74
13 98
14 115
15 109
16 86
17 64
18 50
19 26
20 15
21 9
22 16
23 24
24 7
25 5
26 2
27 2
28 0
29 0
last timestep 29
node 794 iteration 2
0 0
1 3
2 7
3 5
4 2
5 8
6 15
7 16
8 21
9 36
10 33
11 55
12 65
13 66
14 55
15 64
16 51
17 49
18 50
19 47
20 27
21 25
22 7
23 6
24 8
25 9
26 6
27 7
28 3
29 2
30 1
31 0
32 0
last timestep 32
node 794 iteration 3
0 0
1 4
2 4
3 11
4 10
5 24
6 43
7 57
8 80
9 110
10 97
11 108
12 72
13 59
14 47
15 30
16 11
17 10
18 6
19 5
20 2
21 2
22 3
23 2
24 0
25 0
last timestep 25
node 794 iteration 4
0 0
1 3
2 2
3 2
4 2
5 6
6 3
7 4
8 3
9 1
10 0
11 0
last timestep 11
node 794 iteration 5
0 0
1 1
2 7
3 5
4 14
5 24
6 25
7 30
8 37
9 58
10 55
11 68
12 82
13 77
14 68
15 78
16 61
17 41
18 22
19 15
20 6
21 6
22 3
23 1
24 1
25 0
26 0
last timestep 26
node 794 iteration 6
0 0
1 1
2 1
3 2
4 1
5 2
6 2
7 2
8 4
9 8
10 6
11 3
12 11
13 13
14 19
15 26
16 31
17 32
18 43
19 69
20 88
21 93
22 94
23 82
24 75
25 54
26 46
27 34
28 10
29 10
30 4
31 0
32 0
last timestep 32
node 794 iteration 7
0 0
1 5
2 10
3 11
4 9
5 9
6 3
7 4
8 6
9 14
10 15
11 14
12 24
13 33
14 34
15 60
16 53
17 71
18 82
19 94
20 74
21 44
22 52
23 51
24 32
25 25
26 12
27 5
28 2
29 1
30 0
31 0
last timestep 31
node 794 iteration 8
0 0
1 3
2 4
3 9
4 2
5 6
6 7
7 7
8 18
9 18
10 27
11 46
12 59
13 61
14 75
15 80
16 71
17 58
18 64
19 41
20 21
21 17
22 15
23 12
24 13
25 9
26 2
27 0
28 1
29 0
last timestep 29
node 794 iteration 9
0 0
1 3
2 1
3 1
4 4
5 0
6 0
last timestep 6
