node 1283 iteration 0
0 0
1 2
2 4
3 2
4 1
5 0
6 0
last timestep 6
node 1283 iteration 1
0 0
1 1
2 4
3 16
4 17
5 16
6 22
7 33
8 38
9 55
10 78
11 100
12 84
13 91
14 72
15 69
16 59
17 43
18 26
19 18
20 10
21 3
22 3
23 1
24 0
25 0
last timestep 25
node 1283 iteration 2
0 0
1 0
2 0
last timestep 2
node 1283 iteration 3
0 0
1 3
2 6
3 7
4 6
5 11
6 10
7 6
8 9
9 14
10 14
11 11
12 15
13 19
14 26
15 22
16 23
17 29
18 31
19 49
20 52
21 55
22 64
23 64
24 63
25 42
26 41
27 30
28 24
29 18
30 11
31 11
32 12
33 4
34 0
35 3
36 0
last timestep 36
node 1283 iteration 4
0 0
1 2
2 2
3 2
4 11
5 19
6 44
7 45
8 66
9 83
10 98
11 111
12 106
13 72
14 49
15 34
16 29
17 29
18 30
19 19
20 8
21 6
22 2
23 2
24 1
25 0
26 0
last timestep 26
node 1283 iteration 5
0 0
1 0
2 0
last timestep 2
node 1283 iteration 6
0 0
1 3
2 9
3 3
4 4
5 5
6 14
7 29
8 59
9 68
10 80
11 84
12 91
13 84
14 52
15 55
16 32
17 33
18 25
19 25
20 21
21 12
22 8
23 2
24 1
25 4
26 2
27 3
28 1
29 1
30 0
31 0
last timestep 31
node 1283 iteration 7
0 0
1 0
2 0
last timestep 2
node 1283 iteration 8
0 0
1 4
2 18
3 34
4 75
5 89
6 88
7 84
8 92
9 102
10 97
11 78
12 61
13 49
14 43
15 19
16 14
17 9
18 8
19 4
20 3
21 1
22 0
23 0
last timestep 23
node 1283 iteration 9
0 0
1 1
2 1
3 9
4 13
5 14
6 20
7 31
8 64
9 73
10 90
11 91
12 99
13 91
14 82
15 74
16 48
17 29
18 18
19 7
20 6
21 4
22 4
23 1
24 2
25 0
26 0
last timestep 26
