node 473 iteration 0
0 0
1 3
2 10
3 14
4 11
5 11
6 15
7 26
8 25
9 36
10 49
11 59
12 63
13 87
14 80
15 69
16 52
17 41
18 45
19 43
20 27
21 15
22 14
23 20
24 14
25 10
26 4
27 6
28 4
29 3
30 1
31 0
32 0
last timestep 32
node 473 iteration 1
0 0
1 2
2 4
3 14
4 27
5 47
6 82
7 98
8 91
9 94
10 82
11 71
12 58
13 43
14 37
15 26
16 35
17 12
18 7
19 8
20 4
21 1
22 1
23 0
24 0
last timestep 24
node 473 iteration 2
0 0
1 5
2 9
3 9
4 19
5 31
6 37
7 56
8 78
9 97
10 82
11 92
12 91
13 69
14 47
15 39
16 27
17 23
18 16
19 9
20 4
21 0
22 0
last timestep 22
node 473 iteration 3
0 0
1 1
2 0
3 0
last timestep 3
node 473 iteration 4
0 0
1 2
2 5
3 12
4 21
5 38
6 62
7 87
8 81
9 102
10 90
11 75
12 52
13 27
14 19
15 18
16 16
17 6
18 1
19 0
20 0
last timestep 20
node 473 iteration 5
0 0
1 6
2 5
3 13
4 6
5 3
6 10
7 12
8 21
9 31
10 51
11 68
12 71
13 86
14 89
15 66
16 74
17 70
18 53
19 36
20 15
21 11
22 8
23 3
24 2
25 0
26 0
last timestep 26
node 473 iteration 6
0 0
1 2
2 3
3 5
4 24
5 28
6 39
7 49
8 58
9 102
10 77
11 92
12 76
13 54
14 46
15 30
16 25
17 17
18 9
19 6
20 2
21 2
22 0
23 0
last timestep 23
node 473 iteration 7
0 0
1 1
2 1
3 3
4 13
5 15
6 27
7 18
8 36
9 28
10 47
11 61
12 86
13 87
14 89
15 91
16 64
17 61
18 36
19 35
20 24
21 10
22 16
23 9
24 7
25 3
26 3
27 0
28 0
last timestep 28
node 473 iteration 8
0 0
1 4
2 4
3 6
4 12
5 11
6 19
7 22
8 33
9 53
10 84
11 81
12 91
13 69
14 55
15 59
16 36
17 28
18 16
19 13
20 15
21 14
22 3
23 4
24 3
25 3
26 1
27 1
28 0
29 0
last timestep 29
node 473 iteration 9
0 0
1 0
2 0
last timestep 2
