node 1917 iteration 0
0 0
1 1
2 1
3 1
4 1
5 2
6 0
7 1
8 2
9 3
10 9
11 5
12 4
13 8
14 8
15 15
16 12
17 19
18 35
19 54
20 50
21 58
22 65
23 68
24 72
25 64
26 56
27 65
28 64
29 50
30 39
31 26
32 16
33 12
34 16
35 8
36 3
37 0
last timestep 37
node 1917 iteration 1
0 0
1 2
2 4
3 1
4 3
5 6
6 3
7 3
8 6
9 10
10 21
11 29
12 37
13 56
14 66
15 108
16 102
17 101
18 109
19 82
20 53
21 28
22 23
23 12
24 3
25 3
26 2
27 0
28 0
last timestep 28
node 1917 iteration 2
0 0
1 1
2 1
3 1
4 0
5 0
last timestep 5
node 1917 iteration 3
0 0
1 0
2 0
last timestep 2
node 1917 iteration 4
0 0
1 3
2 3
3 5
4 3
5 6
6 11
7 15
8 31
9 46
10 66
11 103
12 96
13 100
14 107
15 76
16 56
17 43
18 39
19 34
20 28
21 15
22 7
23 10
24 9
25 10
26 4
27 2
28 0
29 0
last timestep 29
node 1917 iteration 5
0 0
1 3
2 3
3 2
4 0
5 1
6 0
last timestep 6
node 1917 iteration 6
0 0
1 0
2 0
last timestep 2
node 1917 iteration 7
0 0
1 2
2 1
3 2
4 7
5 15
6 23
7 37
8 36
9 37
10 61
11 64
12 60
13 65
14 73
15 68
16 47
17 37
18 31
19 18
20 26
21 19
22 19
23 15
24 7
25 0
26 0
last timestep 26
node 1917 iteration 8
0 0
1 1
2 1
3 1
4 0
5 0
last timestep 5
node 1917 iteration 9
0 0
1 2
2 0
3 0
last timestep 3
