node 213 iteration 0
0 0
1 3
2 1
3 1
4 1
5 4
6 11
7 3
8 12
9 24
10 35
11 41
12 56
13 77
14 98
15 93
16 65
17 50
18 49
19 43
20 38
21 21
22 15
23 9
24 9
25 7
26 6
27 5
28 6
29 4
30 0
31 1
32 0
last timestep 32
node 213 iteration 1
0 0
1 1
2 0
3 0
last timestep 3
node 213 iteration 2
0 0
1 3
2 4
3 11
4 5
5 4
6 3
7 4
8 1
9 0
10 0
last timestep 10
node 213 iteration 3
0 0
1 3
2 12
3 21
4 32
5 58
6 58
7 65
8 64
9 68
10 77
11 68
12 56
13 44
14 37
15 17
16 10
17 4
18 6
19 4
20 1
21 5
22 2
23 1
24 0
25 0
last timestep 25
node 213 iteration 4
0 0
1 1
2 7
3 15
4 13
5 13
6 24
7 41
8 32
9 58
10 100
11 105
12 80
13 74
14 59
15 31
16 24
17 25
18 15
19 11
20 7
21 5
22 7
23 11
24 18
25 4
26 1
27 1
28 0
29 0
last timestep 29
node 213 iteration 5
0 0
1 4
2 5
3 7
4 24
5 20
6 22
7 24
8 44
9 54
10 67
11 59
12 57
13 47
14 48
15 29
16 26
17 26
18 20
19 17
20 12
21 6
22 4
23 2
24 1
25 1
26 1
27 2
28 3
29 0
30 0
last timestep 30
node 213 iteration 6
0 0
1 6
2 4
3 3
4 1
5 1
6 1
7 3
8 0
9 0
last timestep 9
node 213 iteration 7
0 0
1 2
2 6
3 5
4 14
5 21
6 25
7 19
8 33
9 52
10 53
11 69
12 69
13 50
14 44
15 30
16 21
17 12
18 12
19 16
20 8
21 6
22 5
23 3
24 3
25 2
26 1
27 2
28 1
29 0
30 0
last timestep 30
node 213 iteration 8
0 0
1 2
2 10
3 26
4 26
5 61
6 56
7 82
8 87
9 101
10 115
11 110
12 64
13 31
14 35
15 14
16 9
17 2
18 4
19 0
20 1
21 0
last timestep 21
node 213 iteration 9
0 0
1 5
2 6
3 11
4 19
5 23
6 40
7 62
8 80
9 94
10 99
11 78
12 59
13 47
14 41
15 43
16 23
17 11
18 3
19 0
20 2
21 0
last timestep 21
