node 1730 iteration 0
0 0
1 6
2 3
3 7
4 6
5 8
6 7
7 4
8 11
9 16
10 37
11 45
12 67
13 83
14 81
15 60
16 70
17 64
18 60
19 56
20 46
21 25
22 25
23 24
24 11
25 3
26 5
27 1
28 0
29 0
last timestep 29
node 1730 iteration 1
0 0
1 1
2 1
3 1
4 0
5 0
last timestep 5
node 1730 iteration 2
0 0
1 0
2 2
3 3
4 2
5 4
6 1
7 1
8 0
last timestep 8
node 1730 iteration 3
0 0
1 0
2 0
last timestep 2
node 1730 iteration 4
0 0
1 1
2 0
3 0
last timestep 3
node 1730 iteration 5
0 0
1 2
2 4
3 12
4 15
5 39
6 57
7 85
8 106
9 121
10 114
11 76
12 74
13 52
14 21
15 15
16 9
17 12
18 6
19 9
20 9
21 5
22 1
23 1
24 2
25 0
26 0
last timestep 26
node 1730 iteration 6
0 0
1 1
2 0
3 0
last timestep 3
node 1730 iteration 7
0 0
1 5
2 6
3 1
4 4
5 9
6 6
7 25
8 19
9 27
10 49
11 71
12 104
13 112
14 100
15 93
16 61
17 41
18 33
19 27
20 13
21 10
22 5
23 3
24 0
25 1
26 1
27 0
last timestep 27
node 1730 iteration 8
0 0
1 2
2 1
3 3
4 5
5 7
6 14
7 21
8 15
9 31
10 44
11 56
12 52
13 55
14 82
15 47
16 52
17 49
18 42
19 37
20 29
21 10
22 4
23 5
24 3
25 5
26 2
27 0
28 0
last timestep 28
node 1730 iteration 9
0 0
1 2
2 4
3 7
4 11
5 29
6 25
7 31
8 42
9 57
10 69
11 78
12 73
13 72
14 71
15 73
16 59
17 31
18 16
19 9
20 3
21 3
22 4
23 1
24 3
25 2
26 1
27 2
28 1
29 0
30 0
last timestep 30
