node 801 iteration 0
0 0
1 4
2 4
3 18
4 30
5 42
6 67
7 77
8 85
9 88
10 73
11 63
12 59
13 58
14 49
15 27
16 24
17 18
18 11
19 6
20 10
21 7
22 6
23 5
24 0
25 0
last timestep 25
node 801 iteration 1
0 0
1 0
2 0
last timestep 2
node 801 iteration 2
0 0
1 3
2 4
3 3
4 9
5 13
6 5
7 11
8 11
9 14
10 11
11 11
12 24
13 34
14 62
15 92
16 88
17 81
18 87
19 84
20 65
21 47
22 29
23 14
24 14
25 15
26 4
27 5
28 5
29 5
30 3
31 1
32 1
33 2
34 0
35 0
last timestep 35
node 801 iteration 3
0 0
1 1
2 2
3 0
4 0
last timestep 4
node 801 iteration 4
0 0
1 3
2 5
3 11
4 9
5 26
6 43
7 74
8 88
9 108
10 95
11 99
12 76
13 82
14 65
15 34
16 26
17 27
18 14
19 10
20 5
21 2
22 0
23 0
last timestep 23
node 801 iteration 5
0 0
1 2
2 1
3 5
4 8
5 17
6 26
7 38
8 30
9 45
10 71
11 98
12 84
13 75
14 79
15 76
16 47
17 31
18 30
19 19
20 20
21 18
22 9
23 4
24 0
25 0
last timestep 25
node 801 iteration 6
0 0
1 1
2 1
3 0
4 0
last timestep 4
node 801 iteration 7
0 0
1 1
2 2
3 0
4 0
last timestep 4
node 801 iteration 8
0 0
1 4
2 5
3 20
4 30
5 42
6 55
7 76
8 89
9 110
10 122
11 81
12 68
13 33
14 21
15 16
16 12
17 6
18 4
19 0
20 3
21 4
22 3
23 2
24 3
25 1
26 1
27 0
last timestep 27
node 801 iteration 9
0 0
1 2
2 0
3 0
last timestep 3
