node 1575 iteration 0
0 0
1 2
2 2
3 2
4 0
5 0
last timestep 5
node 1575 iteration 1
0 0
1 0
2 0
last timestep 2
node 1575 iteration 2
0 0
1 0
2 0
last timestep 2
node 1575 iteration 3
0 0
1 2
2 4
3 7
4 8
5 11
6 10
7 15
8 25
9 34
10 44
11 61
12 66
13 83
14 77
15 55
16 56
17 50
18 27
19 25
20 17
21 18
22 15
23 11
24 7
25 12
26 8
27 4
28 1
29 2
30 0
31 0
last timestep 31
node 1575 iteration 4
0 0
1 1
2 2
3 0
4 0
last timestep 4
node 1575 iteration 5
0 0
1 0
2 0
last timestep 2
node 1575 iteration 6
0 0
1 1
2 5
3 8
4 11
5 23
6 42
7 49
8 62
9 71
10 73
11 74
12 66
13 46
14 38
15 36
16 21
17 29
18 30
19 26
20 22
21 16
22 10
23 6
24 7
25 7
26 6
27 8
28 7
29 5
30 3
31 4
32 0
33 0
last timestep 33
node 1575 iteration 7
0 0
1 2
2 1
3 4
4 6
5 5
6 6
7 8
8 10
9 20
10 39
11 44
12 68
13 73
14 117
15 131
16 104
17 74
18 53
19 26
20 26
21 20
22 8
23 6
24 3
25 3
26 3
27 1
28 0
29 0
last timestep 29
node 1575 iteration 8
0 0
1 0
2 0
last timestep 2
node 1575 iteration 9
0 0
1 2
2 3
3 3
4 5
5 11
6 12
7 14
8 26
9 44
10 42
11 54
12 85
13 99
14 84
15 71
16 77
17 57
18 41
19 34
20 18
21 14
22 7
23 15
24 10
25 4
26 0
27 1
28 0
last timestep 28
