node 2807 iteration 0
0 0
1 3
2 9
3 20
4 16
5 30
6 34
7 53
8 87
9 86
10 90
11 87
12 69
13 58
14 53
15 38
16 27
17 22
18 17
19 6
20 2
21 5
22 3
23 1
24 1
25 1
26 2
27 1
28 0
29 0
last timestep 29
node 2807 iteration 1
0 0
1 1
2 0
3 0
last timestep 3
node 2807 iteration 2
0 0
1 3
2 5
3 3
4 2
5 3
6 12
7 30
8 40
9 76
10 74
11 82
12 110
13 117
14 81
15 78
16 53
17 28
18 18
19 12
20 8
21 3
22 3
23 2
24 1
25 0
26 0
last timestep 26
node 2807 iteration 3
0 0
1 1
2 0
3 0
last timestep 3
node 2807 iteration 4
0 0
1 3
2 3
3 3
4 8
5 3
6 2
7 1
8 2
9 1
10 0
11 0
last timestep 11
node 2807 iteration 5
0 0
1 2
2 1
3 0
4 0
last timestep 4
node 2807 iteration 6
0 0
1 2
2 1
3 1
4 1
5 1
6 1
7 1
8 13
9 13
10 25
11 22
12 29
13 39
14 51
15 71
16 77
17 76
18 61
19 60
20 50
21 45
22 27
23 21
24 15
25 17
26 9
27 7
28 5
29 4
30 5
31 4
32 8
33 1
34 3
35 3
36 3
37 2
38 0
39 0
last timestep 39
node 2807 iteration 7
0 0
1 1
2 2
3 8
4 14
5 23
6 28
7 28
8 30
9 47
10 57
11 69
12 91
13 125
14 103
15 72
16 50
17 38
18 29
19 15
20 7
21 6
22 2
23 1
24 1
25 1
26 0
27 1
28 1
29 1
30 2
31 2
32 1
33 0
last timestep 33
node 2807 iteration 8
0 0
1 2
2 3
3 0
4 1
5 0
last timestep 5
node 2807 iteration 9
0 0
1 1
2 0
3 0
last timestep 3
