node 996 iteration 0
0 0
1 4
2 1
3 1
4 4
5 2
6 1
7 3
8 1
9 0
10 0
last timestep 10
node 996 iteration 1
0 0
1 4
2 1
3 0
4 0
last timestep 4
node 996 iteration 2
0 0
1 2
2 7
3 7
4 20
5 47
6 71
7 86
8 104
9 95
10 94
11 80
12 64
13 51
14 38
15 25
16 19
17 24
18 16
19 15
20 6
21 4
22 6
23 2
24 0
25 0
last timestep 25
node 996 iteration 3
0 0
1 1
2 8
3 9
4 22
5 21
6 24
7 34
8 28
9 45
10 62
11 89
12 63
13 69
14 90
15 56
16 41
17 27
18 19
19 20
20 8
21 7
22 4
23 3
24 0
25 0
last timestep 25
node 996 iteration 4
0 0
1 2
2 4
3 4
4 8
5 12
6 10
7 15
8 26
9 36
10 67
11 82
12 89
13 93
14 75
15 70
16 66
17 45
18 30
19 17
20 13
21 13
22 10
23 5
24 1
25 3
26 6
27 9
28 4
29 2
30 0
31 0
last timestep 31
node 996 iteration 5
0 0
1 3
2 3
3 2
4 4
5 4
6 10
7 19
8 18
9 37
10 37
11 66
12 90
13 98
14 92
15 71
16 63
17 42
18 22
19 20
20 17
21 11
22 16
23 14
24 8
25 11
26 4
27 5
28 3
29 1
30 1
31 0
32 0
last timestep 32
node 996 iteration 6
0 0
1 4
2 4
3 4
4 11
5 15
6 19
7 34
8 27
9 33
10 28
11 41
12 48
13 59
14 68
15 45
16 28
17 34
18 33
19 35
20 29
21 10
22 17
23 12
24 4
25 7
26 5
27 7
28 2
29 0
30 1
31 1
32 2
33 1
34 0
last timestep 34
node 996 iteration 7
0 0
1 3
2 2
3 3
4 3
5 3
6 5
7 13
8 11
9 22
10 42
11 50
12 70
13 76
14 82
15 101
16 89
17 68
18 52
19 25
20 16
21 10
22 6
23 5
24 5
25 8
26 4
27 1
28 0
29 0
last timestep 29
node 996 iteration 8
0 0
1 3
2 2
3 5
4 10
5 17
6 32
7 47
8 61
9 91
10 109
11 103
12 88
13 66
14 27
15 27
16 25
17 12
18 5
19 6
20 4
21 1
22 1
23 1
24 1
25 2
26 1
27 1
28 0
29 0
last timestep 29
node 996 iteration 9
0 0
1 3
2 6
3 10
4 11
5 29
6 43
7 51
8 65
9 68
10 99
11 89
12 80
13 52
14 44
15 38
16 29
17 15
18 7
19 3
20 1
21 0
22 0
last timestep 22
