node 2838 iteration 0
0 0
1 2
2 2
3 0
4 1
5 1
6 0
last timestep 6
node 2838 iteration 1
0 0
1 1
2 0
3 0
last timestep 3
node 2838 iteration 2
0 0
1 2
2 2
3 4
4 3
5 4
6 6
7 6
8 6
9 6
10 4
11 5
12 8
13 6
14 6
15 16
16 10
17 28
18 26
19 59
20 79
21 96
22 67
23 69
24 58
25 48
26 41
27 32
28 37
29 18
30 13
31 12
32 10
33 8
34 4
35 0
36 0
last timestep 36
node 2838 iteration 3
0 0
1 0
2 0
last timestep 2
node 2838 iteration 4
0 0
1 4
2 13
3 10
4 14
5 22
6 33
7 41
8 29
9 44
10 39
11 55
12 60
13 69
14 54
15 57
16 54
17 43
18 32
19 28
20 8
21 8
22 7
23 5
24 3
25 1
26 1
27 0
28 0
last timestep 28
node 2838 iteration 5
0 0
1 2
2 5
3 4
4 1
5 3
6 3
7 7
8 12
9 37
10 46
11 71
12 88
13 101
14 110
15 93
16 76
17 44
18 32
19 15
20 8
21 11
22 4
23 2
24 2
25 4
26 5
27 0
28 0
last timestep 28
node 2838 iteration 6
0 0
1 1
2 0
3 0
last timestep 3
node 2838 iteration 7
0 0
1 1
2 0
3 0
last timestep 3
node 2838 iteration 8
0 0
1 1
2 0
3 0
last timestep 3
node 2838 iteration 9
0 0
1 2
2 2
3 6
4 6
5 5
6 7
7 19
8 23
9 32
10 68
11 93
12 114
13 116
14 106
15 68
16 48
17 37
18 25
19 20
20 14
21 11
22 12
23 9
24 5
25 1
26 1
27 0
28 0
last timestep 28
