node 1285 iteration 0
0 0
1 5
2 5
3 11
4 23
5 30
6 56
7 87
8 96
9 117
10 100
11 80
12 72
13 69
14 33
15 21
16 18
17 11
18 8
19 12
20 9
21 9
22 3
23 3
24 1
25 2
26 1
27 0
28 0
last timestep 28
node 1285 iteration 1
0 0
1 3
2 11
3 13
4 21
5 24
6 21
7 45
8 53
9 67
10 69
11 76
12 71
13 70
14 54
15 41
16 30
17 27
18 26
19 16
20 11
21 10
22 7
23 2
24 1
25 0
26 0
last timestep 26
node 1285 iteration 2
0 0
1 0
2 2
3 4
4 7
5 11
6 21
7 24
8 26
9 33
10 40
11 45
12 51
13 63
14 66
15 74
16 47
17 40
18 50
19 40
20 29
21 31
22 34
23 16
24 15
25 15
26 16
27 11
28 10
29 5
30 3
31 3
32 3
33 2
34 0
last timestep 34
node 1285 iteration 3
0 0
1 1
2 0
3 0
last timestep 3
node 1285 iteration 4
0 0
1 0
2 1
3 1
4 5
5 5
6 8
7 28
8 30
9 27
10 39
11 57
12 56
13 74
14 70
15 65
16 69
17 51
18 50
19 25
20 28
21 19
22 14
23 8
24 2
25 3
26 5
27 0
last timestep 27
node 1285 iteration 5
0 0
1 3
2 2
3 2
4 10
5 10
6 20
7 21
8 36
9 47
10 68
11 82
12 75
13 80
14 65
15 71
16 60
17 45
18 34
19 26
20 14
21 16
22 12
23 4
24 0
25 0
last timestep 25
node 1285 iteration 6
0 0
1 1
2 1
3 3
4 5
5 4
6 10
7 20
8 17
9 32
10 32
11 49
12 60
13 65
14 70
15 83
16 60
17 47
18 48
19 29
20 32
21 22
22 15
23 17
24 15
25 6
26 5
27 5
28 2
29 1
30 1
31 1
32 0
33 0
last timestep 33
node 1285 iteration 7
0 0
1 2
2 3
3 14
4 21
5 38
6 40
7 56
8 68
9 92
10 116
11 119
12 94
13 83
14 71
15 41
16 25
17 20
18 13
19 9
20 4
21 2
22 1
23 0
24 0
last timestep 24
node 1285 iteration 8
0 0
1 3
2 3
3 10
4 12
5 29
6 39
7 64
8 81
9 111
10 110
11 82
12 84
13 65
14 53
15 51
16 34
17 24
18 8
19 0
20 0
last timestep 20
node 1285 iteration 9
0 0
1 1
2 0
3 0
last timestep 3
