node 1804 iteration 0
0 0
1 3
2 6
3 14
4 13
5 29
6 33
7 49
8 73
9 81
10 92
11 91
12 90
13 63
14 56
15 58
16 32
17 36
18 15
19 9
20 5
21 2
22 1
23 1
24 3
25 1
26 1
27 0
28 0
last timestep 28
node 1804 iteration 1
0 0
1 2
2 5
3 11
4 7
5 16
6 15
7 31
8 63
9 71
10 105
11 113
12 93
13 92
14 70
15 49
16 34
17 37
18 14
19 17
20 6
21 1
22 1
23 0
24 0
last timestep 24
node 1804 iteration 2
0 0
1 2
2 7
3 9
4 22
5 29
6 46
7 63
8 77
9 85
10 89
11 82
12 65
13 58
14 42
15 38
16 26
17 12
18 13
19 8
20 3
21 2
22 0
23 0
last timestep 23
node 1804 iteration 3
0 0
1 1
2 0
3 0
last timestep 3
node 1804 iteration 4
0 0
1 2
2 4
3 3
4 5
5 11
6 13
7 11
8 16
9 29
10 54
11 50
12 70
13 73
14 93
15 83
16 70
17 44
18 41
19 27
20 22
21 8
22 8
23 1
24 1
25 2
26 1
27 6
28 7
29 3
30 0
31 0
last timestep 31
node 1804 iteration 5
0 0
1 1
2 2
3 2
4 1
5 0
6 0
last timestep 6
node 1804 iteration 6
0 0
1 2
2 0
3 0
last timestep 3
node 1804 iteration 7
0 0
1 5
2 9
3 12
4 22
5 26
6 24
7 41
8 50
9 58
10 64
11 78
12 78
13 79
14 82
15 59
16 40
17 32
18 19
19 20
20 9
21 6
22 5
23 6
24 6
25 2
26 3
27 4
28 3
29 1
30 1
31 1
32 1
33 0
34 0
last timestep 34
node 1804 iteration 8
0 0
1 5
2 3
3 24
4 22
5 29
6 45
7 57
8 81
9 85
10 90
11 81
12 89
13 68
14 44
15 42
16 24
17 22
18 7
19 4
20 4
21 0
22 0
last timestep 22
node 1804 iteration 9
0 0
1 3
2 2
3 1
4 3
5 2
6 3
7 2
8 5
9 9
10 16
11 20
12 17
13 22
14 24
15 42
16 48
17 63
18 93
19 93
20 81
21 83
22 78
23 72
24 41
25 24
26 10
27 9
28 3
29 3
30 0
31 0
last timestep 31
