node 1688 iteration 0
0 0
1 2
2 1
3 2
4 3
5 21
6 23
7 34
8 53
9 63
10 79
11 89
12 108
13 99
14 77
15 58
16 39
17 28
18 20
19 15
20 9
21 9
22 5
23 2
24 0
25 0
last timestep 25
node 1688 iteration 1
0 0
1 2
2 1
3 1
4 0
5 0
last timestep 5
node 1688 iteration 2
0 0
1 5
2 7
3 4
4 11
5 8
6 5
7 19
8 30
9 24
10 35
11 36
12 45
13 62
14 60
15 72
16 56
17 80
18 51
19 50
20 43
21 20
22 14
23 8
24 6
25 4
26 3
27 1
28 2
29 0
30 0
last timestep 30
node 1688 iteration 3
0 0
1 2
2 1
3 3
4 11
5 15
6 29
7 46
8 52
9 52
10 71
11 83
12 94
13 94
14 68
15 51
16 58
17 33
18 24
19 17
20 13
21 7
22 4
23 4
24 3
25 1
26 0
27 0
last timestep 27
node 1688 iteration 4
0 0
1 1
2 3
3 1
4 0
5 2
6 6
7 9
8 13
9 23
10 33
11 55
12 98
13 87
14 78
15 85
16 60
17 64
18 52
19 46
20 38
21 26
22 22
23 9
24 4
25 2
26 0
last timestep 26
node 1688 iteration 5
0 0
1 2
2 1
3 1
4 3
5 3
6 5
7 10
8 10
9 19
10 14
11 20
12 25
13 40
14 65
15 98
16 112
17 109
18 105
19 68
20 46
21 26
22 12
23 2
24 0
25 0
last timestep 25
node 1688 iteration 6
0 0
1 6
2 10
3 6
4 6
5 7
6 14
7 16
8 23
9 47
10 56
11 62
12 77
13 112
14 108
15 93
16 66
17 35
18 23
19 21
20 14
21 12
22 10
23 9
24 4
25 4
26 2
27 1
28 1
29 2
30 1
31 1
32 1
33 0
34 1
35 0
last timestep 35
node 1688 iteration 7
0 0
1 1
2 0
3 0
last timestep 3
node 1688 iteration 8
0 0
1 2
2 1
3 1
4 1
5 2
6 1
7 5
8 9
9 30
10 42
11 68
12 93
13 114
14 114
15 96
16 67
17 44
18 45
19 35
20 24
21 17
22 9
23 5
24 4
25 1
26 0
27 0
last timestep 27
node 1688 iteration 9
0 0
1 1
2 1
3 0
4 0
last timestep 4
