node 999 iteration 0
0 0
1 2
2 3
3 5
4 8
5 15
6 24
7 54
8 47
9 63
10 101
11 102
12 113
13 104
14 72
15 46
16 29
17 23
18 21
19 8
20 5
21 6
22 4
23 1
24 0
25 1
26 1
27 0
last timestep 27
node 999 iteration 1
0 0
1 1
2 0
3 0
last timestep 3
node 999 iteration 2
0 0
1 1
2 1
3 2
4 6
5 3
6 5
7 4
8 10
9 18
10 27
11 31
12 30
13 41
14 39
15 60
16 68
17 66
18 55
19 67
20 61
21 66
22 46
23 39
24 31
25 9
26 8
27 7
28 4
29 4
30 2
31 3
32 1
33 2
34 2
35 2
36 1
37 0
38 0
last timestep 38
node 999 iteration 3
0 0
1 1
2 7
3 13
4 21
5 30
6 42
7 51
8 74
9 80
10 79
11 73
12 62
13 50
14 40
15 38
16 20
17 8
18 6
19 6
20 3
21 1
22 2
23 0
24 1
25 0
last timestep 25
node 999 iteration 4
0 0
1 5
2 18
3 19
4 34
5 58
6 66
7 85
8 88
9 82
10 77
11 67
12 47
13 33
14 27
15 15
16 12
17 7
18 10
19 4
20 4
21 5
22 3
23 1
24 1
25 0
26 0
last timestep 26
node 999 iteration 5
0 0
1 2
2 2
3 8
4 7
5 7
6 12
7 27
8 44
9 56
10 52
11 66
12 80
13 85
14 79
15 62
16 56
17 48
18 61
19 34
20 18
21 7
22 5
23 7
24 2
25 0
26 0
last timestep 26
node 999 iteration 6
0 0
1 0
2 0
last timestep 2
node 999 iteration 7
0 0
1 1
2 0
3 0
last timestep 3
node 999 iteration 8
0 0
1 1
2 0
3 0
last timestep 3
node 999 iteration 9
0 0
1 5
2 10
3 9
4 22
5 15
6 46
7 56
8 82
9 83
10 115
11 99
12 78
13 56
14 46
15 33
16 18
17 7
18 5
19 2
20 2
21 2
22 1
23 0
24 0
last timestep 24
