node 1019 iteration 0
0 0
1 9
2 10
3 17
4 21
5 20
6 27
7 39
8 55
9 78
10 79
11 81
12 101
13 84
14 51
15 44
16 41
17 29
18 20
19 13
20 8
21 5
22 7
23 1
24 0
25 0
last timestep 25
node 1019 iteration 1
0 0
1 9
2 17
3 26
4 32
5 44
6 49
7 76
8 79
9 82
10 84
11 64
12 55
13 45
14 51
15 33
16 28
17 20
18 11
19 6
20 6
21 4
22 4
23 1
24 0
25 0
last timestep 25
node 1019 iteration 2
0 0
1 6
2 8
3 10
4 15
5 20
6 13
7 16
8 25
9 23
10 34
11 34
12 63
13 70
14 63
15 92
16 84
17 76
18 54
19 43
20 39
21 19
22 11
23 7
24 4
25 2
26 2
27 0
28 0
last timestep 28
node 1019 iteration 3
0 0
1 11
2 9
3 37
4 32
5 40
6 59
7 80
8 105
9 100
10 79
11 65
12 65
13 51
14 26
15 11
16 10
17 7
18 4
19 2
20 3
21 3
22 2
23 0
24 0
last timestep 24
node 1019 iteration 4
0 0
1 5
2 8
3 8
4 19
5 24
6 16
7 16
8 17
9 25
10 25
11 33
12 51
13 61
14 90
15 98
16 76
17 80
18 43
19 30
20 15
21 20
22 9
23 3
24 0
25 2
26 1
27 2
28 0
last timestep 28
node 1019 iteration 5
0 0
1 9
2 20
3 36
4 55
5 58
6 79
7 96
8 79
9 72
10 61
11 49
12 37
13 38
14 45
15 45
16 36
17 13
18 5
19 2
20 1
21 1
22 0
23 0
last timestep 23
node 1019 iteration 6
0 0
1 9
2 19
3 18
4 25
5 43
6 51
7 68
8 60
9 84
10 64
11 51
12 53
13 50
14 28
15 23
16 15
17 9
18 4
19 3
20 3
21 0
22 1
23 1
24 0
last timestep 24
node 1019 iteration 7
0 0
1 5
2 8
3 9
4 16
5 26
6 45
7 72
8 109
9 129
10 130
11 119
12 83
13 64
14 57
15 44
16 15
17 7
18 6
19 6
20 4
21 4
22 0
23 0
last timestep 23
node 1019 iteration 8
0 0
1 8
2 8
3 14
4 15
5 24
6 33
7 41
8 35
9 38
10 65
11 81
12 85
13 85
14 84
15 59
16 53
17 45
18 32
19 12
20 13
21 7
22 6
23 3
24 3
25 3
26 1
27 1
28 2
29 1
30 0
31 0
last timestep 31
node 1019 iteration 9
0 0
1 8
2 9
3 12
4 10
5 11
6 8
7 7
8 8
9 13
10 4
11 7
12 10
13 17
14 15
15 24
16 24
17 22
18 13
19 17
20 36
21 18
22 27
23 23
24 22
25 18
26 13
27 16
28 15
29 21
30 13
31 19
32 18
33 16
34 6
35 5
36 1
37 1
38 2
39 7
40 3
41 3
42 4
43 2
44 0
45 0
last timestep 45
