node 1219 iteration 0
0 0
1 3
2 4
3 2
4 10
5 9
6 13
7 17
8 23
9 46
10 60
11 45
12 58
13 79
14 88
15 84
16 68
17 58
18 48
19 29
20 19
21 2
22 1
23 0
24 0
last timestep 24
node 1219 iteration 1
0 0
1 3
2 9
3 9
4 19
5 35
6 43
7 78
8 99
9 118
10 105
11 98
12 90
13 61
14 45
15 26
16 6
17 6
18 4
19 2
20 2
21 0
22 0
last timestep 22
node 1219 iteration 2
0 0
1 5
2 11
3 37
4 56
5 77
6 89
7 115
8 84
9 81
10 62
11 57
12 48
13 29
14 21
15 25
16 14
17 6
18 4
19 3
20 1
21 0
22 0
last timestep 22
node 1219 iteration 3
0 0
1 1
2 1
3 0
4 0
last timestep 4
node 1219 iteration 4
0 0
1 3
2 2
3 4
4 6
5 15
6 14
7 28
8 25
9 49
10 57
11 69
12 70
13 70
14 70
15 65
16 50
17 36
18 34
19 22
20 21
21 14
22 11
23 6
24 4
25 1
26 0
27 1
28 0
last timestep 28
node 1219 iteration 5
0 0
1 0
2 0
last timestep 2
node 1219 iteration 6
0 0
1 1
2 2
3 1
4 0
5 0
last timestep 5
node 1219 iteration 7
0 0
1 3
2 5
3 7
4 13
5 17
6 21
7 20
8 29
9 24
10 27
11 41
12 52
13 71
14 66
15 76
16 59
17 53
18 53
19 48
20 30
21 26
22 22
23 16
24 3
25 0
26 0
last timestep 26
node 1219 iteration 8
0 0
1 1
2 1
3 3
4 3
5 5
6 3
7 5
8 1
9 6
10 11
11 15
12 26
13 39
14 63
15 70
16 76
17 71
18 78
19 67
20 55
21 44
22 52
23 52
24 29
25 26
26 20
27 12
28 8
29 11
30 5
31 7
32 5
33 2
34 2
35 4
36 3
37 2
38 3
39 2
40 5
41 3
42 2
43 1
44 0
45 0
last timestep 45
node 1219 iteration 9
0 0
1 2
2 0
3 0
last timestep 3
