node 757 iteration 0
0 0
1 0
2 1
3 0
last timestep 3
node 757 iteration 1
0 0
1 2
2 4
3 7
4 15
5 24
6 44
7 46
8 63
9 83
10 95
11 102
12 95
13 89
14 63
15 42
16 23
17 9
18 9
19 1
20 0
21 0
last timestep 21
node 757 iteration 2
0 0
1 2
2 2
3 1
4 3
5 12
6 12
7 17
8 50
9 62
10 107
11 121
12 133
13 102
14 57
15 46
16 31
17 29
18 22
19 16
20 7
21 4
22 3
23 1
24 2
25 0
26 0
last timestep 26
node 757 iteration 3
0 0
1 3
2 1
3 1
4 0
5 0
last timestep 5
node 757 iteration 4
0 0
1 1
2 8
3 18
4 8
5 20
6 31
7 43
8 55
9 72
10 77
11 82
12 85
13 60
14 58
15 48
16 26
17 19
18 20
19 7
20 5
21 4
22 4
23 0
24 0
last timestep 24
node 757 iteration 5
0 0
1 0
2 0
last timestep 2
node 757 iteration 6
0 0
1 1
2 1
3 2
4 0
5 0
last timestep 5
node 757 iteration 7
0 0
1 5
2 9
3 16
4 21
5 20
6 32
7 70
8 105
9 115
10 118
11 105
12 101
13 69
14 45
15 35
16 18
17 20
18 17
19 6
20 9
21 10
22 5
23 2
24 0
25 0
last timestep 25
node 757 iteration 8
0 0
1 3
2 3
3 9
4 13
5 25
6 37
7 40
8 63
9 79
10 117
11 122
12 102
13 64
14 56
15 56
16 31
17 23
18 5
19 5
20 2
21 1
22 2
23 4
24 4
25 3
26 5
27 3
28 1
29 3
30 0
31 0
last timestep 31
node 757 iteration 9
0 0
1 5
2 4
3 4
4 9
5 15
6 25
7 53
8 69
9 84
10 89
11 87
12 104
13 89
14 69
15 40
16 38
17 17
18 18
19 9
20 4
21 3
22 4
23 2
24 4
25 2
26 0
27 0
last timestep 27
