node 711 iteration 0
0 0
1 4
2 5
3 9
4 6
5 17
6 14
7 26
8 36
9 61
10 63
11 67
12 71
13 73
14 63
15 56
16 58
17 47
18 42
19 21
20 15
21 15
22 11
23 8
24 8
25 5
26 2
27 5
28 2
29 1
30 0
31 0
last timestep 31
node 711 iteration 1
0 0
1 5
2 10
3 27
4 19
5 31
6 25
7 44
8 58
9 68
10 68
11 67
12 60
13 55
14 41
15 38
16 27
17 19
18 17
19 16
20 7
21 8
22 8
23 5
24 3
25 6
26 5
27 4
28 4
29 1
30 1
31 3
32 4
33 1
34 0
35 0
last timestep 35
node 711 iteration 2
0 0
1 5
2 6
3 25
4 29
5 39
6 63
7 60
8 62
9 55
10 57
11 47
12 52
13 53
14 27
15 38
16 31
17 22
18 22
19 22
20 8
21 8
22 4
23 2
24 2
25 5
26 4
27 4
28 4
29 3
30 5
31 4
32 0
33 0
last timestep 33
node 711 iteration 3
0 0
1 2
2 3
3 4
4 1
5 1
6 0
7 0
last timestep 7
node 711 iteration 4
0 0
1 2
2 7
3 12
4 22
5 37
6 52
7 61
8 87
9 101
10 90
11 90
12 62
13 58
14 49
15 36
16 22
17 14
18 7
19 5
20 2
21 1
22 2
23 0
24 0
last timestep 24
node 711 iteration 5
0 0
1 4
2 4
3 7
4 15
5 19
6 16
7 34
8 35
9 65
10 59
11 65
12 79
13 87
14 66
15 62
16 56
17 45
18 33
19 17
20 15
21 9
22 4
23 0
24 0
last timestep 24
node 711 iteration 6
0 0
1 6
2 2
3 2
4 3
5 2
6 4
7 1
8 2
9 1
10 0
11 0
last timestep 11
node 711 iteration 7
0 0
1 5
2 2
3 3
4 7
5 24
6 29
7 55
8 62
9 83
10 90
11 106
12 97
13 94
14 69
15 64
16 42
17 17
18 15
19 4
20 4
21 4
22 4
23 1
24 0
25 0
last timestep 25
node 711 iteration 8
0 0
1 6
2 14
3 13
4 25
5 34
6 46
7 70
8 102
9 123
10 97
11 69
12 48
13 53
14 35
15 20
16 19
17 4
18 4
19 3
20 1
21 0
22 0
last timestep 22
node 711 iteration 9
0 0
1 7
2 10
3 14
4 12
5 22
6 39
7 59
8 73
9 80
10 97
11 91
12 65
13 53
14 34
15 24
16 17
17 10
18 4
19 4
20 1
21 2
22 1
23 0
24 1
25 0
last timestep 25
