node 1421 iteration 0
0 0
1 3
2 5
3 4
4 2
5 3
6 6
7 11
8 17
9 26
10 19
11 28
12 27
13 44
14 50
15 60
16 67
17 58
18 72
19 65
20 63
21 39
22 16
23 15
24 6
25 2
26 6
27 2
28 3
29 1
30 1
31 0
32 0
last timestep 32
node 1421 iteration 1
0 0
1 3
2 6
3 7
4 7
5 17
6 24
7 33
8 37
9 56
10 50
11 65
12 59
13 59
14 55
15 56
16 57
17 41
18 35
19 25
20 25
21 26
22 10
23 8
24 6
25 6
26 3
27 2
28 1
29 0
30 0
last timestep 30
node 1421 iteration 2
0 0
1 1
2 1
3 0
4 1
5 3
6 2
7 3
8 2
9 3
10 5
11 9
12 11
13 25
14 29
15 39
16 46
17 56
18 53
19 71
20 76
21 76
22 78
23 73
24 43
25 33
26 29
27 19
28 18
29 18
30 17
31 11
32 5
33 3
34 3
35 3
36 0
last timestep 36
node 1421 iteration 3
0 0
1 1
2 0
3 0
last timestep 3
node 1421 iteration 4
0 0
1 1
2 0
3 0
last timestep 3
node 1421 iteration 5
0 0
1 1
2 1
3 2
4 3
5 5
6 5
7 9
8 17
9 18
10 24
11 22
12 35
13 53
14 75
15 97
16 123
17 91
18 72
19 62
20 46
21 35
22 28
23 22
24 12
25 11
26 7
27 1
28 1
29 0
30 0
last timestep 30
node 1421 iteration 6
0 0
1 4
2 1
3 9
4 12
5 11
6 10
7 18
8 18
9 33
10 42
11 72
12 87
13 91
14 90
15 94
16 79
17 73
18 47
19 40
20 23
21 12
22 8
23 8
24 2
25 2
26 3
27 4
28 2
29 1
30 1
31 0
32 0
last timestep 32
node 1421 iteration 7
0 0
1 1
2 0
3 0
last timestep 3
node 1421 iteration 8
0 0
1 2
2 6
3 8
4 22
5 27
6 28
7 54
8 76
9 119
10 97
11 86
12 69
13 70
14 48
15 40
16 30
17 19
18 9
19 7
20 4
21 1
22 4
23 6
24 2
25 2
26 3
27 1
28 1
29 0
30 0
last timestep 30
node 1421 iteration 9
0 0
1 2
2 4
3 13
4 16
5 25
6 28
7 46
8 71
9 97
10 122
11 114
12 81
13 61
14 31
15 22
16 19
17 5
18 10
19 5
20 0
21 1
22 3
23 1
24 6
25 3
26 3
27 3
28 1
29 2
30 2
31 2
32 3
33 0
last timestep 33
