node 1321 iteration 0
0 0
1 7
2 11
3 16
4 17
5 20
6 32
7 36
8 63
9 72
10 95
11 81
12 86
13 83
14 62
15 50
16 45
17 25
18 24
19 18
20 15
21 9
22 3
23 2
24 6
25 4
26 2
27 1
28 3
29 1
30 0
31 0
last timestep 31
node 1321 iteration 1
0 0
1 1
2 0
3 0
last timestep 3
node 1321 iteration 2
0 0
1 2
2 0
3 0
last timestep 3
node 1321 iteration 3
0 0
1 3
2 6
3 9
4 16
5 7
6 17
7 35
8 35
9 41
10 58
11 56
12 64
13 74
14 54
15 52
16 53
17 49
18 39
19 22
20 16
21 17
22 11
23 10
24 20
25 8
26 3
27 2
28 1
29 0
30 0
last timestep 30
node 1321 iteration 4
0 0
1 1
2 0
3 0
last timestep 3
node 1321 iteration 5
0 0
1 1
2 6
3 11
4 22
5 29
6 42
7 76
8 93
9 86
10 109
11 118
12 93
13 57
14 56
15 36
16 17
17 14
18 4
19 2
20 1
21 1
22 0
23 0
last timestep 23
node 1321 iteration 6
0 0
1 3
2 0
3 0
last timestep 3
node 1321 iteration 7
0 0
1 0
2 0
last timestep 2
node 1321 iteration 8
0 0
1 0
2 0
last timestep 2
node 1321 iteration 9
0 0
1 2
2 2
3 9
4 5
5 7
6 12
7 14
8 30
9 52
10 87
11 112
12 126
13 128
14 69
15 68
16 56
17 51
18 30
19 23
20 14
21 9
22 11
23 6
24 3
25 1
26 2
27 1
28 1
29 0
30 1
31 0
last timestep 31
