node 358 iteration 0
0 0
1 4
2 12
3 24
4 39
5 56
6 81
7 100
8 84
9 85
10 64
11 53
12 34
13 13
14 14
15 5
16 1
17 2
18 0
19 0
last timestep 19
node 358 iteration 1
0 0
1 1
2 0
3 0
last timestep 3
node 358 iteration 2
0 0
1 2
2 2
3 0
4 0
last timestep 4
node 358 iteration 3
0 0
1 1
2 0
3 0
last timestep 3
node 358 iteration 4
0 0
1 5
2 13
3 21
4 45
5 49
6 62
7 84
8 84
9 106
10 112
11 90
12 72
13 58
14 42
15 29
16 20
17 7
18 3
19 2
20 0
21 0
last timestep 21
node 358 iteration 5
0 0
1 3
2 4
3 1
4 0
5 0
last timestep 5
node 358 iteration 6
0 0
1 1
2 4
3 4
4 5
5 8
6 13
7 33
8 47
9 75
10 101
11 115
12 96
13 77
14 77
15 49
16 45
17 22
18 20
19 8
20 9
21 6
22 5
23 5
24 5
25 2
26 3
27 2
28 0
29 0
last timestep 29
node 358 iteration 7
0 0
1 2
2 0
3 0
last timestep 3
node 358 iteration 8
0 0
1 1
2 2
3 1
4 3
5 3
6 7
7 12
8 21
9 26
10 35
11 35
12 45
13 39
14 64
15 69
16 86
17 66
18 55
19 36
20 34
21 19
22 15
23 16
24 16
25 7
26 4
27 3
28 0
29 0
last timestep 29
node 358 iteration 9
0 0
1 3
2 4
3 7
4 8
5 6
6 9
7 22
8 25
9 36
10 40
11 57
12 72
13 72
14 89
15 65
16 73
17 64
18 48
19 26
20 20
21 17
22 13
23 11
24 13
25 7
26 9
27 5
28 2
29 3
30 0
31 0
last timestep 31
