node 1714 iteration 0
0 0
1 5
2 8
3 10
4 13
5 29
6 41
7 72
8 94
9 73
10 64
11 59
12 61
13 52
14 42
15 30
16 15
17 8
18 11
19 11
20 13
21 10
22 2
23 1
24 1
25 0
26 0
last timestep 26
node 1714 iteration 1
0 0
1 1
2 5
3 9
4 9
5 20
6 34
7 35
8 80
9 102
10 117
11 125
12 117
13 94
14 46
15 35
16 27
17 20
18 14
19 4
20 6
21 4
22 0
23 0
last timestep 23
node 1714 iteration 2
0 0
1 3
2 3
3 21
4 28
5 43
6 45
7 82
8 70
9 80
10 60
11 63
12 62
13 63
14 54
15 46
16 40
17 31
18 33
19 15
20 8
21 6
22 4
23 4
24 0
25 1
26 0
last timestep 26
node 1714 iteration 3
0 0
1 2
2 1
3 3
4 1
5 4
6 2
7 3
8 6
9 8
10 9
11 6
12 3
13 2
14 2
15 3
16 4
17 6
18 9
19 10
20 16
21 31
22 53
23 65
24 88
25 85
26 79
27 92
28 59
29 45
30 42
31 25
32 19
33 14
34 10
35 3
36 3
37 3
38 1
39 1
40 0
41 0
last timestep 41
node 1714 iteration 4
0 0
1 1
2 4
3 3
4 2
5 5
6 2
7 5
8 8
9 17
10 17
11 28
12 48
13 70
14 76
15 80
16 85
17 105
18 81
19 54
20 36
21 34
22 21
23 10
24 10
25 6
26 2
27 1
28 0
29 0
last timestep 29
node 1714 iteration 5
0 0
1 4
2 1
3 3
4 8
5 16
6 18
7 23
8 28
9 47
10 56
11 66
12 67
13 45
14 57
15 50
16 62
17 62
18 42
19 40
20 28
21 12
22 8
23 4
24 1
25 6
26 1
27 2
28 0
29 0
last timestep 29
node 1714 iteration 6
0 0
1 1
2 4
3 2
4 5
5 7
6 14
7 29
8 43
9 54
10 66
11 93
12 100
13 108
14 95
15 93
16 64
17 50
18 40
19 28
20 20
21 11
22 4
23 1
24 2
25 0
26 0
last timestep 26
node 1714 iteration 7
0 0
1 3
2 11
3 12
4 5
5 5
6 5
7 11
8 20
9 22
10 35
11 36
12 35
13 35
14 43
15 76
16 78
17 71
18 99
19 85
20 61
21 42
22 48
23 30
24 28
25 21
26 11
27 7
28 8
29 1
30 2
31 0
32 0
last timestep 32
node 1714 iteration 8
0 0
1 2
2 1
3 1
4 0
5 0
last timestep 5
node 1714 iteration 9
0 0
1 1
2 0
3 0
last timestep 3
