node 2248 iteration 0
0 0
1 4
2 7
3 23
4 42
5 40
6 49
7 60
8 59
9 78
10 70
11 60
12 58
13 57
14 51
15 30
16 20
17 16
18 11
19 15
20 9
21 20
22 9
23 8
24 6
25 2
26 0
27 0
last timestep 27
node 2248 iteration 1
0 0
1 6
2 6
3 8
4 4
5 9
6 20
7 19
8 40
9 47
10 51
11 63
12 77
13 85
14 67
15 67
16 60
17 57
18 53
19 27
20 29
21 11
22 4
23 4
24 1
25 0
26 0
last timestep 26
node 2248 iteration 2
0 0
1 1
2 0
3 0
last timestep 3
node 2248 iteration 3
0 0
1 6
2 12
3 16
4 33
5 49
6 42
7 41
8 50
9 54
10 36
11 47
12 47
13 43
14 42
15 28
16 25
17 16
18 21
19 23
20 16
21 7
22 6
23 7
24 7
25 3
26 3
27 2
28 0
29 0
last timestep 29
node 2248 iteration 4
0 0
1 4
2 1
3 0
4 0
last timestep 4
node 2248 iteration 5
0 0
1 5
2 2
3 20
4 24
5 29
6 47
7 63
8 70
9 72
10 73
11 61
12 68
13 49
14 48
15 34
16 22
17 16
18 10
19 14
20 14
21 18
22 7
23 4
24 2
25 0
26 0
last timestep 26
node 2248 iteration 6
0 0
1 1
2 1
3 6
4 17
5 18
6 24
7 28
8 60
9 85
10 96
11 97
12 88
13 89
14 52
15 32
16 28
17 30
18 24
19 17
20 9
21 5
22 2
23 2
24 0
25 0
last timestep 25
node 2248 iteration 7
0 0
1 5
2 3
3 6
4 12
5 16
6 44
7 52
8 71
9 77
10 94
11 86
12 78
13 61
14 63
15 50
16 51
17 42
18 38
19 22
20 18
21 16
22 3
23 2
24 0
25 0
last timestep 25
node 2248 iteration 8
0 0
1 3
2 2
3 7
4 1
5 4
6 7
7 11
8 14
9 32
10 36
11 62
12 72
13 82
14 76
15 99
16 78
17 58
18 36
19 30
20 20
21 14
22 10
23 5
24 3
25 0
26 0
last timestep 26
node 2248 iteration 9
0 0
1 3
2 2
3 6
4 14
5 13
6 26
7 53
8 79
9 98
10 100
11 122
12 100
13 59
14 48
15 27
16 25
17 20
18 9
19 9
20 8
21 7
22 3
23 1
24 2
25 1
26 0
27 0
last timestep 27
