node 2167 iteration 0
0 0
1 2
2 2
3 7
4 11
5 10
6 18
7 33
8 33
9 48
10 53
11 61
12 64
13 51
14 54
15 39
16 32
17 27
18 41
19 32
20 31
21 22
22 22
23 15
24 10
25 8
26 5
27 2
28 1
29 3
30 2
31 4
32 1
33 3
34 4
35 4
36 6
37 3
38 1
39 0
40 0
last timestep 40
node 2167 iteration 1
0 0
1 6
2 12
3 11
4 16
5 15
6 18
7 25
8 27
9 33
10 62
11 74
12 74
13 78
14 88
15 77
16 78
17 56
18 45
19 24
20 20
21 11
22 4
23 1
24 2
25 2
26 0
27 0
last timestep 27
node 2167 iteration 2
0 0
1 1
2 0
3 0
last timestep 3
node 2167 iteration 3
0 0
1 1
2 0
3 0
last timestep 3
node 2167 iteration 4
0 0
1 6
2 9
3 5
4 9
5 8
6 12
7 19
8 42
9 50
10 53
11 65
12 54
13 65
14 53
15 47
16 33
17 18
18 26
19 28
20 19
21 13
22 11
23 8
24 6
25 5
26 7
27 7
28 5
29 1
30 1
31 3
32 2
33 4
34 1
35 0
36 0
last timestep 36
node 2167 iteration 5
0 0
1 1
2 12
3 15
4 23
5 43
6 68
7 76
8 74
9 97
10 74
11 65
12 52
13 40
14 20
15 18
16 17
17 6
18 2
19 1
20 0
21 0
last timestep 21
node 2167 iteration 6
0 0
1 5
2 9
3 28
4 34
5 35
6 39
7 60
8 60
9 76
10 77
11 75
12 55
13 52
14 41
15 25
16 27
17 17
18 13
19 6
20 3
21 4
22 2
23 0
24 0
last timestep 24
node 2167 iteration 7
0 0
1 3
2 3
3 2
4 4
5 2
6 4
7 4
8 4
9 14
10 24
11 52
12 59
13 99
14 105
15 103
16 89
17 77
18 61
19 54
20 56
21 29
22 18
23 10
24 11
25 7
26 0
27 2
28 1
29 1
30 0
last timestep 30
node 2167 iteration 8
0 0
1 1
2 1
3 6
4 5
5 12
6 25
7 42
8 53
9 59
10 72
11 77
12 71
13 81
14 59
15 64
16 59
17 60
18 36
19 21
20 10
21 7
22 6
23 6
24 1
25 0
26 0
last timestep 26
node 2167 iteration 9
0 0
1 3
2 3
3 5
4 11
5 17
6 20
7 20
8 23
9 28
10 36
11 49
12 56
13 51
14 76
15 70
16 69
17 57
18 48
19 48
20 20
21 25
22 8
23 17
24 9
25 4
26 0
27 2
28 1
29 2
30 0
last timestep 30
