node 1008 iteration 0
0 0
1 7
2 6
3 14
4 24
5 39
6 57
7 60
8 73
9 68
10 92
11 62
12 73
13 60
14 45
15 44
16 22
17 16
18 8
19 6
20 1
21 1
22 0
23 0
last timestep 23
node 1008 iteration 1
0 0
1 2
2 2
3 2
4 0
5 0
last timestep 5
node 1008 iteration 2
0 0
1 1
2 1
3 0
4 0
last timestep 4
node 1008 iteration 3
0 0
1 3
2 9
3 16
4 21
5 23
6 46
7 58
8 84
9 113
10 92
11 87
12 69
13 44
14 30
15 26
16 16
17 12
18 6
19 3
20 5
21 3
22 5
23 0
24 0
last timestep 24
node 1008 iteration 4
0 0
1 3
2 3
3 1
4 2
5 3
6 5
7 8
8 21
9 36
10 50
11 92
12 107
13 116
14 111
15 78
16 67
17 44
18 39
19 17
20 13
21 5
22 3
23 1
24 0
25 0
last timestep 25
node 1008 iteration 5
0 0
1 3
2 1
3 2
4 4
5 5
6 8
7 7
8 12
9 10
10 4
11 14
12 23
13 46
14 67
15 82
16 108
17 101
18 93
19 71
20 53
21 39
22 38
23 27
24 17
25 7
26 4
27 2
28 1
29 0
30 0
last timestep 30
node 1008 iteration 6
0 0
1 6
2 24
3 30
4 60
5 97
6 82
7 94
8 88
9 87
10 66
11 44
12 32
13 28
14 9
15 13
16 10
17 7
18 2
19 5
20 5
21 0
22 0
last timestep 22
node 1008 iteration 7
0 0
1 3
2 2
3 0
4 0
last timestep 4
node 1008 iteration 8
0 0
1 7
2 9
3 17
4 34
5 34
6 49
7 60
8 85
9 86
10 89
11 78
12 72
13 42
14 45
15 27
16 23
17 6
18 5
19 4
20 3
21 0
22 0
last timestep 22
node 1008 iteration 9
0 0
1 3
2 2
3 2
4 4
5 4
6 6
7 1
8 0
9 0
last timestep 9
