node 1040 iteration 0
0 0
1 3
2 6
3 6
4 2
5 9
6 9
7 18
8 44
9 83
10 87
11 108
12 131
13 104
14 83
15 51
16 40
17 26
18 20
19 11
20 9
21 4
22 0
23 0
last timestep 23
node 1040 iteration 1
0 0
1 2
2 2
3 2
4 6
5 15
6 10
7 17
8 26
9 40
10 48
11 62
12 92
13 78
14 89
15 61
16 54
17 53
18 46
19 32
20 19
21 16
22 7
23 6
24 5
25 5
26 4
27 4
28 0
29 0
last timestep 29
node 1040 iteration 2
0 0
1 1
2 1
3 0
4 0
last timestep 4
node 1040 iteration 3
0 0
1 5
2 6
3 4
4 3
5 0
6 0
last timestep 6
node 1040 iteration 4
0 0
1 2
2 0
3 0
last timestep 3
node 1040 iteration 5
0 0
1 4
2 5
3 12
4 12
5 36
6 73
7 114
8 118
9 115
10 91
11 81
12 73
13 41
14 26
15 18
16 11
17 10
18 2
19 2
20 1
21 0
22 0
last timestep 22
node 1040 iteration 6
0 0
1 5
2 14
3 18
4 29
5 46
6 49
7 69
8 79
9 105
10 104
11 87
12 61
13 42
14 43
15 29
16 18
17 8
18 6
19 8
20 3
21 1
22 1
23 1
24 0
25 0
last timestep 25
node 1040 iteration 7
0 0
1 2
2 2
3 5
4 16
5 21
6 25
7 43
8 52
9 105
10 121
11 131
12 108
13 78
14 55
15 32
16 13
17 10
18 4
19 3
20 0
21 0
last timestep 21
node 1040 iteration 8
0 0
1 4
2 8
3 12
4 14
5 28
6 42
7 66
8 105
9 118
10 109
11 102
12 73
13 44
14 28
15 24
16 20
17 11
18 6
19 2
20 2
21 2
22 1
23 0
24 0
last timestep 24
node 1040 iteration 9
0 0
1 3
2 2
3 3
4 5
5 18
6 21
7 27
8 43
9 65
10 63
11 90
12 77
13 68
14 60
15 49
16 41
17 39
18 21
19 18
20 17
21 13
22 5
23 6
24 4
25 0
26 0
last timestep 26
