node 590 iteration 0
0 0
1 5
2 6
3 12
4 33
5 39
6 62
7 76
8 81
9 84
10 85
11 73
12 51
13 41
14 34
15 45
16 29
17 13
18 4
19 5
20 5
21 0
22 1
23 0
last timestep 23
node 590 iteration 1
0 0
1 1
2 0
3 0
last timestep 3
node 590 iteration 2
0 0
1 2
2 1
3 4
4 7
5 16
6 11
7 14
8 26
9 48
10 50
11 67
12 101
13 86
14 77
15 75
16 70
17 52
18 49
19 33
20 27
21 20
22 9
23 7
24 7
25 3
26 5
27 2
28 2
29 1
30 1
31 0
32 0
last timestep 32
node 590 iteration 3
0 0
1 6
2 5
3 6
4 11
5 8
6 29
7 34
8 58
9 74
10 89
11 92
12 89
13 88
14 62
15 53
16 21
17 12
18 10
19 7
20 3
21 4
22 4
23 0
24 1
25 2
26 2
27 0
last timestep 27
node 590 iteration 4
0 0
1 2
2 2
3 0
4 0
last timestep 4
node 590 iteration 5
0 0
1 0
2 0
last timestep 2
node 590 iteration 6
0 0
1 2
2 1
3 0
4 0
last timestep 4
node 590 iteration 7
0 0
1 4
2 8
3 8
4 21
5 30
6 48
7 83
8 84
9 84
10 85
11 90
12 59
13 50
14 32
15 23
16 18
17 6
18 3
19 5
20 6
21 7
22 3
23 0
24 3
25 0
last timestep 25
node 590 iteration 8
0 0
1 4
2 2
3 4
4 3
5 5
6 5
7 6
8 17
9 38
10 32
11 61
12 68
13 82
14 83
15 94
16 73
17 60
18 47
19 31
20 17
21 11
22 12
23 9
24 4
25 3
26 2
27 0
28 0
last timestep 28
node 590 iteration 9
0 0
1 2
2 0
3 0
last timestep 3
