node 120 iteration 0
0 0
1 7
2 8
3 20
4 25
5 33
6 50
7 53
8 43
9 41
10 40
11 55
12 64
13 56
14 75
15 65
16 40
17 39
18 21
19 23
20 9
21 8
22 2
23 4
24 0
25 0
last timestep 25
node 120 iteration 1
0 0
1 1
2 2
3 1
4 1
5 0
6 0
last timestep 6
node 120 iteration 2
0 0
1 9
2 12
3 16
4 27
5 38
6 59
7 76
8 110
9 110
10 108
11 86
12 63
13 50
14 28
15 21
16 22
17 16
18 15
19 19
20 14
21 5
22 0
23 0
last timestep 23
node 120 iteration 3
0 0
1 6
2 9
3 16
4 31
5 37
6 56
7 71
8 80
9 86
10 81
11 86
12 78
13 54
14 39
15 26
16 17
17 8
18 7
19 2
20 2
21 3
22 7
23 3
24 1
25 0
26 0
last timestep 26
node 120 iteration 4
0 0
1 8
2 2
3 1
4 3
5 2
6 8
7 6
8 11
9 15
10 30
11 52
12 70
13 85
14 99
15 104
16 85
17 69
18 46
19 29
20 27
21 20
22 10
23 6
24 4
25 5
26 2
27 0
28 0
last timestep 28
node 120 iteration 5
0 0
1 4
2 1
3 0
4 2
5 3
6 3
7 6
8 7
9 35
10 51
11 63
12 64
13 91
14 99
15 85
16 76
17 51
18 38
19 43
20 27
21 21
22 20
23 17
24 7
25 4
26 1
27 0
last timestep 27
node 120 iteration 6
0 0
1 3
2 1
3 2
4 10
5 11
6 23
7 31
8 47
9 67
10 82
11 78
12 89
13 83
14 77
15 64
16 52
17 48
18 26
19 20
20 10
21 15
22 9
23 5
24 5
25 7
26 8
27 1
28 0
29 0
last timestep 29
node 120 iteration 7
0 0
1 3
2 4
3 3
4 1
5 0
6 1
7 0
last timestep 7
node 120 iteration 8
0 0
1 6
2 10
3 24
4 19
5 21
6 23
7 28
8 29
9 31
10 61
11 62
12 66
13 56
14 50
15 53
16 50
17 41
18 43
19 33
20 24
21 6
22 15
23 9
24 6
25 1
26 0
27 0
last timestep 27
node 120 iteration 9
0 0
1 4
2 9
3 12
4 22
5 39
6 38
7 43
8 57
9 69
10 77
11 65
12 65
13 60
14 56
15 42
16 27
17 7
18 3
19 2
20 4
21 1
22 0
23 0
last timestep 23
