node 945 iteration 0
0 0
1 3
2 7
3 12
4 19
5 35
6 59
7 74
8 93
9 98
10 99
11 89
12 77
13 47
14 37
15 27
16 16
17 14
18 11
19 5
20 4
21 4
22 0
23 0
last timestep 23
node 945 iteration 1
0 0
1 4
2 8
3 6
4 6
5 2
6 8
7 8
8 11
9 25
10 25
11 33
12 45
13 47
14 75
15 70
16 57
17 79
18 54
19 32
20 56
21 45
22 39
23 27
24 13
25 6
26 12
27 4
28 2
29 3
30 0
31 0
last timestep 31
node 945 iteration 2
0 0
1 4
2 9
3 9
4 8
5 11
6 15
7 24
8 35
9 39
10 55
11 72
12 73
13 77
14 63
15 47
16 41
17 25
18 22
19 15
20 11
21 13
22 10
23 11
24 7
25 9
26 13
27 14
28 10
29 8
30 6
31 3
32 2
33 0
34 0
last timestep 34
node 945 iteration 3
0 0
1 4
2 14
3 11
4 23
5 20
6 44
7 64
8 99
9 121
10 110
11 120
12 74
13 50
14 38
15 27
16 25
17 7
18 5
19 1
20 3
21 1
22 6
23 1
24 0
25 0
last timestep 25
node 945 iteration 4
0 0
1 3
2 5
3 7
4 9
5 20
6 21
7 44
8 37
9 53
10 68
11 107
12 107
13 110
14 74
15 57
16 29
17 26
18 5
19 4
20 5
21 6
22 7
23 2
24 0
25 0
last timestep 25
node 945 iteration 5
0 0
1 3
2 7
3 5
4 5
5 13
6 24
7 40
8 34
9 51
10 44
11 61
12 63
13 70
14 80
15 65
16 53
17 56
18 44
19 30
20 23
21 14
22 17
23 5
24 4
25 4
26 2
27 2
28 1
29 0
30 0
last timestep 30
node 945 iteration 6
0 0
1 3
2 1
3 4
4 4
5 6
6 5
7 17
8 25
9 22
10 22
11 23
12 23
13 27
14 27
15 43
16 39
17 68
18 74
19 71
20 52
21 52
22 40
23 30
24 22
25 14
26 18
27 15
28 12
29 12
30 4
31 0
32 2
33 1
34 4
35 9
36 3
37 4
38 2
39 2
40 1
41 1
42 1
43 0
last timestep 43
node 945 iteration 7
0 0
1 1
2 1
3 4
4 7
5 22
6 18
7 24
8 47
9 53
10 63
11 64
12 54
13 38
14 34
15 32
16 26
17 28
18 9
19 8
20 10
21 7
22 3
23 4
24 6
25 3
26 6
27 4
28 11
29 4
30 4
31 1
32 0
33 0
last timestep 33
node 945 iteration 8
0 0
1 3
2 6
3 7
4 5
5 11
6 16
7 23
8 52
9 57
10 80
11 94
12 102
13 70
14 54
15 56
16 35
17 30
18 27
19 12
20 13
21 5
22 4
23 7
24 3
25 2
26 0
27 0
last timestep 27
node 945 iteration 9
0 0
1 2
2 14
3 14
4 13
5 28
6 46
7 62
8 92
9 110
10 108
11 91
12 82
13 63
14 47
15 22
16 13
17 6
18 5
19 6
20 6
21 3
22 2
23 0
24 0
last timestep 24
