node 40 iteration 0
0 0
1 1
2 3
3 5
4 12
5 14
6 22
7 35
8 55
9 72
10 66
11 72
12 71
13 57
14 36
15 49
16 43
17 34
18 22
19 16
20 9
21 8
22 6
23 4
24 0
25 0
last timestep 25
node 40 iteration 1
0 0
1 2
2 0
3 0
last timestep 3
node 40 iteration 2
0 0
1 0
2 0
last timestep 2
node 40 iteration 3
0 0
1 4
2 5
3 6
4 2
5 9
6 21
7 34
8 39
9 43
10 76
11 93
12 102
13 106
14 88
15 76
16 70
17 42
18 31
19 13
20 8
21 10
22 6
23 1
24 0
25 0
last timestep 25
node 40 iteration 4
0 0
1 4
2 5
3 6
4 3
5 4
6 4
7 2
8 12
9 12
10 19
11 40
12 49
13 43
14 62
15 66
16 52
17 47
18 46
19 43
20 32
21 19
22 16
23 12
24 9
25 11
26 7
27 6
28 5
29 4
30 1
31 2
32 3
33 2
34 2
35 2
36 1
37 2
38 3
39 1
40 2
41 2
42 3
43 1
44 0
45 0
last timestep 45
node 40 iteration 5
0 0
1 1
2 1
3 3
4 0
5 0
last timestep 5
node 40 iteration 6
0 0
1 2
2 4
3 3
4 5
5 7
6 9
7 11
8 19
9 24
10 27
11 61
12 79
13 59
14 78
15 78
16 68
17 65
18 40
19 34
20 29
21 23
22 19
23 12
24 18
25 11
26 7
27 4
28 2
29 0
30 0
last timestep 30
node 40 iteration 7
0 0
1 2
2 1
3 1
4 3
5 5
6 10
7 14
8 14
9 24
10 25
11 48
12 59
13 71
14 75
15 59
16 63
17 53
18 48
19 37
20 19
21 14
22 5
23 3
24 0
25 0
last timestep 25
node 40 iteration 8
0 0
1 1
2 5
3 2
4 1
5 3
6 3
7 3
8 6
9 11
10 15
11 30
12 51
13 76
14 126
15 118
16 114
17 101
18 79
19 59
20 47
21 22
22 10
23 11
24 7
25 5
26 2
27 3
28 1
29 1
30 2
31 0
32 0
last timestep 32
node 40 iteration 9
0 0
1 2
2 1
3 1
4 0
5 0
last timestep 5
