node 363 iteration 0
0 0
1 4
2 5
3 3
4 6
5 11
6 13
7 33
8 40
9 64
10 73
11 84
12 95
13 67
14 88
15 67
16 47
17 31
18 27
19 24
20 11
21 9
22 3
23 5
24 1
25 0
26 0
last timestep 26
node 363 iteration 1
0 0
1 1
2 1
3 3
4 3
5 12
6 14
7 24
8 38
9 50
10 66
11 65
12 91
13 84
14 59
15 62
16 45
17 47
18 38
19 24
20 25
21 15
22 8
23 5
24 4
25 3
26 1
27 4
28 0
29 0
last timestep 29
node 363 iteration 2
0 0
1 2
2 1
3 2
4 4
5 7
6 10
7 10
8 12
9 26
10 62
11 59
12 77
13 78
14 66
15 58
16 58
17 38
18 39
19 28
20 19
21 11
22 7
23 9
24 5
25 6
26 0
27 0
last timestep 27
node 363 iteration 3
0 0
1 3
2 1
3 1
4 4
5 2
6 4
7 8
8 16
9 26
10 42
11 94
12 77
13 88
14 89
15 55
16 63
17 46
18 42
19 21
20 20
21 11
22 7
23 5
24 8
25 10
26 12
27 8
28 3
29 1
30 0
31 0
last timestep 31
node 363 iteration 4
0 0
1 5
2 5
3 8
4 14
5 28
6 17
7 30
8 31
9 48
10 60
11 68
12 53
13 51
14 46
15 53
16 56
17 45
18 29
19 20
20 12
21 12
22 5
23 5
24 2
25 2
26 1
27 0
28 0
last timestep 28
node 363 iteration 5
0 0
1 2
2 6
3 9
4 29
5 44
6 92
7 93
8 106
9 87
10 80
11 66
12 68
13 53
14 36
15 30
16 9
17 5
18 6
19 2
20 1
21 0
22 0
last timestep 22
node 363 iteration 6
0 0
1 4
2 0
3 0
last timestep 3
node 363 iteration 7
0 0
1 4
2 6
3 7
4 18
5 19
6 27
7 43
8 69
9 64
10 89
11 105
12 89
13 66
14 69
15 64
16 53
17 33
18 20
19 14
20 4
21 2
22 0
23 0
last timestep 23
node 363 iteration 8
0 0
1 2
2 1
3 0
4 0
last timestep 4
node 363 iteration 9
0 0
1 2
2 3
3 4
4 3
5 7
6 10
7 19
8 20
9 21
10 26
11 18
12 37
13 51
14 47
15 54
16 57
17 61
18 56
19 51
20 39
21 32
22 29
23 22
24 22
25 21
26 15
27 7
28 5
29 4
30 3
31 0
32 0
last timestep 32
