node 13 iteration 0
0 0
1 3
2 8
3 15
4 15
5 29
6 46
7 60
8 84
9 88
10 98
11 101
12 74
13 53
14 46
15 42
16 43
17 29
18 16
19 6
20 2
21 0
22 0
last timestep 22
node 13 iteration 1
0 0
1 0
2 1
3 2
4 6
5 3
6 12
7 9
8 28
9 28
10 51
11 62
12 83
13 94
14 86
15 59
16 41
17 60
18 39
19 35
20 21
21 23
22 6
23 3
24 3
25 4
26 1
27 0
last timestep 27
node 13 iteration 2
0 0
1 6
2 4
3 4
4 14
5 26
6 32
7 73
8 115
9 107
10 100
11 72
12 48
13 47
14 44
15 50
16 31
17 18
18 9
19 4
20 3
21 2
22 0
23 0
last timestep 23
node 13 iteration 3
0 0
1 3
2 6
3 4
4 8
5 10
6 14
7 14
8 35
9 65
10 93
11 109
12 128
13 128
14 84
15 57
16 37
17 23
18 12
19 8
20 5
21 6
22 3
23 4
24 2
25 0
26 0
last timestep 26
node 13 iteration 4
0 0
1 0
2 0
last timestep 2
node 13 iteration 5
0 0
1 2
2 1
3 2
4 4
5 7
6 13
7 12
8 18
9 29
10 39
11 58
12 78
13 105
14 105
15 101
16 91
17 51
18 39
19 23
20 15
21 5
22 4
23 3
24 0
25 0
last timestep 25
node 13 iteration 6
0 0
1 5
2 3
3 3
4 4
5 2
6 4
7 2
8 2
9 1
10 3
11 4
12 10
13 16
14 24
15 19
16 17
17 27
18 60
19 79
20 78
21 100
22 92
23 80
24 68
25 47
26 26
27 18
28 11
29 6
30 5
31 1
32 0
33 2
34 1
35 2
36 1
37 2
38 1
39 0
last timestep 39
node 13 iteration 7
0 0
1 4
2 5
3 14
4 24
5 29
6 39
7 49
8 72
9 87
10 71
11 66
12 54
13 56
14 42
15 36
16 26
17 24
18 19
19 14
20 12
21 5
22 1
23 0
24 0
last timestep 24
node 13 iteration 8
0 0
1 3
2 6
3 6
4 9
5 13
6 23
7 31
8 44
9 50
10 71
11 69
12 63
13 35
14 36
15 22
16 27
17 16
18 9
19 8
20 3
21 1
22 0
23 0
last timestep 23
node 13 iteration 9
0 0
1 0
2 0
last timestep 2
