node 1015 iteration 0
0 0
1 6
2 5
3 7
4 19
5 20
6 41
7 59
8 60
9 66
10 61
11 72
12 78
13 61
14 38
15 35
16 24
17 18
18 23
19 14
20 8
21 7
22 6
23 5
24 3
25 0
26 0
last timestep 26
node 1015 iteration 1
0 0
1 3
2 5
3 15
4 11
5 15
6 13
7 19
8 17
9 26
10 16
11 39
12 48
13 66
14 68
15 96
16 86
17 66
18 49
19 40
20 27
21 22
22 13
23 9
24 6
25 9
26 5
27 5
28 2
29 0
30 0
last timestep 30
node 1015 iteration 2
0 0
1 2
2 1
3 0
4 0
last timestep 4
node 1015 iteration 3
0 0
1 3
2 1
3 0
4 0
last timestep 4
node 1015 iteration 4
0 0
1 7
2 14
3 15
4 9
5 13
6 43
7 57
8 82
9 100
10 104
11 89
12 64
13 42
14 40
15 35
16 16
17 14
18 4
19 6
20 11
21 5
22 4
23 3
24 0
25 0
last timestep 25
node 1015 iteration 5
0 0
1 5
2 8
3 10
4 13
5 23
6 17
7 16
8 26
9 40
10 50
11 50
12 80
13 77
14 73
15 76
16 55
17 53
18 30
19 19
20 18
21 9
22 8
23 8
24 2
25 4
26 2
27 2
28 0
29 0
last timestep 29
node 1015 iteration 6
0 0
1 3
2 3
3 3
4 6
5 5
6 11
7 19
8 37
9 46
10 44
11 58
12 85
13 82
14 69
15 69
16 60
17 47
18 33
19 23
20 11
21 7
22 8
23 5
24 0
25 3
26 1
27 0
last timestep 27
node 1015 iteration 7
0 0
1 6
2 2
3 5
4 11
5 28
6 24
7 38
8 43
9 70
10 80
11 85
12 114
13 80
14 57
15 52
16 36
17 14
18 9
19 7
20 4
21 2
22 1
23 0
24 1
25 1
26 0
last timestep 26
node 1015 iteration 8
0 0
1 4
2 7
3 4
4 8
5 12
6 26
7 29
8 55
9 69
10 93
11 104
12 93
13 91
14 80
15 55
16 52
17 34
18 24
19 6
20 6
21 1
22 0
23 0
last timestep 23
node 1015 iteration 9
0 0
1 5
2 14
3 24
4 35
5 27
6 41
7 40
8 64
9 68
10 58
11 52
12 44
13 25
14 33
15 25
16 22
17 14
18 22
19 22
20 13
21 11
22 13
23 15
24 9
25 12
26 5
27 3
28 2
29 0
30 0
last timestep 30
