node 1514 iteration 0
0 0
1 5
2 8
3 10
4 22
5 34
6 43
7 62
8 78
9 72
10 75
11 79
12 76
13 56
14 54
15 48
16 25
17 12
18 14
19 3
20 1
21 1
22 1
23 0
24 0
last timestep 24
node 1514 iteration 1
0 0
1 7
2 7
3 13
4 13
5 25
6 53
7 78
8 108
9 130
10 124
11 106
12 65
13 42
14 30
15 32
16 16
17 9
18 14
19 13
20 8
21 4
22 3
23 0
24 1
25 0
last timestep 25
node 1514 iteration 2
0 0
1 1
2 1
3 1
4 0
5 0
last timestep 5
node 1514 iteration 3
0 0
1 1
2 1
3 0
4 0
last timestep 4
node 1514 iteration 4
0 0
1 4
2 2
3 12
4 12
5 11
6 11
7 20
8 24
9 41
10 58
11 50
12 72
13 60
14 67
15 64
16 84
17 55
18 38
19 38
20 37
21 35
22 22
23 15
24 11
25 7
26 5
27 6
28 2
29 1
30 2
31 3
32 0
33 0
last timestep 33
node 1514 iteration 5
0 0
1 1
2 3
3 2
4 2
5 6
6 5
7 11
8 20
9 25
10 29
11 42
12 55
13 56
14 63
15 71
16 64
17 82
18 53
19 42
20 39
21 17
22 10
23 6
24 3
25 5
26 7
27 5
28 4
29 8
30 3
31 1
32 1
33 3
34 3
35 1
36 2
37 1
38 1
39 0
40 0
last timestep 40
node 1514 iteration 6
0 0
1 1
2 2
3 0
4 0
last timestep 4
node 1514 iteration 7
0 0
1 1
2 3
3 13
4 8
5 7
6 16
7 22
8 43
9 59
10 90
11 101
12 79
13 91
14 96
15 78
16 61
17 35
18 29
19 21
20 15
21 10
22 1
23 2
24 2
25 0
26 0
last timestep 26
node 1514 iteration 8
0 0
1 2
2 0
3 0
last timestep 3
node 1514 iteration 9
0 0
1 3
2 9
3 18
4 34
5 41
6 68
7 91
8 69
9 83
10 97
11 77
12 58
13 39
14 33
15 27
16 19
17 19
18 15
19 12
20 4
21 4
22 2
23 2
24 1
25 4
26 2
27 0
28 0
last timestep 28
