node 1577 iteration 0
0 0
1 5
2 3
3 7
4 13
5 23
6 26
7 42
8 64
9 84
10 82
11 76
12 99
13 78
14 59
15 40
16 20
17 24
18 24
19 14
20 9
21 7
22 1
23 1
24 1
25 0
26 0
last timestep 26
node 1577 iteration 1
0 0
1 3
2 11
3 16
4 28
5 50
6 37
7 59
8 60
9 87
10 90
11 70
12 81
13 75
14 57
15 45
16 23
17 18
18 8
19 6
20 2
21 0
22 1
23 0
last timestep 23
node 1577 iteration 2
0 0
1 3
2 4
3 6
4 6
5 7
6 9
7 11
8 14
9 10
10 10
11 18
12 29
13 29
14 40
15 47
16 80
17 98
18 78
19 80
20 72
21 51
22 37
23 27
24 21
25 16
26 10
27 5
28 3
29 5
30 11
31 7
32 2
33 0
34 0
last timestep 34
node 1577 iteration 3
0 0
1 1
2 4
3 6
4 5
5 6
6 10
7 9
8 15
9 31
10 53
11 90
12 101
13 115
14 114
15 78
16 66
17 36
18 29
19 24
20 17
21 13
22 6
23 11
24 9
25 8
26 3
27 2
28 0
29 0
last timestep 29
node 1577 iteration 4
0 0
1 6
2 9
3 14
4 20
5 24
6 32
7 51
8 71
9 88
10 105
11 91
12 84
13 53
14 43
15 30
16 15
17 21
18 8
19 7
20 9
21 10
22 8
23 5
24 2
25 3
26 6
27 5
28 1
29 0
30 0
last timestep 30
node 1577 iteration 5
0 0
1 7
2 16
3 23
4 34
5 45
6 48
7 66
8 68
9 77
10 81
11 66
12 72
13 56
14 29
15 11
16 9
17 6
18 2
19 3
20 1
21 0
22 0
last timestep 22
node 1577 iteration 6
0 0
1 2
2 5
3 7
4 18
5 20
6 25
7 43
8 50
9 63
10 62
11 62
12 82
13 93
14 76
15 42
16 26
17 19
18 23
19 13
20 5
21 5
22 6
23 8
24 4
25 2
26 4
27 3
28 1
29 4
30 0
31 0
last timestep 31
node 1577 iteration 7
0 0
1 4
2 3
3 0
4 0
last timestep 4
node 1577 iteration 8
0 0
1 4
2 5
3 2
4 1
5 3
6 8
7 2
8 6
9 15
10 13
11 20
12 23
13 20
14 39
15 62
16 55
17 74
18 65
19 59
20 73
21 61
22 52
23 29
24 12
25 9
26 9
27 2
28 2
29 2
30 0
31 0
last timestep 31
node 1577 iteration 9
0 0
1 2
2 3
3 8
4 20
5 31
6 27
7 40
8 51
9 63
10 66
11 77
12 81
13 67
14 70
15 49
16 52
17 33
18 34
19 25
20 17
21 14
22 7
23 9
24 3
25 3
26 6
27 2
28 1
29 1
30 0
31 0
last timestep 31
