node 762 iteration 0
0 0
1 6
2 4
3 4
4 5
5 10
6 9
7 15
8 13
9 15
10 26
11 27
12 28
13 30
14 23
15 27
16 40
17 61
18 68
19 74
20 69
21 57
22 38
23 36
24 27
25 25
26 10
27 3
28 1
29 0
30 0
last timestep 30
node 762 iteration 1
0 0
1 2
2 5
3 6
4 14
5 22
6 25
7 45
8 54
9 56
10 69
11 71
12 68
13 50
14 55
15 53
16 55
17 45
18 29
19 14
20 8
21 11
22 4
23 4
24 4
25 2
26 1
27 1
28 2
29 1
30 0
31 0
last timestep 31
node 762 iteration 2
0 0
1 7
2 8
3 23
4 43
5 53
6 48
7 90
8 95
9 102
10 67
11 58
12 51
13 44
14 33
15 22
16 19
17 19
18 13
19 6
20 7
21 4
22 3
23 2
24 1
25 0
26 0
last timestep 26
node 762 iteration 3
0 0
1 9
2 7
3 14
4 19
5 20
6 17
7 21
8 27
9 34
10 47
11 74
12 74
13 66
14 41
15 36
16 35
17 32
18 29
19 23
20 21
21 13
22 12
23 7
24 9
25 3
26 1
27 0
28 0
last timestep 28
node 762 iteration 4
0 0
1 2
2 1
3 0
4 0
last timestep 4
node 762 iteration 5
0 0
1 7
2 8
3 12
4 12
5 17
6 18
7 31
8 39
9 44
10 68
11 86
12 95
13 97
14 102
15 65
16 59
17 43
18 20
19 16
20 8
21 8
22 1
23 1
24 0
25 0
last timestep 25
node 762 iteration 6
0 0
1 6
2 1
3 2
4 0
5 0
last timestep 5
node 762 iteration 7
0 0
1 3
2 1
3 1
4 2
5 1
6 1
7 2
8 0
9 0
last timestep 9
node 762 iteration 8
0 0
1 5
2 8
3 15
4 21
5 31
6 47
7 78
8 80
9 106
10 88
11 67
12 47
13 32
14 27
15 9
16 10
17 6
18 7
19 3
20 1
21 0
22 0
last timestep 22
node 762 iteration 9
0 0
1 4
2 3
3 4
4 3
5 3
6 7
7 16
8 19
9 28
10 26
11 34
12 33
13 39
14 39
15 45
16 64
17 64
18 57
19 24
20 21
21 22
22 13
23 7
24 4
25 1
26 3
27 2
28 2
29 3
30 5
31 1
32 0
33 0
last timestep 33
