node 364 iteration 0
0 0
1 5
2 2
3 3
4 1
5 0
6 0
last timestep 6
node 364 iteration 1
0 0
1 4
2 7
3 6
4 14
5 19
6 31
7 46
8 69
9 69
10 78
11 91
12 89
13 66
14 40
15 28
16 18
17 17
18 9
19 14
20 15
21 16
22 7
23 6
24 0
25 1
26 0
last timestep 26
node 364 iteration 2
0 0
1 5
2 11
3 12
4 22
5 48
6 75
7 83
8 120
9 90
10 67
11 72
12 49
13 32
14 33
15 35
16 22
17 12
18 8
19 4
20 5
21 2
22 1
23 0
24 0
last timestep 24
node 364 iteration 3
0 0
1 3
2 8
3 8
4 16
5 17
6 17
7 20
8 30
9 52
10 62
11 91
12 99
13 94
14 86
15 56
16 54
17 34
18 26
19 14
20 10
21 7
22 1
23 0
24 0
last timestep 24
node 364 iteration 4
0 0
1 3
2 10
3 19
4 17
5 37
6 34
7 48
8 48
9 90
10 93
11 80
12 77
13 85
14 65
15 33
16 35
17 16
18 11
19 12
20 7
21 3
22 3
23 5
24 3
25 7
26 7
27 7
28 8
29 6
30 2
31 2
32 1
33 1
34 0
35 0
last timestep 35
node 364 iteration 5
0 0
1 2
2 2
3 2
4 1
5 2
6 5
7 15
8 31
9 55
10 65
11 102
12 101
13 99
14 99
15 75
16 58
17 45
18 29
19 11
20 19
21 9
22 3
23 0
24 0
last timestep 24
node 364 iteration 6
0 0
1 2
2 1
3 0
4 0
last timestep 4
node 364 iteration 7
0 0
1 2
2 13
3 18
4 16
5 14
6 27
7 27
8 34
9 47
10 39
11 55
12 73
13 67
14 79
15 86
16 76
17 50
18 32
19 23
20 14
21 12
22 11
23 9
24 11
25 9
26 6
27 1
28 0
29 0
last timestep 29
node 364 iteration 8
0 0
1 4
2 7
3 9
4 16
5 14
6 27
7 53
8 54
9 69
10 76
11 99
12 110
13 75
14 71
15 46
16 22
17 19
18 8
19 7
20 3
21 2
22 1
23 2
24 2
25 2
26 1
27 2
28 0
29 0
last timestep 29
node 364 iteration 9
0 0
1 6
2 8
3 13
4 7
5 17
6 43
7 37
8 49
9 60
10 71
11 68
12 61
13 57
14 48
15 39
16 25
17 25
18 13
19 12
20 14
21 14
22 8
23 10
24 3
25 4
26 2
27 1
28 3
29 0
30 1
31 0
last timestep 31
