node 773 iteration 0
0 0
1 6
2 6
3 7
4 19
5 33
6 38
7 59
8 62
9 69
10 64
11 75
12 61
13 58
14 48
15 40
16 33
17 31
18 26
19 19
20 8
21 4
22 2
23 2
24 0
25 0
last timestep 25
node 773 iteration 1
0 0
1 2
2 2
3 4
4 4
5 4
6 3
7 2
8 8
9 16
10 17
11 25
12 34
13 58
14 72
15 82
16 87
17 81
18 80
19 57
20 42
21 29
22 30
23 17
24 4
25 6
26 7
27 4
28 5
29 3
30 3
31 2
32 0
33 0
last timestep 33
node 773 iteration 2
0 0
1 3
2 3
3 1
4 2
5 0
6 0
last timestep 6
node 773 iteration 3
0 0
1 3
2 1
3 3
4 2
5 0
6 0
last timestep 6
node 773 iteration 4
0 0
1 4
2 5
3 9
4 25
5 39
6 51
7 83
8 99
9 128
10 101
11 93
12 65
13 66
14 30
15 14
16 8
17 9
18 3
19 5
20 2
21 2
22 4
23 1
24 1
25 1
26 0
27 1
28 1
29 0
last timestep 29
node 773 iteration 5
0 0
1 2
2 5
3 9
4 15
5 25
6 34
7 40
8 75
9 90
10 91
11 80
12 82
13 61
14 48
15 25
16 19
17 15
18 16
19 5
20 5
21 4
22 7
23 2
24 3
25 1
26 3
27 0
28 0
last timestep 28
node 773 iteration 6
0 0
1 7
2 1
3 2
4 2
5 2
6 1
7 2
8 1
9 0
10 0
last timestep 10
node 773 iteration 7
0 0
1 2
2 6
3 3
4 2
5 4
6 8
7 15
8 30
9 25
10 66
11 65
12 88
13 85
14 91
15 71
16 55
17 44
18 31
19 18
20 14
21 10
22 6
23 4
24 2
25 1
26 2
27 0
28 0
last timestep 28
node 773 iteration 8
0 0
1 3
2 2
3 1
4 0
5 0
last timestep 5
node 773 iteration 9
0 0
1 3
2 6
3 2
4 6
5 10
6 19
7 29
8 48
9 53
10 59
11 80
12 88
13 77
14 82
15 53
16 34
17 36
18 20
19 15
20 10
21 15
22 12
23 11
24 3
25 3
26 1
27 1
28 1
29 0
30 0
last timestep 30
