node 125 iteration 0
0 0
1 4
2 8
3 5
4 1
5 4
6 4
7 6
8 13
9 18
10 14
11 33
12 39
13 51
14 63
15 84
16 89
17 63
18 70
19 52
20 32
21 29
22 11
23 6
24 9
25 2
26 2
27 2
28 1
29 0
30 0
last timestep 30
node 125 iteration 1
0 0
1 1
2 0
3 2
4 2
5 8
6 12
7 19
8 22
9 53
10 70
11 59
12 79
13 77
14 74
15 74
16 59
17 30
18 27
19 23
20 9
21 6
22 4
23 5
24 0
last timestep 24
node 125 iteration 2
0 0
1 6
2 8
3 9
4 15
5 16
6 35
7 55
8 58
9 67
10 74
11 65
12 80
13 58
14 57
15 48
16 38
17 21
18 10
19 6
20 7
21 5
22 1
23 0
24 0
last timestep 24
node 125 iteration 3
0 0
1 3
2 5
3 3
4 7
5 11
6 8
7 13
8 21
9 25
10 30
11 49
12 65
13 72
14 93
15 85
16 65
17 53
18 42
19 29
20 37
21 18
22 16
23 7
24 3
25 0
26 0
last timestep 26
node 125 iteration 4
0 0
1 6
2 5
3 7
4 12
5 13
6 5
7 6
8 5
9 0
10 0
last timestep 10
node 125 iteration 5
0 0
1 0
2 0
last timestep 2
node 125 iteration 6
0 0
1 2
2 8
3 7
4 17
5 41
6 53
7 55
8 85
9 106
10 103
11 79
12 80
13 57
14 35
15 34
16 19
17 11
18 4
19 3
20 1
21 0
22 0
last timestep 22
node 125 iteration 7
0 0
1 3
2 2
3 0
4 0
last timestep 4
node 125 iteration 8
0 0
1 3
2 2
3 4
4 3
5 1
6 0
7 0
last timestep 7
node 125 iteration 9
0 0
1 4
2 8
3 6
4 17
5 14
6 29
7 37
8 42
9 51
10 61
11 80
12 81
13 69
14 55
15 42
16 40
17 28
18 14
19 6
20 3
21 3
22 0
23 0
last timestep 23
