node 801 iteration 0
0 0
1 4
2 7
3 6
4 11
5 14
6 22
7 24
8 27
9 46
10 54
11 53
12 65
13 71
14 62
15 50
16 63
17 47
18 45
19 33
20 23
21 21
22 17
23 24
24 14
25 9
26 6
27 6
28 1
29 0
30 0
last timestep 30
node 801 iteration 1
0 0
1 5
2 5
3 8
4 7
5 14
6 18
7 20
8 40
9 47
10 70
11 101
12 98
13 97
14 90
15 83
16 50
17 41
18 34
19 17
20 7
21 4
22 1
23 1
24 1
25 4
26 3
27 1
28 0
29 0
last timestep 29
node 801 iteration 2
0 0
1 2
2 4
3 6
4 12
5 15
6 22
7 17
8 22
9 17
10 21
11 30
12 41
13 36
14 33
15 48
16 49
17 44
18 46
19 32
20 31
21 24
22 15
23 12
24 12
25 10
26 8
27 7
28 2
29 3
30 1
31 0
32 1
33 0
last timestep 33
node 801 iteration 3
0 0
1 3
2 6
3 7
4 16
5 19
6 24
7 34
8 68
9 62
10 77
11 87
12 82
13 76
14 58
15 49
16 40
17 44
18 28
19 25
20 6
21 2
22 3
23 1
24 1
25 3
26 3
27 0
28 0
last timestep 28
node 801 iteration 4
0 0
1 2
2 0
3 0
last timestep 3
node 801 iteration 5
0 0
1 1
2 6
3 4
4 18
5 9
6 16
7 24
8 36
9 61
10 82
11 79
12 80
13 79
14 67
15 50
16 39
17 28
18 25
19 18
20 22
21 12
22 8
23 8
24 9
25 4
26 3
27 2
28 2
29 1
30 1
31 1
32 1
33 0
34 0
last timestep 34
node 801 iteration 6
0 0
1 3
2 7
3 15
4 21
5 39
6 63
7 75
8 96
9 111
10 113
11 112
12 88
13 77
14 55
15 27
16 10
17 9
18 5
19 3
20 0
21 1
22 1
23 0
last timestep 23
node 801 iteration 7
0 0
1 2
2 8
3 12
4 14
5 27
6 47
7 72
8 79
9 94
10 114
11 125
12 77
13 48
14 37
15 33
16 23
17 12
18 17
19 15
20 4
21 2
22 0
23 0
last timestep 23
node 801 iteration 8
0 0
1 7
2 8
3 12
4 20
5 36
6 57
7 68
8 96
9 93
10 89
11 71
12 62
13 53
14 40
15 28
16 9
17 8
18 7
19 2
20 0
21 0
last timestep 21
node 801 iteration 9
0 0
1 2
2 2
3 3
4 8
5 7
6 8
7 7
8 10
9 16
10 29
11 39
12 78
13 101
14 99
15 80
16 71
17 60
18 41
19 41
20 33
21 20
22 12
23 8
24 1
25 0
26 0
last timestep 26
