node 1133 iteration 0
0 0
1 3
2 4
3 3
4 7
5 5
6 8
7 13
8 24
9 47
10 71
11 85
12 105
13 131
14 111
15 92
16 74
17 64
18 26
19 14
20 5
21 8
22 14
23 5
24 3
25 3
26 6
27 2
28 0
29 0
last timestep 29
node 1133 iteration 1
0 0
1 1
2 0
3 0
last timestep 3
node 1133 iteration 2
0 0
1 4
2 0
3 0
last timestep 3
node 1133 iteration 3
0 0
1 3
2 3
3 3
4 6
5 7
6 11
7 19
8 29
9 40
10 47
11 70
12 67
13 88
14 60
15 45
16 56
17 50
18 51
19 27
20 16
21 9
22 9
23 9
24 5
25 2
26 0
27 0
last timestep 27
node 1133 iteration 4
0 0
1 2
2 0
3 0
last timestep 3
node 1133 iteration 5
0 0
1 2
2 5
3 11
4 20
5 25
6 34
7 68
8 86
9 110
10 93
11 75
12 72
13 52
14 61
15 35
16 27
17 8
18 8
19 4
20 5
21 7
22 2
23 2
24 0
25 0
last timestep 25
node 1133 iteration 6
0 0
1 5
2 5
3 14
4 12
5 13
6 20
7 38
8 49
9 72
10 91
11 90
12 96
13 85
14 77
15 62
16 38
17 28
18 17
19 15
20 10
21 7
22 9
23 4
24 3
25 0
26 0
last timestep 26
node 1133 iteration 7
0 0
1 2
2 4
3 8
4 16
5 21
6 28
7 36
8 45
9 61
10 80
11 74
12 95
13 84
14 72
15 44
16 36
17 27
18 25
19 17
20 9
21 7
22 4
23 4
24 2
25 1
26 2
27 1
28 2
29 1
30 0
31 0
last timestep 31
node 1133 iteration 8
0 0
1 0
2 4
3 4
4 7
5 6
6 12
7 16
8 41
9 50
10 66
11 65
12 92
13 76
14 76
15 60
16 78
17 53
18 32
19 28
20 19
21 22
22 9
23 8
24 3
25 4
26 1
27 2
28 0
last timestep 28
node 1133 iteration 9
0 0
1 1
2 6
3 3
4 7
5 11
6 22
7 31
8 57
9 62
10 85
11 82
12 71
13 70
14 51
15 63
16 44
17 39
18 31
19 12
20 4
21 4
22 7
23 6
24 0
25 1
26 0
last timestep 26
