node 819 iteration 0
0 0
1 7
2 7
3 13
4 32
5 43
6 70
7 79
8 77
9 71
10 79
11 49
12 59
13 41
14 32
15 22
16 30
17 23
18 20
19 11
20 3
21 3
22 3
23 2
24 0
25 2
26 0
last timestep 26
node 819 iteration 1
0 0
1 3
2 3
3 4
4 2
5 3
6 9
7 19
8 12
9 22
10 23
11 44
12 55
13 76
14 109
15 92
16 74
17 72
18 54
19 34
20 29
21 20
22 18
23 10
24 2
25 0
26 0
last timestep 26
node 819 iteration 2
0 0
1 1
2 2
3 2
4 3
5 5
6 13
7 15
8 25
9 57
10 63
11 68
12 76
13 70
14 81
15 68
16 56
17 53
18 36
19 16
20 21
21 13
22 11
23 8
24 9
25 4
26 3
27 6
28 1
29 0
30 0
last timestep 30
node 819 iteration 3
0 0
1 6
2 5
3 5
4 4
5 5
6 3
7 4
8 8
9 9
10 22
11 13
12 25
13 49
14 46
15 79
16 83
17 82
18 87
19 84
20 60
21 47
22 24
23 17
24 11
25 9
26 6
27 7
28 2
29 4
30 2
31 3
32 1
33 2
34 0
35 0
last timestep 35
node 819 iteration 4
0 0
1 5
2 5
3 7
4 8
5 15
6 20
7 37
8 41
9 67
10 74
11 80
12 71
13 63
14 72
15 48
16 33
17 37
18 27
19 15
20 8
21 3
22 1
23 2
24 1
25 1
26 0
27 0
last timestep 27
node 819 iteration 5
0 0
1 2
2 0
3 0
last timestep 3
node 819 iteration 6
0 0
1 5
2 6
3 3
4 4
5 4
6 4
7 8
8 8
9 16
10 11
11 27
12 35
13 60
14 67
15 77
16 84
17 97
18 89
19 62
20 49
21 38
22 37
23 35
24 24
25 18
26 6
27 2
28 2
29 1
30 1
31 0
32 1
33 0
last timestep 33
node 819 iteration 7
0 0
1 2
2 0
3 0
last timestep 3
node 819 iteration 8
0 0
1 3
2 5
3 4
4 2
5 3
6 2
7 2
8 2
9 9
10 5
11 8
12 8
13 4
14 7
15 16
16 21
17 30
18 44
19 45
20 54
21 64
22 70
23 73
24 74
25 65
26 46
27 35
28 30
29 20
30 17
31 10
32 8
33 5
34 2
35 1
36 0
37 0
last timestep 37
node 819 iteration 9
0 0
1 4
2 0
3 0
last timestep 3
