node 559 iteration 0
0 0
1 7
2 6
3 18
4 38
5 56
6 83
7 75
8 65
9 77
10 71
11 61
12 53
13 41
14 49
15 34
16 28
17 8
18 4
19 2
20 3
21 1
22 2
23 2
24 0
25 0
last timestep 25
node 559 iteration 1
0 0
1 2
2 0
3 0
last timestep 3
node 559 iteration 2
0 0
1 3
2 2
3 4
4 7
5 13
6 14
7 25
8 35
9 61
10 77
11 104
12 96
13 86
14 72
15 53
16 46
17 42
18 23
19 19
20 7
21 4
22 3
23 1
24 2
25 0
26 0
last timestep 26
node 559 iteration 3
0 0
1 7
2 8
3 20
4 35
5 48
6 82
7 105
8 119
9 107
10 99
11 91
12 69
13 38
14 21
15 6
16 7
17 9
18 5
19 2
20 0
21 1
22 0
last timestep 22
node 559 iteration 4
0 0
1 9
2 6
3 9
4 25
5 35
6 61
7 90
8 97
9 101
10 97
11 85
12 66
13 45
14 23
15 16
16 27
17 18
18 15
19 3
20 0
21 0
last timestep 21
node 559 iteration 5
0 0
1 4
2 4
3 7
4 5
5 8
6 6
7 4
8 18
9 43
10 49
11 59
12 74
13 75
14 84
15 84
16 77
17 49
18 46
19 41
20 31
21 18
22 11
23 8
24 7
25 5
26 1
27 0
28 0
last timestep 28
node 559 iteration 6
0 0
1 4
2 11
3 14
4 29
5 25
6 33
7 39
8 62
9 67
10 64
11 69
12 71
13 72
14 73
15 54
16 33
17 23
18 19
19 17
20 7
21 7
22 7
23 10
24 3
25 3
26 3
27 1
28 0
29 0
last timestep 29
node 559 iteration 7
0 0
1 5
2 4
3 1
4 4
5 7
6 16
7 18
8 23
9 21
10 20
11 36
12 51
13 61
14 80
15 71
16 74
17 62
18 52
19 26
20 24
21 9
22 6
23 6
24 2
25 3
26 2
27 1
28 0
29 0
last timestep 29
node 559 iteration 8
0 0
1 4
2 8
3 13
4 14
5 30
6 22
7 24
8 32
9 32
10 41
11 36
12 43
13 32
14 37
15 39
16 29
17 38
18 32
19 38
20 18
21 17
22 10
23 7
24 3
25 2
26 2
27 1
28 1
29 0
30 0
last timestep 30
node 559 iteration 9
0 0
1 3
2 4
3 7
4 9
5 27
6 39
7 49
8 80
9 65
10 92
11 105
12 82
13 66
14 47
15 43
16 31
17 29
18 15
19 12
20 7
21 7
22 2
23 4
24 3
25 2
26 3
27 5
28 2
29 0
30 0
last timestep 30
