node 1139 iteration 0
0 0
1 3
2 2
3 2
4 4
5 7
6 7
7 15
8 29
9 41
10 67
11 75
12 112
13 100
14 109
15 97
16 57
17 54
18 37
19 30
20 10
21 2
22 1
23 0
24 0
last timestep 24
node 1139 iteration 1
0 0
1 3
2 4
3 4
4 3
5 4
6 3
7 4
8 5
9 5
10 8
11 15
12 22
13 20
14 24
15 35
16 49
17 69
18 85
19 88
20 63
21 44
22 37
23 48
24 37
25 31
26 26
27 16
28 12
29 9
30 4
31 9
32 8
33 6
34 3
35 1
36 0
37 0
last timestep 37
node 1139 iteration 2
0 0
1 3
2 0
3 0
last timestep 3
node 1139 iteration 3
0 0
1 2
2 0
3 0
last timestep 3
node 1139 iteration 4
0 0
1 1
2 2
3 4
4 2
5 2
6 10
7 19
8 25
9 32
10 42
11 58
12 64
13 92
14 87
15 69
16 63
17 74
18 72
19 52
20 28
21 18
22 8
23 9
24 7
25 3
26 2
27 0
28 2
29 2
30 2
31 6
32 0
last timestep 32
node 1139 iteration 5
0 0
1 4
2 20
3 30
4 47
5 61
6 91
7 87
8 103
9 118
10 89
11 65
12 36
13 31
14 13
15 7
16 9
17 4
18 0
19 0
last timestep 19
node 1139 iteration 6
0 0
1 2
2 5
3 16
4 20
5 25
6 35
7 55
8 104
9 121
10 141
11 100
12 64
13 44
14 40
15 19
16 11
17 5
18 5
19 0
20 0
last timestep 20
node 1139 iteration 7
0 0
1 1
2 0
3 0
last timestep 3
node 1139 iteration 8
0 0
1 4
2 15
3 25
4 34
5 41
6 47
7 76
8 91
9 95
10 87
11 79
12 72
13 53
14 37
15 30
16 21
17 12
18 3
19 1
20 1
21 1
22 2
23 0
24 0
last timestep 24
node 1139 iteration 9
0 0
1 0
2 0
last timestep 2
