node 853 iteration 0
0 0
1 5
2 7
3 11
4 19
5 34
6 42
7 69
8 73
9 72
10 77
11 66
12 60
13 52
14 32
15 30
16 12
17 12
18 9
19 11
20 13
21 10
22 5
23 1
24 2
25 11
26 7
27 1
28 2
29 0
30 0
last timestep 30
node 853 iteration 1
0 0
1 1
2 1
3 10
4 10
5 30
6 43
7 61
8 76
9 104
10 112
11 132
12 112
13 64
14 46
15 29
16 23
17 14
18 5
19 1
20 0
21 0
last timestep 21
node 853 iteration 2
0 0
1 2
2 2
3 1
4 0
5 0
last timestep 5
node 853 iteration 3
0 0
1 1
2 4
3 9
4 25
5 29
6 39
7 48
8 76
9 79
10 87
11 90
12 58
13 95
14 60
15 55
16 42
17 32
18 25
19 14
20 10
21 6
22 1
23 0
24 0
last timestep 24
node 853 iteration 4
0 0
1 1
2 3
3 1
4 1
5 3
6 1
7 0
8 0
last timestep 8
node 853 iteration 5
0 0
1 3
2 9
3 19
4 26
5 44
6 55
7 73
8 76
9 78
10 88
11 73
12 75
13 51
14 40
15 28
16 24
17 15
18 7
19 5
20 2
21 1
22 0
23 0
last timestep 23
node 853 iteration 6
0 0
1 1
2 2
3 0
4 0
last timestep 4
node 853 iteration 7
0 0
1 1
2 2
3 1
4 6
5 12
6 16
7 32
8 48
9 71
10 78
11 104
12 101
13 101
14 75
15 54
16 39
17 31
18 26
19 10
20 13
21 8
22 7
23 13
24 4
25 3
26 1
27 2
28 1
29 1
30 1
31 0
32 0
last timestep 32
node 853 iteration 8
0 0
1 1
2 2
3 0
4 2
5 7
6 2
7 5
8 6
9 10
10 14
11 10
12 13
13 21
14 27
15 27
16 45
17 58
18 61
19 46
20 60
21 68
22 53
23 52
24 30
25 15
26 25
27 22
28 15
29 6
30 7
31 2
32 2
33 0
last timestep 33
node 853 iteration 9
0 0
1 1
2 6
3 1
4 0
5 0
last timestep 5
