node 156 iteration 0
0 0
1 5
2 1
3 7
4 9
5 17
6 24
7 28
8 43
9 51
10 41
11 41
12 64
13 54
14 48
15 61
16 51
17 44
18 38
19 33
20 19
21 8
22 5
23 2
24 3
25 1
26 0
27 0
last timestep 27
node 156 iteration 1
0 0
1 7
2 3
3 1
4 2
5 8
6 10
7 8
8 4
9 2
10 5
11 8
12 9
13 16
14 40
15 71
16 77
17 88
18 84
19 79
20 67
21 56
22 37
23 42
24 27
25 16
26 6
27 7
28 5
29 2
30 1
31 0
32 0
last timestep 32
node 156 iteration 2
0 0
1 6
2 5
3 9
4 25
5 37
6 42
7 54
8 59
9 91
10 82
11 92
12 63
13 54
14 48
15 42
16 31
17 20
18 16
19 13
20 10
21 7
22 7
23 3
24 2
25 2
26 1
27 3
28 2
29 1
30 0
31 0
last timestep 31
node 156 iteration 3
0 0
1 6
2 4
3 13
4 15
5 11
6 15
7 14
8 17
9 28
10 31
11 36
12 44
13 69
14 70
15 66
16 44
17 37
18 35
19 26
20 21
21 15
22 12
23 3
24 1
25 2
26 0
27 0
last timestep 27
node 156 iteration 4
0 0
1 3
2 3
3 10
4 20
5 43
6 45
7 50
8 64
9 71
10 105
11 99
12 86
13 69
14 57
15 34
16 35
17 25
18 18
19 11
20 10
21 7
22 3
23 4
24 2
25 1
26 1
27 1
28 0
29 0
last timestep 29
node 156 iteration 5
0 0
1 1
2 3
3 8
4 6
5 13
6 11
7 13
8 10
9 11
10 16
11 34
12 37
13 53
14 62
15 70
16 69
17 84
18 87
19 54
20 43
21 37
22 15
23 9
24 9
25 8
26 3
27 2
28 2
29 0
30 0
last timestep 30
node 156 iteration 6
0 0
1 4
2 3
3 1
4 2
5 5
6 8
7 31
8 46
9 54
10 62
11 96
12 94
13 85
14 66
15 57
16 47
17 38
18 18
19 21
20 12
21 11
22 9
23 10
24 4
25 4
26 4
27 1
28 0
29 0
last timestep 29
node 156 iteration 7
0 0
1 6
2 2
3 0
4 0
last timestep 4
node 156 iteration 8
0 0
1 4
2 14
3 25
4 29
5 64
6 61
7 117
8 127
9 124
10 100
11 96
12 64
13 36
14 31
15 14
16 12
17 5
18 1
19 1
20 0
21 0
last timestep 21
node 156 iteration 9
0 0
1 6
2 19
3 14
4 30
5 33
6 46
7 55
8 76
9 89
10 93
11 83
12 82
13 62
14 46
15 23
16 12
17 8
18 4
19 1
20 1
21 1
22 0
23 0
last timestep 23
