node 1769 iteration 0
0 0
1 6
2 4
3 2
4 2
5 1
6 1
7 0
8 0
last timestep 8
node 1769 iteration 1
0 0
1 6
2 17
3 16
4 24
5 37
6 45
7 54
8 65
9 91
10 83
11 69
12 63
13 40
14 33
15 23
16 16
17 18
18 17
19 11
20 2
21 0
22 0
last timestep 22
node 1769 iteration 2
0 0
1 3
2 2
3 4
4 2
5 2
6 3
7 1
8 1
9 2
10 0
11 0
last timestep 11
node 1769 iteration 3
0 0
1 4
2 9
3 8
4 15
5 28
6 31
7 52
8 55
9 50
10 63
11 62
12 55
13 43
14 53
15 42
16 42
17 40
18 30
19 16
20 14
21 4
22 2
23 0
24 2
25 4
26 1
27 2
28 1
29 1
30 0
last timestep 30
node 1769 iteration 4
0 0
1 7
2 5
3 9
4 21
5 25
6 29
7 39
8 43
9 40
10 59
11 58
12 55
13 53
14 81
15 48
16 42
17 29
18 30
19 31
20 18
21 14
22 11
23 9
24 14
25 15
26 19
27 18
28 14
29 4
30 8
31 5
32 3
33 0
34 1
35 1
36 0
last timestep 36
node 1769 iteration 5
0 0
1 5
2 4
3 8
4 10
5 18
6 22
7 33
8 34
9 41
10 47
11 59
12 74
13 68
14 63
15 67
16 52
17 40
18 33
19 34
20 21
21 11
22 4
23 1
24 1
25 1
26 3
27 1
28 0
29 1
30 0
last timestep 30
node 1769 iteration 6
0 0
1 6
2 9
3 6
4 20
5 19
6 24
7 51
8 51
9 75
10 82
11 107
12 96
13 63
14 61
15 49
16 26
17 11
18 5
19 5
20 4
21 3
22 1
23 0
24 0
last timestep 24
node 1769 iteration 7
0 0
1 8
2 9
3 5
4 6
5 3
6 4
7 1
8 1
9 4
10 18
11 29
12 28
13 33
14 33
15 36
16 65
17 47
18 91
19 74
20 68
21 57
22 42
23 24
24 18
25 11
26 4
27 1
28 0
29 0
last timestep 29
node 1769 iteration 8
0 0
1 6
2 5
3 9
4 21
5 21
6 47
7 51
8 56
9 72
10 83
11 78
12 57
13 50
14 35
15 30
16 13
17 8
18 11
19 11
20 6
21 6
22 5
23 7
24 6
25 6
26 4
27 1
28 0
29 0
last timestep 29
node 1769 iteration 9
0 0
1 5
2 4
3 3
4 11
5 12
6 27
7 40
8 55
9 76
10 78
11 109
12 133
13 89
14 48
15 45
16 30
17 17
18 19
19 9
20 5
21 2
22 1
23 0
24 0
last timestep 24
