node 1652 iteration 0
0 0
1 5
2 8
3 19
4 22
5 42
6 44
7 71
8 79
9 61
10 74
11 63
12 60
13 41
14 26
15 31
16 13
17 4
18 5
19 9
20 3
21 7
22 5
23 4
24 1
25 0
26 0
last timestep 26
node 1652 iteration 1
0 0
1 3
2 11
3 17
4 22
5 29
6 42
7 76
8 84
9 105
10 97
11 102
12 106
13 76
14 37
15 21
16 18
17 10
18 8
19 9
20 4
21 3
22 0
23 0
last timestep 23
node 1652 iteration 2
0 0
1 2
2 4
3 1
4 0
5 1
6 7
7 7
8 12
9 16
10 26
11 40
12 38
13 68
14 96
15 105
16 90
17 67
18 68
19 53
20 34
21 23
22 10
23 12
24 11
25 8
26 4
27 5
28 1
29 1
30 2
31 2
32 0
last timestep 32
node 1652 iteration 3
0 0
1 3
2 5
3 8
4 12
5 18
6 40
7 52
8 61
9 85
10 97
11 87
12 70
13 50
14 56
15 43
16 35
17 26
18 16
19 15
20 15
21 9
22 2
23 5
24 4
25 2
26 1
27 0
28 0
last timestep 28
node 1652 iteration 4
0 0
1 3
2 6
3 7
4 11
5 7
6 18
7 29
8 27
9 30
10 46
11 82
12 100
13 84
14 71
15 66
16 48
17 53
18 40
19 24
20 22
21 8
22 4
23 4
24 3
25 1
26 0
27 0
last timestep 27
node 1652 iteration 5
0 0
1 2
2 9
3 7
4 17
5 22
6 36
7 51
8 59
9 71
10 80
11 84
12 72
13 47
14 50
15 53
16 26
17 17
18 7
19 8
20 4
21 5
22 5
23 4
24 2
25 0
26 0
last timestep 26
node 1652 iteration 6
0 0
1 0
2 0
last timestep 2
node 1652 iteration 7
0 0
1 2
2 0
3 0
last timestep 3
node 1652 iteration 8
0 0
1 3
2 7
3 13
4 14
5 13
6 15
7 21
8 21
9 16
10 22
11 22
12 56
13 82
14 97
15 88
16 86
17 76
18 75
19 49
20 40
21 26
22 18
23 15
24 6
25 6
26 1
27 0
28 0
last timestep 28
node 1652 iteration 9
0 0
1 1
2 1
3 0
4 0
last timestep 4
