node 1054 iteration 0
0 0
1 5
2 2
3 3
4 5
5 13
6 19
7 28
8 40
9 66
10 71
11 82
12 81
13 87
14 75
15 60
16 44
17 22
18 14
19 12
20 14
21 12
22 4
23 2
24 3
25 0
26 0
last timestep 26
node 1054 iteration 1
0 0
1 3
2 3
3 0
4 0
last timestep 4
node 1054 iteration 2
0 0
1 1
2 0
3 0
last timestep 3
node 1054 iteration 3
0 0
1 3
2 1
3 1
4 5
5 2
6 2
7 6
8 2
9 5
10 22
11 47
12 59
13 73
14 91
15 120
16 95
17 111
18 82
19 58
20 34
21 28
22 15
23 8
24 7
25 7
26 2
27 1
28 0
29 0
last timestep 29
node 1054 iteration 4
0 0
1 2
2 5
3 6
4 7
5 6
6 6
7 15
8 18
9 32
10 45
11 62
12 71
13 65
14 66
15 71
16 64
17 47
18 43
19 30
20 29
21 26
22 11
23 5
24 6
25 12
26 9
27 4
28 3
29 2
30 1
31 0
32 0
last timestep 32
node 1054 iteration 5
0 0
1 2
2 1
3 1
4 0
5 0
last timestep 5
node 1054 iteration 6
0 0
1 7
2 10
3 23
4 43
5 46
6 60
7 89
8 97
9 105
10 96
11 70
12 43
13 41
14 16
15 13
16 10
17 4
18 5
19 6
20 11
21 5
22 2
23 0
24 0
last timestep 24
node 1054 iteration 7
0 0
1 2
2 6
3 5
4 10
5 7
6 14
7 40
8 62
9 82
10 92
11 98
12 100
13 110
14 75
15 42
16 36
17 27
18 16
19 18
20 8
21 4
22 0
23 1
24 1
25 2
26 1
27 0
last timestep 27
node 1054 iteration 8
0 0
1 3
2 7
3 31
4 47
5 54
6 65
7 89
8 84
9 86
10 108
11 82
12 68
13 33
14 28
15 27
16 11
17 10
18 10
19 3
20 2
21 1
22 0
23 1
24 0
last timestep 24
node 1054 iteration 9
0 0
1 2
2 0
3 0
last timestep 3
