node 1077 iteration 0
0 0
1 7
2 6
3 13
4 26
5 22
6 30
7 40
8 51
9 60
10 46
11 52
12 74
13 70
14 61
15 64
16 55
17 50
18 32
19 19
20 10
21 10
22 3
23 4
24 4
25 3
26 3
27 0
28 0
last timestep 28
node 1077 iteration 1
0 0
1 2
2 3
3 2
4 3
5 3
6 8
7 3
8 3
9 4
10 3
11 7
12 4
13 10
14 17
15 27
16 37
17 65
18 59
19 88
20 72
21 75
22 63
23 53
24 41
25 47
26 28
27 22
28 6
29 6
30 4
31 0
32 0
last timestep 32
node 1077 iteration 2
0 0
1 5
2 12
3 34
4 62
5 76
6 106
7 128
8 102
9 69
10 69
11 56
12 39
13 29
14 12
15 8
16 4
17 2
18 2
19 0
20 0
last timestep 20
node 1077 iteration 3
0 0
1 3
2 1
3 1
4 4
5 8
6 14
7 13
8 27
9 41
10 38
11 66
12 95
13 85
14 87
15 98
16 73
17 51
18 38
19 31
20 23
21 14
22 10
23 4
24 0
25 0
last timestep 25
node 1077 iteration 4
0 0
1 1
2 2
3 3
4 6
5 8
6 11
7 20
8 22
9 27
10 52
11 59
12 72
13 86
14 76
15 74
16 73
17 54
18 39
19 25
20 20
21 12
22 11
23 3
24 7
25 9
26 8
27 8
28 4
29 8
30 2
31 1
32 0
33 0
last timestep 33
node 1077 iteration 5
0 0
1 2
2 3
3 8
4 17
5 19
6 30
7 37
8 38
9 45
10 79
11 71
12 80
13 77
14 59
15 49
16 33
17 48
18 25
19 23
20 21
21 5
22 3
23 7
24 0
25 2
26 1
27 0
last timestep 27
node 1077 iteration 6
0 0
1 2
2 5
3 8
4 6
5 11
6 10
7 15
8 22
9 24
10 28
11 45
12 38
13 44
14 45
15 56
16 80
17 69
18 66
19 51
20 22
21 20
22 19
23 25
24 18
25 9
26 9
27 9
28 3
29 1
30 1
31 2
32 0
33 0
last timestep 33
node 1077 iteration 7
0 0
1 7
2 5
3 5
4 13
5 22
6 37
7 46
8 54
9 57
10 44
11 40
12 36
13 37
14 39
15 40
16 44
17 34
18 34
19 29
20 16
21 9
22 7
23 7
24 6
25 0
26 0
last timestep 26
node 1077 iteration 8
0 0
1 4
2 11
3 26
4 36
5 33
6 47
7 53
8 47
9 67
10 76
11 74
12 84
13 74
14 52
15 38
16 26
17 21
18 19
19 9
20 9
21 6
22 4
23 0
24 0
last timestep 24
node 1077 iteration 9
0 0
1 4
2 4
3 8
4 11
5 20
6 20
7 29
8 36
9 59
10 65
11 102
12 103
13 114
14 83
15 67
16 55
17 42
18 24
19 15
20 15
21 9
22 4
23 2
24 2
25 1
26 1
27 0
28 0
last timestep 28
