node 711 iteration 0
0 0
1 6
2 13
3 14
4 30
5 27
6 30
7 30
8 46
9 39
10 58
11 64
12 72
13 83
14 78
15 60
16 44
17 40
18 27
19 19
20 15
21 8
22 7
23 7
24 12
25 7
26 3
27 2
28 1
29 0
30 0
last timestep 30
node 711 iteration 1
0 0
1 5
2 4
3 3
4 3
5 5
6 12
7 18
8 29
9 47
10 45
11 72
12 75
13 76
14 82
15 79
16 57
17 37
18 38
19 22
20 22
21 13
22 7
23 6
24 3
25 1
26 1
27 0
28 0
last timestep 28
node 711 iteration 2
0 0
1 6
2 13
3 25
4 26
5 18
6 40
7 63
8 59
9 60
10 79
11 75
12 61
13 59
14 44
15 33
16 38
17 22
18 20
19 9
20 8
21 2
22 3
23 1
24 1
25 0
26 0
last timestep 26
node 711 iteration 3
0 0
1 4
2 11
3 8
4 16
5 15
6 21
7 25
8 27
9 36
10 48
11 53
12 64
13 64
14 54
15 44
16 46
17 38
18 34
19 34
20 29
21 20
22 19
23 12
24 5
25 2
26 0
27 0
last timestep 27
node 711 iteration 4
0 0
1 6
2 6
3 5
4 8
5 10
6 3
7 10
8 13
9 19
10 31
11 28
12 38
13 81
14 84
15 102
16 105
17 73
18 52
19 62
20 38
21 25
22 11
23 3
24 3
25 1
26 1
27 0
28 0
last timestep 28
node 711 iteration 5
0 0
1 10
2 9
3 20
4 30
5 43
6 79
7 92
8 111
9 124
10 65
11 52
12 27
13 23
14 11
15 21
16 13
17 5
18 1
19 0
20 1
21 0
last timestep 21
node 711 iteration 6
0 0
1 4
2 3
3 7
4 18
5 20
6 25
7 25
8 27
9 66
10 68
11 85
12 76
13 61
14 45
15 33
16 18
17 13
18 20
19 12
20 10
21 12
22 8
23 5
24 0
25 0
last timestep 25
node 711 iteration 7
0 0
1 0
2 0
last timestep 2
node 711 iteration 8
0 0
1 4
2 6
3 17
4 27
5 55
6 63
7 88
8 104
9 139
10 130
11 81
12 57
13 41
14 38
15 35
16 17
17 10
18 8
19 3
20 1
21 2
22 0
23 0
last timestep 23
node 711 iteration 9
0 0
1 7
2 7
3 12
4 17
5 29
6 57
7 67
8 80
9 80
10 68
11 72
12 64
13 54
14 39
15 35
16 28
17 18
18 8
19 10
20 9
21 11
22 5
23 2
24 0
25 0
last timestep 25
