node 1107 iteration 0
0 0
1 6
2 16
3 33
4 44
5 46
6 44
7 34
8 43
9 69
10 56
11 42
12 46
13 47
14 45
15 36
16 20
17 6
18 7
19 6
20 8
21 8
22 5
23 4
24 4
25 1
26 1
27 0
28 0
last timestep 28
node 1107 iteration 1
0 0
1 4
2 7
3 24
4 32
5 45
6 47
7 76
8 76
9 81
10 76
11 58
12 50
13 42
14 28
15 32
16 21
17 8
18 6
19 5
20 3
21 3
22 4
23 3
24 7
25 4
26 1
27 0
28 0
last timestep 28
node 1107 iteration 2
0 0
1 8
2 19
3 15
4 18
5 38
6 55
7 56
8 67
9 99
10 90
11 77
12 63
13 49
14 33
15 19
16 23
17 15
18 12
19 6
20 7
21 4
22 3
23 6
24 4
25 5
26 6
27 6
28 3
29 0
30 0
last timestep 30
node 1107 iteration 3
0 0
1 6
2 10
3 26
4 34
5 54
6 38
7 51
8 44
9 54
10 79
11 67
12 54
13 43
14 37
15 30
16 22
17 18
18 14
19 5
20 3
21 1
22 0
23 2
24 1
25 0
last timestep 25
node 1107 iteration 4
0 0
1 7
2 7
3 14
4 15
5 37
6 41
7 53
8 55
9 64
10 82
11 88
12 77
13 70
14 51
15 45
16 27
17 23
18 12
19 8
20 4
21 4
22 2
23 2
24 0
25 0
last timestep 25
node 1107 iteration 5
0 0
1 4
2 3
3 1
4 1
5 0
6 0
last timestep 6
node 1107 iteration 6
0 0
1 7
2 18
3 24
4 41
5 54
6 49
7 63
8 66
9 79
10 71
11 51
12 68
13 49
14 61
15 29
16 22
17 16
18 8
19 3
20 3
21 0
22 0
last timestep 22
node 1107 iteration 7
0 0
1 7
2 11
3 15
4 34
5 46
6 60
7 73
8 61
9 70
10 63
11 58
12 51
13 32
14 29
15 16
16 21
17 14
18 7
19 5
20 6
21 1
22 2
23 0
24 0
last timestep 24
node 1107 iteration 8
0 0
1 6
2 5
3 8
4 9
5 9
6 14
7 15
8 26
9 31
10 56
11 65
12 72
13 94
14 111
15 111
16 88
17 75
18 30
19 29
20 17
21 7
22 8
23 3
24 1
25 0
26 0
last timestep 26
node 1107 iteration 9
0 0
1 10
2 7
3 9
4 9
5 21
6 32
7 50
8 65
9 103
10 120
11 108
12 74
13 70
14 51
15 39
16 10
17 10
18 10
19 3
20 2
21 2
22 2
23 1
24 1
25 0
26 0
last timestep 26
