node 718 iteration 0
0 0
1 3
2 4
3 4
4 6
5 12
6 21
7 21
8 42
9 67
10 79
11 88
12 95
13 108
14 80
15 71
16 66
17 34
18 37
19 23
20 11
21 5
22 7
23 5
24 2
25 0
26 0
last timestep 26
node 718 iteration 1
0 0
1 3
2 7
3 10
4 16
5 17
6 19
7 24
8 41
9 61
10 81
11 80
12 84
13 89
14 91
15 61
16 47
17 28
18 26
19 11
20 6
21 1
22 3
23 1
24 0
25 0
last timestep 25
node 718 iteration 2
0 0
1 0
2 0
last timestep 2
node 718 iteration 3
0 0
1 0
2 0
last timestep 2
node 718 iteration 4
0 0
1 3
2 3
3 3
4 4
5 3
6 3
7 1
8 7
9 18
10 21
11 45
12 57
13 65
14 57
15 80
16 77
17 73
18 56
19 40
20 39
21 32
22 34
23 17
24 30
25 14
26 6
27 7
28 3
29 2
30 1
31 0
32 0
last timestep 32
node 718 iteration 5
0 0
1 4
2 5
3 7
4 14
5 19
6 11
7 11
8 17
9 37
10 51
11 67
12 61
13 82
14 92
15 91
16 59
17 47
18 31
19 27
20 26
21 13
22 17
23 20
24 10
25 8
26 5
27 9
28 6
29 6
30 5
31 2
32 0
33 0
last timestep 33
node 718 iteration 6
0 0
1 4
2 2
3 13
4 11
5 19
6 32
7 68
8 73
9 96
10 120
11 96
12 71
13 59
14 38
15 31
16 18
17 24
18 12
19 5
20 7
21 1
22 1
23 1
24 0
25 0
last timestep 25
node 718 iteration 7
0 0
1 2
2 1
3 1
4 1
5 2
6 6
7 8
8 15
9 21
10 23
11 37
12 72
13 78
14 89
15 97
16 90
17 80
18 54
19 45
20 31
21 20
22 11
23 14
24 7
25 5
26 5
27 2
28 5
29 2
30 1
31 0
32 0
last timestep 32
node 718 iteration 8
0 0
1 1
2 0
3 0
last timestep 3
node 718 iteration 9
0 0
1 0
2 0
last timestep 2
