node 91 iteration 0
0 0
1 7
2 13
3 6
4 8
5 8
6 7
7 7
8 10
9 6
10 6
11 8
12 26
13 31
14 41
15 39
16 54
17 79
18 87
19 85
20 63
21 45
22 44
23 40
24 24
25 21
26 20
27 14
28 17
29 10
30 14
31 7
32 2
33 0
34 0
last timestep 34
node 91 iteration 1
0 0
1 8
2 9
3 12
4 15
5 28
6 57
7 56
8 74
9 88
10 88
11 80
12 65
13 56
14 46
15 39
16 14
17 12
18 10
19 4
20 1
21 0
22 0
last timestep 22
node 91 iteration 2
0 0
1 4
2 11
3 15
4 27
5 57
6 83
7 106
8 107
9 90
10 88
11 53
12 31
13 21
14 21
15 8
16 5
17 3
18 1
19 3
20 8
21 13
22 2
23 6
24 7
25 5
26 3
27 0
28 0
last timestep 28
node 91 iteration 3
0 0
1 4
2 2
3 5
4 17
5 29
6 38
7 38
8 57
9 65
10 74
11 61
12 60
13 62
14 71
15 53
16 41
17 19
18 14
19 9
20 3
21 2
22 1
23 0
24 0
last timestep 24
node 91 iteration 4
0 0
1 9
2 4
3 4
4 10
5 16
6 23
7 39
8 59
9 73
10 66
11 64
12 68
13 82
14 57
15 57
16 41
17 23
18 26
19 18
20 12
21 7
22 5
23 3
24 5
25 1
26 0
27 1
28 1
29 2
30 3
31 1
32 1
33 5
34 1
35 0
last timestep 35
node 91 iteration 5
0 0
1 9
2 24
3 15
4 8
5 4
6 4
7 6
8 7
9 10
10 13
11 23
12 25
13 35
14 41
15 42
16 66
17 51
18 61
19 70
20 72
21 53
22 43
23 32
24 32
25 14
26 17
27 10
28 6
29 9
30 6
31 2
32 2
33 0
34 0
last timestep 34
node 91 iteration 6
0 0
1 6
2 3
3 2
4 4
5 5
6 14
7 18
8 54
9 65
10 63
11 78
12 88
13 97
14 87
15 92
16 73
17 46
18 22
19 7
20 6
21 2
22 1
23 2
24 1
25 0
26 0
last timestep 26
node 91 iteration 7
0 0
1 9
2 17
3 25
4 33
5 40
6 50
7 64
8 78
9 99
10 92
11 90
12 65
13 55
14 36
15 14
16 2
17 1
18 1
19 1
20 1
21 0
22 0
last timestep 22
node 91 iteration 8
0 0
1 8
2 6
3 9
4 12
5 27
6 25
7 41
8 55
9 63
10 83
11 84
12 82
13 68
14 66
15 54
16 53
17 39
18 47
19 27
20 14
21 9
22 8
23 4
24 1
25 1
26 0
27 0
last timestep 27
node 91 iteration 9
0 0
1 9
2 6
3 5
4 7
5 12
6 20
7 36
8 60
9 82
10 87
11 111
12 120
13 103
14 83
15 50
16 31
17 24
18 18
19 9
20 5
21 4
22 1
23 1
24 1
25 2
26 2
27 0
28 0
last timestep 28
