node 1277 iteration 0
0 0
1 5
2 8
3 9
4 17
5 26
6 38
7 45
8 65
9 69
10 67
11 76
12 63
13 60
14 48
15 54
16 29
17 21
18 19
19 5
20 9
21 6
22 3
23 2
24 2
25 0
26 0
last timestep 26
node 1277 iteration 1
0 0
1 1
2 0
3 0
last timestep 3
node 1277 iteration 2
0 0
1 4
2 7
3 8
4 21
5 38
6 68
7 89
8 118
9 124
10 129
11 112
12 74
13 52
14 29
15 20
16 21
17 13
18 5
19 3
20 4
21 0
22 0
last timestep 22
node 1277 iteration 3
0 0
1 2
2 1
3 1
4 2
5 7
6 19
7 12
8 21
9 19
10 34
11 47
12 57
13 48
14 73
15 64
16 48
17 38
18 67
19 58
20 34
21 22
22 16
23 17
24 11
25 10
26 6
27 7
28 7
29 6
30 5
31 3
32 7
33 1
34 0
35 0
last timestep 35
node 1277 iteration 4
0 0
1 7
2 7
3 7
4 18
5 30
6 42
7 54
8 69
9 67
10 88
11 88
12 80
13 79
14 46
15 35
16 29
17 28
18 19
19 11
20 6
21 5
22 7
23 2
24 3
25 0
26 0
last timestep 26
node 1277 iteration 5
0 0
1 1
2 1
3 2
4 2
5 6
6 3
7 0
8 0
last timestep 8
node 1277 iteration 6
0 0
1 1
2 0
3 0
last timestep 3
node 1277 iteration 7
0 0
1 7
2 8
3 10
4 17
5 21
6 21
7 31
8 66
9 84
10 104
11 88
12 107
13 102
14 71
15 49
16 35
17 20
18 13
19 8
20 1
21 2
22 2
23 0
24 0
last timestep 24
node 1277 iteration 8
0 0
1 5
2 7
3 8
4 3
5 5
6 5
7 19
8 16
9 19
10 24
11 25
12 34
13 40
14 52
15 38
16 33
17 28
18 49
19 43
20 45
21 36
22 39
23 31
24 24
25 24
26 17
27 18
28 15
29 6
30 5
31 5
32 3
33 1
34 0
35 1
36 0
last timestep 36
node 1277 iteration 9
0 0
1 6
2 5
3 14
4 35
5 52
6 69
7 92
8 96
9 116
10 117
11 83
12 68
13 42
14 33
15 17
16 10
17 11
18 12
19 5
20 4
21 6
22 2
23 4
24 1
25 0
26 0
last timestep 26
