node 1135 iteration 0
0 0
1 4
2 5
3 4
4 8
5 10
6 6
7 6
8 6
9 15
10 27
11 30
12 46
13 50
14 44
15 73
16 76
17 74
18 51
19 63
20 41
21 38
22 28
23 24
24 19
25 10
26 7
27 14
28 8
29 6
30 5
31 2
32 1
33 0
34 0
last timestep 34
node 1135 iteration 1
0 0
1 0
2 0
last timestep 2
node 1135 iteration 2
0 0
1 5
2 9
3 8
4 14
5 10
6 18
7 20
8 38
9 59
10 60
11 70
12 83
13 66
14 68
15 74
16 68
17 64
18 39
19 25
20 19
21 10
22 11
23 5
24 2
25 0
26 0
last timestep 26
node 1135 iteration 3
0 0
1 1
2 0
3 0
last timestep 3
node 1135 iteration 4
0 0
1 5
2 10
3 14
4 24
5 38
6 36
7 56
8 69
9 50
10 46
11 42
12 57
13 48
14 35
15 34
16 36
17 27
18 30
19 25
20 16
21 9
22 4
23 5
24 2
25 0
26 0
last timestep 26
node 1135 iteration 5
0 0
1 2
2 0
3 1
4 3
5 3
6 13
7 21
8 51
9 56
10 63
11 65
12 67
13 60
14 56
15 45
16 43
17 46
18 29
19 31
20 19
21 23
22 14
23 8
24 8
25 6
26 8
27 6
28 3
29 2
30 0
last timestep 30
node 1135 iteration 6
0 0
1 1
2 2
3 1
4 2
5 0
6 0
last timestep 6
node 1135 iteration 7
0 0
1 4
2 6
3 2
4 5
5 9
6 16
7 12
8 14
9 30
10 46
11 60
12 74
13 87
14 93
15 81
16 64
17 48
18 56
19 36
20 30
21 23
22 22
23 23
24 8
25 8
26 11
27 8
28 3
29 0
30 0
last timestep 30
node 1135 iteration 8
0 0
1 4
2 2
3 3
4 5
5 3
6 4
7 12
8 22
9 18
10 36
11 47
12 71
13 70
14 80
15 93
16 94
17 74
18 60
19 46
20 31
21 19
22 10
23 6
24 3
25 2
26 1
27 1
28 0
29 0
last timestep 29
node 1135 iteration 9
0 0
1 2
2 0
3 0
last timestep 3
