node 1491 iteration 0
0 0
1 3
2 8
3 3
4 4
5 3
6 4
7 3
8 4
9 4
10 7
11 4
12 6
13 11
14 9
15 5
16 14
17 23
18 34
19 35
20 45
21 35
22 56
23 65
24 65
25 60
26 62
27 43
28 39
29 16
30 22
31 8
32 3
33 1
34 0
35 0
last timestep 35
node 1491 iteration 1
0 0
1 2
2 3
3 7
4 8
5 8
6 23
7 36
8 57
9 57
10 67
11 82
12 89
13 63
14 68
15 38
16 37
17 18
18 15
19 10
20 10
21 4
22 1
23 3
24 2
25 0
26 0
last timestep 26
node 1491 iteration 2
0 0
1 0
2 0
last timestep 2
node 1491 iteration 3
0 0
1 5
2 2
3 6
4 15
5 21
6 23
7 30
8 48
9 76
10 82
11 81
12 66
13 71
14 54
15 60
16 46
17 31
18 21
19 15
20 8
21 6
22 1
23 0
24 0
last timestep 24
node 1491 iteration 4
0 0
1 9
2 13
3 21
4 30
5 31
6 41
7 48
8 56
9 62
10 60
11 58
12 63
13 43
14 48
15 32
16 23
17 19
18 9
19 8
20 5
21 2
22 6
23 1
24 1
25 2
26 2
27 2
28 4
29 5
30 2
31 0
32 0
last timestep 32
node 1491 iteration 5
0 0
1 6
2 5
3 5
4 12
5 13
6 28
7 30
8 20
9 29
10 38
11 43
12 51
13 65
14 68
15 72
16 74
17 58
18 33
19 23
20 19
21 26
22 21
23 25
24 8
25 5
26 6
27 2
28 0
29 0
last timestep 29
node 1491 iteration 6
0 0
1 4
2 4
3 1
4 4
5 6
6 16
7 34
8 41
9 42
10 65
11 78
12 106
13 90
14 79
15 51
16 44
17 30
18 22
19 27
20 10
21 13
22 5
23 1
24 1
25 0
26 0
last timestep 26
node 1491 iteration 7
0 0
1 4
2 3
3 1
4 2
5 2
6 2
7 3
8 4
9 4
10 3
11 2
12 4
13 9
14 11
15 6
16 6
17 8
18 5
19 7
20 21
21 43
22 54
23 70
24 93
25 94
26 70
27 66
28 55
29 31
30 22
31 13
32 22
33 15
34 10
35 4
36 5
37 4
38 4
39 5
40 2
41 0
42 0
last timestep 42
node 1491 iteration 8
0 0
1 4
2 6
3 4
4 12
5 11
6 12
7 15
8 13
9 16
10 20
11 30
12 28
13 36
14 29
15 38
16 44
17 64
18 59
19 58
20 64
21 77
22 67
23 41
24 55
25 40
26 27
27 19
28 9
29 5
30 8
31 6
32 1
33 2
34 2
35 1
36 0
37 0
last timestep 37
node 1491 iteration 9
0 0
1 2
2 5
3 1
4 0
5 0
last timestep 5
