node 241 iteration 0
0 0
1 4
2 3
3 5
4 6
5 4
6 3
7 9
8 7
9 6
10 11
11 14
12 26
13 24
14 30
15 26
16 34
17 39
18 49
19 65
20 73
21 62
22 77
23 59
24 47
25 24
26 16
27 13
28 7
29 10
30 5
31 1
32 0
33 0
last timestep 33
node 241 iteration 1
0 0
1 3
2 5
3 2
4 2
5 9
6 5
7 3
8 4
9 6
10 14
11 26
12 44
13 46
14 43
15 70
16 70
17 72
18 72
19 56
20 49
21 39
22 19
23 23
24 14
25 13
26 6
27 3
28 3
29 1
30 0
31 0
last timestep 31
node 241 iteration 2
0 0
1 2
2 3
3 4
4 2
5 7
6 17
7 32
8 52
9 72
10 93
11 74
12 79
13 61
14 57
15 50
16 47
17 31
18 24
19 16
20 15
21 6
22 3
23 3
24 2
25 0
26 2
27 1
28 1
29 0
last timestep 29
node 241 iteration 3
0 0
1 2
2 1
3 2
4 6
5 9
6 17
7 25
8 31
9 60
10 75
11 80
12 77
13 72
14 67
15 60
16 42
17 29
18 22
19 9
20 4
21 0
22 0
last timestep 22
node 241 iteration 4
0 0
1 7
2 8
3 10
4 6
5 3
6 3
7 6
8 5
9 10
10 1
11 0
12 0
last timestep 12
node 241 iteration 5
0 0
1 2
2 7
3 11
4 13
5 26
6 35
7 51
8 51
9 60
10 67
11 74
12 80
13 66
14 66
15 66
16 42
17 29
18 20
19 17
20 10
21 7
22 0
23 0
last timestep 23
node 241 iteration 6
0 0
1 1
2 1
3 0
4 0
last timestep 4
node 241 iteration 7
0 0
1 1
2 0
3 0
last timestep 3
node 241 iteration 8
0 0
1 7
2 10
3 13
4 25
5 35
6 63
7 85
8 94
9 114
10 92
11 85
12 49
13 37
14 17
15 6
16 2
17 2
18 4
19 6
20 6
21 8
22 4
23 6
24 3
25 0
26 1
27 1
28 0
last timestep 28
node 241 iteration 9
0 0
1 6
2 8
3 12
4 8
5 23
6 29
7 51
8 57
9 80
10 97
11 92
12 73
13 67
14 61
15 49
16 27
17 14
18 13
19 9
20 6
21 4
22 8
23 11
24 4
25 0
26 0
last timestep 26
