node 602 iteration 0
0 0
1 4
2 30
3 35
4 44
5 61
6 101
7 104
8 118
9 89
10 64
11 40
12 37
13 18
14 24
15 13
16 13
17 7
18 6
19 2
20 1
21 0
22 0
last timestep 22
node 602 iteration 1
0 0
1 2
2 2
3 0
4 0
last timestep 4
node 602 iteration 2
0 0
1 2
2 2
3 5
4 3
5 6
6 13
7 16
8 14
9 34
10 43
11 52
12 51
13 62
14 65
15 76
16 83
17 82
18 62
19 52
20 33
21 14
22 10
23 6
24 4
25 2
26 0
27 0
last timestep 27
node 602 iteration 3
0 0
1 0
2 3
3 2
4 3
5 8
6 26
7 44
8 67
9 73
10 80
11 99
12 92
13 60
14 70
15 51
16 49
17 26
18 16
19 8
20 8
21 4
22 5
23 5
24 2
25 0
last timestep 25
node 602 iteration 4
0 0
1 2
2 5
3 11
4 15
5 23
6 21
7 35
8 41
9 59
10 80
11 80
12 77
13 63
14 43
15 33
16 27
17 26
18 12
19 7
20 11
21 8
22 6
23 8
24 6
25 6
26 6
27 3
28 1
29 0
30 0
last timestep 30
node 602 iteration 5
0 0
1 2
2 5
3 3
4 2
5 5
6 18
7 33
8 49
9 64
10 103
11 120
12 112
13 110
14 75
15 54
16 38
17 24
18 7
19 8
20 4
21 1
22 3
23 0
24 0
last timestep 24
node 602 iteration 6
0 0
1 1
2 0
3 0
last timestep 3
node 602 iteration 7
0 0
1 1
2 2
3 5
4 5
5 5
6 7
7 8
8 12
9 15
10 26
11 44
12 62
13 67
14 109
15 115
16 107
17 84
18 57
19 41
20 19
21 19
22 14
23 16
24 10
25 3
26 3
27 3
28 0
29 0
last timestep 29
node 602 iteration 8
0 0
1 2
2 2
3 9
4 18
5 45
6 56
7 83
8 104
9 117
10 93
11 93
12 71
13 57
14 30
15 21
16 17
17 7
18 4
19 1
20 2
21 0
22 1
23 0
last timestep 23
node 602 iteration 9
0 0
1 3
2 10
3 10
4 10
5 27
6 39
7 48
8 81
9 107
10 89
11 89
12 85
13 83
14 67
15 53
16 37
17 24
18 18
19 23
20 6
21 4
22 2
23 0
24 0
last timestep 24
