node 499 iteration 0
0 0
1 4
2 2
3 4
4 5
5 6
6 1
7 0
8 0
last timestep 8
node 499 iteration 1
0 0
1 1
2 0
3 0
last timestep 3
node 499 iteration 2
0 0
1 4
2 6
3 23
4 15
5 20
6 23
7 38
8 35
9 34
10 42
11 70
12 67
13 64
14 79
15 64
16 42
17 35
18 29
19 21
20 12
21 4
22 2
23 3
24 1
25 0
26 0
last timestep 26
node 499 iteration 3
0 0
1 3
2 5
3 5
4 8
5 15
6 22
7 25
8 42
9 44
10 50
11 65
12 77
13 72
14 48
15 54
16 56
17 46
18 40
19 25
20 14
21 7
22 3
23 1
24 1
25 0
26 0
last timestep 26
node 499 iteration 4
0 0
1 8
2 5
3 10
4 26
5 38
6 51
7 65
8 83
9 83
10 89
11 79
12 70
13 61
14 59
15 32
16 22
17 20
18 11
19 3
20 1
21 1
22 0
23 0
last timestep 23
node 499 iteration 5
0 0
1 4
2 5
3 5
4 7
5 13
6 18
7 19
8 32
9 39
10 40
11 54
12 70
13 68
14 53
15 45
16 43
17 46
18 38
19 26
20 19
21 6
22 3
23 3
24 1
25 2
26 4
27 2
28 2
29 4
30 1
31 3
32 2
33 1
34 6
35 1
36 0
37 0
last timestep 37
node 499 iteration 6
0 0
1 8
2 9
3 8
4 18
5 18
6 21
7 24
8 33
9 39
10 44
11 49
12 51
13 60
14 51
15 53
16 54
17 42
18 45
19 32
20 28
21 23
22 13
23 14
24 12
25 7
26 5
27 2
28 1
29 0
30 0
last timestep 30
node 499 iteration 7
0 0
1 6
2 8
3 33
4 35
5 41
6 43
7 67
8 72
9 86
10 61
11 94
12 72
13 56
14 30
15 26
16 16
17 11
18 6
19 6
20 4
21 0
22 3
23 0
last timestep 23
node 499 iteration 8
0 0
1 3
2 9
3 12
4 35
5 38
6 58
7 53
8 53
9 61
10 63
11 82
12 64
13 43
14 33
15 28
16 18
17 22
18 7
19 7
20 7
21 4
22 1
23 0
24 0
last timestep 24
node 499 iteration 9
0 0
1 3
2 4
3 2
4 0
5 2
6 3
7 3
8 0
last timestep 8
