node 1105 iteration 0
0 0
1 7
2 13
3 25
4 33
5 46
6 57
7 65
8 57
9 56
10 78
11 70
12 76
13 60
14 32
15 46
16 30
17 20
18 14
19 5
20 1
21 0
22 1
23 1
24 0
last timestep 24
node 1105 iteration 1
0 0
1 5
2 6
3 16
4 13
5 17
6 14
7 21
8 32
9 47
10 72
11 95
12 85
13 67
14 63
15 65
16 37
17 30
18 22
19 25
20 19
21 17
22 7
23 2
24 0
25 0
last timestep 25
node 1105 iteration 2
0 0
1 3
2 4
3 10
4 18
5 34
6 45
7 76
8 85
9 119
10 114
11 89
12 73
13 63
14 61
15 20
16 9
17 5
18 0
19 0
last timestep 19
node 1105 iteration 3
0 0
1 4
2 4
3 7
4 12
5 31
6 45
7 53
8 93
9 111
10 104
11 106
12 69
13 48
14 35
15 36
16 15
17 14
18 7
19 5
20 0
21 0
last timestep 21
node 1105 iteration 4
0 0
1 5
2 7
3 13
4 24
5 38
6 34
7 64
8 79
9 93
10 112
11 95
12 65
13 56
14 28
15 21
16 11
17 12
18 8
19 8
20 3
21 2
22 2
23 0
24 0
last timestep 24
node 1105 iteration 5
0 0
1 1
2 0
3 0
last timestep 3
node 1105 iteration 6
0 0
1 7
2 20
3 32
4 40
5 74
6 72
7 104
8 95
9 83
10 73
11 69
12 50
13 48
14 32
15 20
16 10
17 5
18 3
19 2
20 1
21 2
22 1
23 0
24 2
25 2
26 2
27 0
last timestep 27
node 1105 iteration 7
0 0
1 4
2 4
3 7
4 2
5 1
6 4
7 4
8 4
9 7
10 14
11 11
12 20
13 34
14 60
15 50
16 70
17 68
18 77
19 74
20 66
21 57
22 44
23 36
24 24
25 10
26 8
27 2
28 3
29 2
30 0
31 0
last timestep 31
node 1105 iteration 8
0 0
1 0
2 5
3 7
4 8
5 5
6 14
7 22
8 33
9 33
10 38
11 64
12 50
13 54
14 63
15 58
16 62
17 62
18 47
19 39
20 37
21 25
22 14
23 7
24 10
25 5
26 1
27 1
28 0
last timestep 28
node 1105 iteration 9
0 0
1 4
2 16
3 18
4 44
5 45
6 82
7 99
8 124
9 110
10 94
11 72
12 62
13 36
14 19
15 12
16 7
17 10
18 5
19 1
20 1
21 0
22 0
last timestep 22
