node 1074 iteration 0
0 0
1 4
2 3
3 7
4 4
5 4
6 8
7 14
8 14
9 11
10 29
11 34
12 34
13 44
14 55
15 85
16 88
17 82
18 73
19 53
20 48
21 17
22 11
23 5
24 1
25 0
26 0
last timestep 26
node 1074 iteration 1
0 0
1 1
2 4
3 4
4 5
5 6
6 10
7 11
8 30
9 54
10 64
11 60
12 71
13 99
14 74
15 67
16 48
17 27
18 22
19 22
20 14
21 3
22 3
23 3
24 3
25 3
26 3
27 3
28 6
29 5
30 8
31 4
32 0
33 3
34 2
35 1
36 0
last timestep 36
node 1074 iteration 2
0 0
1 6
2 6
3 6
4 4
5 9
6 38
7 47
8 57
9 83
10 97
11 86
12 67
13 66
14 49
15 42
16 26
17 17
18 11
19 13
20 8
21 2
22 0
23 3
24 1
25 2
26 5
27 1
28 0
last timestep 28
node 1074 iteration 3
0 0
1 6
2 2
3 4
4 2
5 3
6 3
7 4
8 3
9 7
10 11
11 12
12 23
13 37
14 54
15 60
16 62
17 70
18 58
19 56
20 63
21 40
22 43
23 28
24 22
25 13
26 9
27 4
28 4
29 0
30 0
last timestep 30
node 1074 iteration 4
0 0
1 1
2 2
3 2
4 2
5 10
6 17
7 14
8 15
9 1
10 0
11 2
12 0
last timestep 12
node 1074 iteration 5
0 0
1 4
2 4
3 8
4 14
5 22
6 39
7 53
8 54
9 87
10 89
11 105
12 90
13 95
14 59
15 36
16 25
17 14
18 4
19 8
20 3
21 0
22 2
23 3
24 1
25 0
last timestep 25
node 1074 iteration 6
0 0
1 3
2 0
3 1
4 0
last timestep 4
node 1074 iteration 7
0 0
1 3
2 0
3 0
last timestep 3
node 1074 iteration 8
0 0
1 5
2 6
3 17
4 37
5 41
6 57
7 68
8 79
9 76
10 61
11 53
12 42
13 37
14 33
15 20
16 13
17 10
18 12
19 2
20 1
21 0
22 0
last timestep 22
node 1074 iteration 9
0 0
1 3
2 2
3 1
4 1
5 0
6 0
last timestep 6
