node 929 iteration 0
0 0
1 7
2 6
3 19
4 27
5 36
6 52
7 56
8 77
9 76
10 84
11 63
12 63
13 38
14 40
15 32
16 33
17 23
18 18
19 9
20 6
21 5
22 3
23 1
24 1
25 1
26 0
27 0
last timestep 27
node 929 iteration 1
0 0
1 3
2 2
3 1
4 0
5 0
last timestep 5
node 929 iteration 2
0 0
1 1
2 2
3 1
4 3
5 6
6 11
7 10
8 17
9 18
10 19
11 36
12 50
13 69
14 90
15 88
16 90
17 76
18 65
19 54
20 43
21 23
22 11
23 7
24 10
25 8
26 8
27 11
28 6
29 3
30 3
31 2
32 1
33 0
34 0
last timestep 34
node 929 iteration 3
0 0
1 3
2 12
3 15
4 27
5 39
6 46
7 62
8 67
9 79
10 80
11 80
12 72
13 59
14 50
15 38
16 14
17 20
18 15
19 14
20 4
21 3
22 3
23 3
24 5
25 2
26 0
27 0
last timestep 27
node 929 iteration 4
0 0
1 5
2 3
3 9
4 8
5 23
6 21
7 28
8 45
9 61
10 90
11 95
12 116
13 108
14 95
15 68
16 55
17 24
18 14
19 16
20 19
21 11
22 3
23 0
24 0
last timestep 24
node 929 iteration 5
0 0
1 7
2 3
3 4
4 10
5 6
6 10
7 4
8 4
9 6
10 12
11 12
12 14
13 22
14 38
15 68
16 54
17 68
18 70
19 64
20 56
21 35
22 32
23 38
24 33
25 25
26 14
27 11
28 8
29 7
30 5
31 3
32 1
33 0
34 0
last timestep 34
node 929 iteration 6
0 0
1 2
2 2
3 3
4 2
5 4
6 5
7 6
8 3
9 6
10 16
11 15
12 23
13 20
14 26
15 49
16 57
17 69
18 56
19 73
20 58
21 57
22 74
23 60
24 39
25 29
26 15
27 10
28 6
29 5
30 4
31 2
32 1
33 1
34 0
35 1
36 1
37 0
last timestep 37
node 929 iteration 7
0 0
1 8
2 10
3 10
4 23
5 35
6 40
7 43
8 49
9 59
10 73
11 76
12 98
13 90
14 47
15 36
16 35
17 31
18 17
19 8
20 2
21 1
22 0
23 0
last timestep 23
node 929 iteration 8
0 0
1 5
2 4
3 4
4 1
5 2
6 4
7 4
8 0
9 2
10 5
11 17
12 18
13 17
14 21
15 23
16 22
17 27
18 27
19 29
20 38
21 52
22 68
23 66
24 51
25 47
26 41
27 30
28 38
29 30
30 21
31 8
32 6
33 2
34 2
35 0
last timestep 35
node 929 iteration 9
0 0
1 6
2 2
3 0
4 0
last timestep 4
