node 300 iteration 0
0 0
1 5
2 8
3 11
4 24
5 38
6 60
7 77
8 75
9 76
10 68
11 59
12 59
13 47
14 56
15 37
16 35
17 15
18 16
19 9
20 2
21 2
22 2
23 0
24 0
last timestep 24
node 300 iteration 1
0 0
1 6
2 4
3 7
4 10
5 20
6 23
7 49
8 71
9 109
10 116
11 132
12 120
13 62
14 49
15 30
16 23
17 9
18 9
19 2
20 6
21 5
22 5
23 4
24 4
25 4
26 3
27 0
28 0
last timestep 28
node 300 iteration 2
0 0
1 1
2 3
3 4
4 2
5 2
6 6
7 5
8 19
9 11
10 15
11 29
12 56
13 70
14 93
15 84
16 87
17 110
18 62
19 53
20 40
21 33
22 29
23 16
24 10
25 9
26 5
27 6
28 2
29 0
30 0
last timestep 30
node 300 iteration 3
0 0
1 3
2 8
3 4
4 8
5 12
6 23
7 32
8 42
9 81
10 99
11 102
12 117
13 98
14 79
15 58
16 29
17 14
18 7
19 8
20 3
21 1
22 1
23 0
24 1
25 1
26 0
last timestep 26
node 300 iteration 4
0 0
1 3
2 11
3 9
4 12
5 15
6 32
7 46
8 66
9 62
10 77
11 92
12 120
13 87
14 60
15 69
16 49
17 35
18 19
19 13
20 9
21 5
22 2
23 0
24 1
25 2
26 2
27 1
28 0
last timestep 28
node 300 iteration 5
0 0
1 2
2 3
3 2
4 2
5 2
6 4
7 6
8 7
9 12
10 33
11 40
12 42
13 62
14 52
15 69
16 82
17 86
18 60
19 50
20 39
21 43
22 28
23 23
24 13
25 12
26 10
27 6
28 1
29 1
30 0
31 0
last timestep 31
node 300 iteration 6
0 0
1 3
2 1
3 1
4 3
5 5
6 4
7 8
8 15
9 20
10 53
11 58
12 60
13 78
14 105
15 92
16 93
17 71
18 59
19 30
20 19
21 10
22 12
23 12
24 2
25 0
26 0
last timestep 26
node 300 iteration 7
0 0
1 2
2 3
3 1
4 2
5 2
6 1
7 0
8 0
last timestep 8
node 300 iteration 8
0 0
1 2
2 0
3 0
last timestep 3
node 300 iteration 9
0 0
1 1
2 5
3 9
4 18
5 47
6 42
7 59
8 69
9 83
10 94
11 104
12 98
13 72
14 31
15 32
16 33
17 14
18 3
19 4
20 6
21 6
22 5
23 1
24 2
25 2
26 0
27 0
last timestep 27
