node 996 iteration 0
0 0
1 5
2 8
3 13
4 28
5 31
6 65
7 67
8 92
9 75
10 84
11 86
12 62
13 42
14 38
15 18
16 21
17 20
18 8
19 2
20 3
21 2
22 0
23 0
last timestep 23
node 996 iteration 1
0 0
1 0
2 1
3 0
last timestep 3
node 996 iteration 2
0 0
1 6
2 5
3 7
4 5
5 9
6 15
7 32
8 60
9 83
10 89
11 89
12 88
13 68
14 60
15 51
16 47
17 43
18 26
19 12
20 5
21 4
22 2
23 4
24 0
25 0
last timestep 25
node 996 iteration 3
0 0
1 5
2 3
3 9
4 20
5 26
6 44
7 66
8 92
9 104
10 87
11 64
12 73
13 55
14 52
15 29
16 19
17 19
18 11
19 7
20 7
21 4
22 5
23 2
24 2
25 1
26 2
27 1
28 1
29 0
30 0
last timestep 30
node 996 iteration 4
0 0
1 2
2 5
3 17
4 13
5 15
6 36
7 47
8 62
9 94
10 103
11 79
12 93
13 72
14 65
15 52
16 36
17 20
18 21
19 20
20 14
21 5
22 4
23 1
24 0
25 0
last timestep 25
node 996 iteration 5
0 0
1 6
2 9
3 11
4 20
5 28
6 43
7 64
8 95
9 109
10 115
11 117
12 71
13 54
14 37
15 32
16 13
17 15
18 16
19 8
20 14
21 8
22 1
23 1
24 0
25 0
last timestep 25
node 996 iteration 6
0 0
1 4
2 11
3 16
4 15
5 31
6 40
7 65
8 70
9 83
10 111
11 98
12 90
13 51
14 35
15 29
16 20
17 11
18 2
19 1
20 0
21 0
last timestep 21
node 996 iteration 7
0 0
1 4
2 5
3 12
4 18
5 42
6 64
7 59
8 69
9 85
10 111
11 105
12 99
13 64
14 50
15 26
16 15
17 12
18 8
19 7
20 8
21 5
22 0
23 0
last timestep 23
node 996 iteration 8
0 0
1 5
2 5
3 7
4 18
5 20
6 13
7 23
8 32
9 44
10 66
11 64
12 74
13 69
14 74
15 65
16 46
17 37
18 28
19 15
20 5
21 4
22 5
23 2
24 2
25 0
26 0
last timestep 26
node 996 iteration 9
0 0
1 2
2 2
3 6
4 12
5 14
6 12
7 37
8 34
9 42
10 49
11 57
12 88
13 81
14 82
15 63
16 57
17 54
18 36
19 30
20 14
21 12
22 5
23 7
24 2
25 2
26 1
27 0
28 0
last timestep 28
