node 1288 iteration 0
0 0
1 1
2 5
3 7
4 14
5 10
6 19
7 30
8 56
9 66
10 74
11 86
12 73
13 62
14 64
15 55
16 49
17 26
18 24
19 16
20 12
21 15
22 7
23 10
24 12
25 2
26 3
27 3
28 3
29 2
30 1
31 0
32 0
last timestep 32
node 1288 iteration 1
0 0
1 2
2 1
3 5
4 1
5 1
6 1
7 3
8 3
9 3
10 2
11 1
12 0
13 0
last timestep 13
node 1288 iteration 2
0 0
1 1
2 3
3 2
4 0
5 0
last timestep 5
node 1288 iteration 3
0 0
1 2
2 3
3 6
4 4
5 6
6 10
7 17
8 11
9 13
10 24
11 42
12 54
13 76
14 86
15 85
16 115
17 100
18 85
19 52
20 24
21 12
22 4
23 4
24 0
25 0
last timestep 25
node 1288 iteration 4
0 0
1 5
2 11
3 20
4 27
5 23
6 23
7 25
8 22
9 40
10 50
11 52
12 65
13 67
14 48
15 34
16 37
17 35
18 16
19 12
20 11
21 12
22 15
23 18
24 18
25 12
26 10
27 4
28 8
29 2
30 5
31 3
32 3
33 1
34 1
35 0
36 1
37 0
last timestep 37
node 1288 iteration 5
0 0
1 4
2 8
3 10
4 15
5 33
6 40
7 56
8 66
9 69
10 72
11 74
12 68
13 58
14 55
15 51
16 43
17 18
18 5
19 1
20 1
21 2
22 1
23 1
24 0
25 0
last timestep 25
node 1288 iteration 6
0 0
1 1
2 0
3 0
last timestep 3
node 1288 iteration 7
0 0
1 1
2 1
3 3
4 12
5 6
6 6
7 13
8 24
9 39
10 49
11 55
12 71
13 71
14 61
15 55
16 56
17 41
18 27
19 18
20 11
21 7
22 5
23 3
24 3
25 5
26 3
27 2
28 5
29 10
30 2
31 3
32 3
33 10
34 5
35 5
36 4
37 3
38 2
39 0
40 0
last timestep 40
node 1288 iteration 8
0 0
1 3
2 3
3 7
4 18
5 11
6 31
7 60
8 88
9 108
10 103
11 82
12 85
13 71
14 72
15 52
16 31
17 21
18 14
19 16
20 12
21 11
22 8
23 3
24 4
25 3
26 6
27 3
28 3
29 3
30 1
31 1
32 0
33 0
last timestep 33
node 1288 iteration 9
0 0
1 2
2 6
3 9
4 15
5 21
6 16
7 37
8 65
9 80
10 88
11 91
12 101
13 85
14 73
15 54
16 30
17 20
18 11
19 1
20 0
21 0
last timestep 21
