node 571 iteration 0
0 0
1 3
2 4
3 12
4 22
5 28
6 45
7 74
8 76
9 100
10 118
11 106
12 98
13 73
14 41
15 32
16 22
17 7
18 2
19 0
20 0
last timestep 20
node 571 iteration 1
0 0
1 1
2 0
3 0
last timestep 3
node 571 iteration 2
0 0
1 0
2 0
last timestep 2
node 571 iteration 3
0 0
1 5
2 6
3 2
4 9
5 10
6 14
7 31
8 47
9 76
10 93
11 91
12 85
13 59
14 68
15 56
16 45
17 35
18 21
19 15
20 11
21 14
22 6
23 5
24 2
25 1
26 2
27 0
28 0
last timestep 28
node 571 iteration 4
0 0
1 0
2 0
last timestep 2
node 571 iteration 5
0 0
1 2
2 0
3 1
4 0
last timestep 4
node 571 iteration 6
0 0
1 1
2 3
3 13
4 22
5 46
6 63
7 99
8 131
9 121
10 103
11 103
12 70
13 29
14 18
15 9
16 9
17 5
18 4
19 2
20 2
21 10
22 4
23 3
24 1
25 3
26 3
27 1
28 0
29 0
last timestep 29
node 571 iteration 7
0 0
1 1
2 0
3 0
last timestep 3
node 571 iteration 8
0 0
1 3
2 4
3 5
4 2
5 22
6 36
7 60
8 72
9 107
10 102
11 104
12 83
13 62
14 43
15 31
16 27
17 10
18 6
19 1
20 1
21 1
22 0
23 0
last timestep 23
node 571 iteration 9
0 0
1 6
2 8
3 23
4 24
5 32
6 60
7 72
8 102
9 126
10 102
11 91
12 66
13 42
14 38
15 18
16 12
17 9
18 4
19 3
20 2
21 4
22 0
23 1
24 0
last timestep 24
