node 407 iteration 0
0 0
1 4
2 7
3 6
4 4
5 3
6 6
7 5
8 3
9 2
10 3
11 2
12 10
13 15
14 19
15 32
16 46
17 54
18 65
19 78
20 71
21 61
22 60
23 62
24 52
25 37
26 21
27 16
28 16
29 13
30 17
31 1
32 4
33 0
34 0
last timestep 34
node 407 iteration 1
0 0
1 5
2 4
3 5
4 1
5 5
6 8
7 12
8 13
9 31
10 34
11 63
12 81
13 106
14 82
15 84
16 69
17 59
18 48
19 38
20 18
21 14
22 9
23 7
24 1
25 4
26 1
27 0
28 0
last timestep 28
node 407 iteration 2
0 0
1 5
2 4
3 2
4 5
5 5
6 4
7 10
8 24
9 42
10 51
11 53
12 67
13 61
14 70
15 80
16 72
17 50
18 35
19 21
20 12
21 5
22 4
23 2
24 2
25 0
26 0
last timestep 26
node 407 iteration 3
0 0
1 2
2 4
3 6
4 16
5 36
6 34
7 60
8 88
9 80
10 61
11 56
12 42
13 37
14 34
15 27
16 25
17 22
18 17
19 21
20 19
21 11
22 5
23 8
24 4
25 3
26 4
27 3
28 3
29 0
30 1
31 0
last timestep 31
node 407 iteration 4
0 0
1 3
2 2
3 9
4 22
5 29
6 31
7 34
8 41
9 68
10 75
11 76
12 80
13 74
14 62
15 47
16 34
17 17
18 13
19 4
20 7
21 2
22 0
23 0
last timestep 23
node 407 iteration 5
0 0
1 4
2 6
3 5
4 4
5 9
6 6
7 9
8 9
9 29
10 54
11 79
12 120
13 117
14 125
15 108
16 70
17 60
18 33
19 31
20 18
21 10
22 5
23 4
24 3
25 0
26 0
last timestep 26
node 407 iteration 6
0 0
1 1
2 1
3 0
4 0
last timestep 4
node 407 iteration 7
0 0
1 2
2 2
3 1
4 0
5 1
6 2
7 7
8 9
9 12
10 22
11 46
12 44
13 60
14 79
15 94
16 86
17 87
18 93
19 75
20 62
21 34
22 30
23 18
24 6
25 6
26 2
27 0
last timestep 27
node 407 iteration 8
0 0
1 1
2 0
3 0
last timestep 3
node 407 iteration 9
0 0
1 2
2 3
3 5
4 5
5 10
6 9
7 9
8 18
9 12
10 42
11 49
12 66
13 67
14 71
15 71
16 67
17 52
18 48
19 42
20 30
21 21
22 17
23 15
24 9
25 3
26 4
27 6
28 6
29 5
30 3
31 0
32 0
last timestep 32
