node 490 iteration 0
0 0
1 14
2 11
3 15
4 13
5 17
6 28
7 27
8 41
9 58
10 85
11 133
12 109
13 87
14 77
15 59
16 40
17 25
18 11
19 4
20 4
21 2
22 0
23 0
last timestep 23
node 490 iteration 1
0 0
1 11
2 15
3 27
4 54
5 62
6 91
7 108
8 95
9 96
10 82
11 60
12 35
13 27
14 7
15 5
16 5
17 4
18 0
19 0
last timestep 19
node 490 iteration 2
0 0
1 9
2 8
3 11
4 15
5 25
6 37
7 59
8 70
9 73
10 79
11 63
12 69
13 58
14 46
15 26
16 22
17 11
18 5
19 5
20 3
21 1
22 0
23 0
last timestep 23
node 490 iteration 3
0 0
1 12
2 11
3 25
4 28
5 44
6 51
7 72
8 83
9 92
10 78
11 60
12 61
13 40
14 34
15 29
16 24
17 10
18 8
19 3
20 3
21 1
22 1
23 2
24 2
25 3
26 1
27 0
28 0
last timestep 28
node 490 iteration 4
0 0
1 9
2 5
3 6
4 12
5 11
6 16
7 24
8 31
9 43
10 53
11 58
12 52
13 56
14 50
15 40
16 37
17 37
18 30
19 21
20 30
21 16
22 19
23 18
24 15
25 9
26 9
27 6
28 2
29 0
30 0
last timestep 30
node 490 iteration 5
0 0
1 18
2 21
3 22
4 30
5 55
6 77
7 103
8 96
9 71
10 80
11 66
12 54
13 40
14 27
15 20
16 23
17 8
18 2
19 0
20 0
last timestep 20
node 490 iteration 6
0 0
1 14
2 14
3 35
4 46
5 68
6 86
7 99
8 96
9 87
10 70
11 56
12 49
13 46
14 23
15 13
16 8
17 5
18 2
19 3
20 1
21 0
22 0
last timestep 22
node 490 iteration 7
0 0
1 15
2 10
3 27
4 30
5 51
6 72
7 108
8 115
9 82
10 76
11 63
12 45
13 38
14 32
15 21
16 15
17 13
18 5
19 0
20 0
last timestep 20
node 490 iteration 8
0 0
1 9
2 8
3 12
4 22
5 42
6 46
7 84
8 90
9 126
10 98
11 77
12 73
13 51
14 43
15 30
16 17
17 5
18 0
19 2
20 1
21 1
22 0
last timestep 22
node 490 iteration 9
0 0
1 9
2 10
3 14
4 21
5 36
6 49
7 64
8 87
9 87
10 99
11 98
12 85
13 81
14 56
15 34
16 22
17 13
18 13
19 7
20 6
21 4
22 2
23 0
24 0
last timestep 24
