node 213 iteration 0
0 0
1 5
2 9
3 13
4 26
5 24
6 49
7 57
8 79
9 75
10 78
11 81
12 74
13 61
14 42
15 35
16 29
17 25
18 13
19 10
20 9
21 4
22 3
23 0
24 1
25 0
last timestep 25
node 213 iteration 1
0 0
1 6
2 18
3 34
4 46
5 75
6 105
7 111
8 110
9 110
10 95
11 59
12 41
13 22
14 12
15 6
16 8
17 5
18 3
19 1
20 1
21 1
22 0
23 0
last timestep 23
node 213 iteration 2
0 0
1 4
2 4
3 8
4 10
5 7
6 3
7 0
8 1
9 0
last timestep 9
node 213 iteration 3
0 0
1 2
2 3
3 4
4 6
5 13
6 19
7 26
8 32
9 38
10 50
11 58
12 77
13 78
14 95
15 75
16 46
17 43
18 38
19 22
20 29
21 12
22 5
23 1
24 0
25 0
last timestep 25
node 213 iteration 4
0 0
1 4
2 9
3 7
4 5
5 6
6 6
7 16
8 21
9 23
10 45
11 74
12 92
13 88
14 102
15 93
16 52
17 49
18 30
19 24
20 19
21 12
22 5
23 6
24 11
25 10
26 7
27 7
28 2
29 4
30 5
31 0
32 0
last timestep 32
node 213 iteration 5
0 0
1 3
2 6
3 16
4 17
5 25
6 20
7 28
8 49
9 59
10 71
11 86
12 91
13 93
14 71
15 48
16 45
17 27
18 20
19 7
20 16
21 14
22 5
23 7
24 10
25 7
26 2
27 1
28 0
29 0
last timestep 29
node 213 iteration 6
0 0
1 5
2 7
3 13
4 18
5 18
6 29
7 40
8 49
9 63
10 88
11 97
12 95
13 93
14 61
15 37
16 31
17 14
18 13
19 13
20 9
21 6
22 3
23 4
24 2
25 0
26 0
last timestep 26
node 213 iteration 7
0 0
1 3
2 6
3 11
4 26
5 33
6 50
7 44
8 58
9 63
10 92
11 106
12 84
13 72
14 58
15 34
16 21
17 11
18 16
19 3
20 3
21 0
22 0
last timestep 22
node 213 iteration 8
0 0
1 4
2 7
3 6
4 8
5 31
6 51
7 50
8 55
9 79
10 83
11 103
12 82
13 55
14 48
15 37
16 28
17 29
18 8
19 6
20 7
21 2
22 1
23 1
24 1
25 1
26 2
27 3
28 0
29 1
30 2
31 0
last timestep 31
node 213 iteration 9
0 0
1 3
2 3
3 3
4 3
5 4
6 5
7 6
8 7
9 21
10 43
11 50
12 61
13 100
14 93
15 92
16 96
17 72
18 72
19 43
20 24
21 16
22 9
23 9
24 10
25 5
26 2
27 1
28 0
29 0
last timestep 29
