node 231 iteration 0
0 0
1 5
2 6
3 11
4 11
5 11
6 11
7 23
8 26
9 41
10 59
11 75
12 69
13 72
14 59
15 56
16 49
17 30
18 31
19 11
20 15
21 14
22 16
23 15
24 3
25 1
26 1
27 0
28 1
29 1
30 2
31 2
32 7
33 1
34 1
35 0
last timestep 35
node 231 iteration 1
0 0
1 2
2 0
3 0
last timestep 3
node 231 iteration 2
0 0
1 3
2 2
3 1
4 0
5 0
last timestep 5
node 231 iteration 3
0 0
1 4
2 5
3 10
4 20
5 23
6 30
7 48
8 74
9 82
10 99
11 153
12 155
13 100
14 70
15 44
16 19
17 13
18 9
19 6
20 6
21 4
22 0
23 0
last timestep 23
node 231 iteration 4
0 0
1 0
2 0
last timestep 2
node 231 iteration 5
0 0
1 1
2 1
3 2
4 4
5 19
6 11
7 33
8 45
9 69
10 67
11 78
12 83
13 65
14 67
15 49
16 45
17 43
18 28
19 22
20 19
21 11
22 12
23 9
24 3
25 1
26 2
27 1
28 3
29 0
30 0
last timestep 30
node 231 iteration 6
0 0
1 4
2 12
3 22
4 36
5 53
6 74
7 103
8 107
9 90
10 94
11 72
12 53
13 31
14 29
15 18
16 9
17 5
18 3
19 3
20 2
21 1
22 1
23 0
24 0
last timestep 24
node 231 iteration 7
0 0
1 1
2 1
3 0
4 0
last timestep 4
node 231 iteration 8
0 0
1 3
2 1
3 1
4 0
5 1
6 2
7 4
8 9
9 14
10 29
11 49
12 66
13 62
14 90
15 105
16 115
17 95
18 71
19 57
20 30
21 25
22 12
23 8
24 3
25 3
26 0
last timestep 26
node 231 iteration 9
0 0
1 0
2 0
last timestep 2
