node 1055 iteration 0
0 0
1 4
2 2
3 16
4 16
5 23
6 33
7 39
8 40
9 33
10 28
11 39
12 64
13 54
14 54
15 60
16 52
17 51
18 28
19 33
20 31
21 25
22 24
23 8
24 4
25 2
26 1
27 1
28 0
29 0
last timestep 29
node 1055 iteration 1
0 0
1 5
2 7
3 16
4 22
5 41
6 60
7 56
8 72
9 66
10 62
11 59
12 39
13 47
14 56
15 39
16 43
17 24
18 18
19 22
20 13
21 11
22 4
23 2
24 1
25 0
26 0
last timestep 26
node 1055 iteration 2
0 0
1 8
2 16
3 18
4 32
5 40
6 35
7 50
8 72
9 84
10 98
11 78
12 59
13 56
14 37
15 23
16 21
17 24
18 13
19 13
20 6
21 6
22 2
23 5
24 4
25 3
26 4
27 0
28 1
29 0
last timestep 29
node 1055 iteration 3
0 0
1 4
2 0
3 0
last timestep 3
node 1055 iteration 4
0 0
1 2
2 2
3 4
4 1
5 4
6 5
7 4
8 8
9 9
10 8
11 15
12 24
13 16
14 23
15 28
16 26
17 34
18 52
19 49
20 49
21 47
22 38
23 49
24 41
25 32
26 29
27 19
28 10
29 24
30 7
31 3
32 5
33 0
34 0
last timestep 34
node 1055 iteration 5
0 0
1 5
2 6
3 13
4 41
5 48
6 63
7 64
8 92
9 82
10 93
11 85
12 82
13 52
14 52
15 27
16 13
17 9
18 12
19 2
20 2
21 1
22 1
23 0
24 0
last timestep 24
node 1055 iteration 6
0 0
1 5
2 1
3 4
4 4
5 2
6 1
7 3
8 2
9 4
10 2
11 5
12 4
13 5
14 3
15 6
16 9
17 13
18 22
19 31
20 32
21 52
22 66
23 78
24 90
25 84
26 64
27 47
28 26
29 18
30 10
31 2
32 3
33 0
34 0
last timestep 34
node 1055 iteration 7
0 0
1 5
2 6
3 11
4 20
5 38
6 46
7 39
8 29
9 32
10 50
11 56
12 54
13 69
14 61
15 29
16 33
17 31
18 19
19 12
20 9
21 11
22 9
23 4
24 1
25 0
26 0
last timestep 26
node 1055 iteration 8
0 0
1 3
2 7
3 16
4 29
5 28
6 67
7 71
8 88
9 90
10 117
11 109
12 95
13 55
14 32
15 18
16 8
17 3
18 1
19 3
20 0
21 0
last timestep 21
node 1055 iteration 9
0 0
1 6
2 0
3 0
last timestep 3
