node 1928 iteration 0
0 0
1 5
2 2
3 0
4 1
5 2
6 0
last timestep 6
node 1928 iteration 1
0 0
1 2
2 3
3 12
4 27
5 26
6 42
7 79
8 69
9 81
10 75
11 85
12 71
13 58
14 38
15 26
16 24
17 15
18 14
19 8
20 6
21 0
22 0
last timestep 22
node 1928 iteration 2
0 0
1 1
2 0
3 0
last timestep 3
node 1928 iteration 3
0 0
1 5
2 6
3 1
4 0
5 0
last timestep 5
node 1928 iteration 4
0 0
1 4
2 6
3 5
4 7
5 13
6 24
7 47
8 70
9 93
10 104
11 105
12 86
13 68
14 50
15 48
16 45
17 23
18 17
19 9
20 14
21 9
22 3
23 2
24 2
25 1
26 0
27 0
last timestep 27
node 1928 iteration 5
0 0
1 3
2 7
3 4
4 10
5 19
6 19
7 24
8 41
9 47
10 58
11 75
12 74
13 74
14 68
15 54
16 46
17 38
18 23
19 26
20 23
21 10
22 5
23 6
24 5
25 5
26 2
27 2
28 0
29 0
last timestep 29
node 1928 iteration 6
0 0
1 6
2 10
3 9
4 14
5 29
6 47
7 49
8 91
9 107
10 109
11 85
12 82
13 67
14 38
15 21
16 8
17 5
18 2
19 0
20 0
last timestep 20
node 1928 iteration 7
0 0
1 5
2 4
3 7
4 13
5 22
6 26
7 53
8 72
9 109
10 113
11 121
12 97
13 75
14 50
15 21
16 18
17 8
18 8
19 8
20 1
21 1
22 0
23 0
last timestep 23
node 1928 iteration 8
0 0
1 1
2 4
3 8
4 6
5 6
6 6
7 4
8 6
9 9
10 21
11 18
12 28
13 40
14 65
15 83
16 87
17 87
18 83
19 51
20 47
21 38
22 32
23 22
24 20
25 16
26 8
27 3
28 2
29 2
30 0
31 0
last timestep 31
node 1928 iteration 9
0 0
1 1
2 0
3 0
last timestep 3
