node 119 iteration 0
0 0
1 3
2 2
3 2
4 10
5 13
6 18
7 26
8 49
9 70
10 80
11 99
12 100
13 94
14 90
15 52
16 40
17 32
18 28
19 19
20 15
21 7
22 3
23 2
24 0
25 0
last timestep 25
node 119 iteration 1
0 0
1 1
2 1
3 0
4 0
last timestep 4
node 119 iteration 2
0 0
1 1
2 0
3 0
last timestep 3
node 119 iteration 3
0 0
1 3
2 4
3 4
4 0
5 3
6 2
7 1
8 6
9 8
10 21
11 22
12 37
13 35
14 51
15 66
16 83
17 86
18 84
19 65
20 67
21 54
22 41
23 22
24 24
25 15
26 5
27 2
28 0
last timestep 28
node 119 iteration 4
0 0
1 1
2 2
3 4
4 8
5 10
6 16
7 29
8 24
9 44
10 64
11 58
12 81
13 77
14 71
15 62
16 64
17 61
18 45
19 32
20 23
21 15
22 11
23 6
24 0
25 0
last timestep 25
node 119 iteration 5
0 0
1 1
2 0
3 0
last timestep 3
node 119 iteration 6
0 0
1 5
2 5
3 4
4 9
5 11
6 25
7 36
8 61
9 78
10 128
11 143
12 132
13 100
14 63
15 42
16 25
17 20
18 12
19 5
20 1
21 0
22 1
23 0
last timestep 23
node 119 iteration 7
0 0
1 2
2 0
3 0
last timestep 3
node 119 iteration 8
0 0
1 2
2 2
3 3
4 10
5 8
6 9
7 23
8 26
9 28
10 49
11 59
12 98
13 99
14 101
15 84
16 67
17 57
18 38
19 27
20 13
21 12
22 11
23 3
24 3
25 1
26 2
27 3
28 2
29 1
30 0
31 0
last timestep 31
node 119 iteration 9
0 0
1 2
2 6
3 6
4 5
5 8
6 16
7 32
8 67
9 78
10 109
11 113
12 114
13 106
14 78
15 44
16 23
17 16
18 9
19 3
20 13
21 5
22 3
23 2
24 0
25 0
last timestep 25
