node 1281 iteration 0
0 0
1 2
2 2
3 2
4 4
5 4
6 3
7 1
8 0
9 0
last timestep 9
node 1281 iteration 1
0 0
1 3
2 1
3 0
4 0
last timestep 4
node 1281 iteration 2
0 0
1 4
2 6
3 11
4 13
5 7
6 5
7 3
8 2
9 3
10 4
11 18
12 17
13 24
14 29
15 59
16 86
17 106
18 88
19 72
20 61
21 55
22 28
23 15
24 16
25 8
26 4
27 1
28 0
29 0
last timestep 29
node 1281 iteration 3
0 0
1 1
2 0
3 0
last timestep 3
node 1281 iteration 4
0 0
1 3
2 1
3 3
4 5
5 1
6 2
7 0
8 0
last timestep 8
node 1281 iteration 5
0 0
1 5
2 4
3 8
4 16
5 28
6 32
7 27
8 53
9 71
10 74
11 80
12 89
13 69
14 47
15 35
16 38
17 27
18 25
19 21
20 16
21 9
22 10
23 5
24 5
25 3
26 1
27 0
28 0
last timestep 28
node 1281 iteration 6
0 0
1 2
2 1
3 6
4 6
5 10
6 9
7 11
8 10
9 10
10 7
11 16
12 19
13 37
14 42
15 35
16 31
17 32
18 45
19 32
20 30
21 26
22 36
23 30
24 22
25 38
26 23
27 25
28 24
29 15
30 16
31 10
32 10
33 11
34 7
35 5
36 6
37 10
38 1
39 1
40 0
41 0
last timestep 41
node 1281 iteration 7
0 0
1 1
2 1
3 6
4 6
5 17
6 14
7 26
8 26
9 26
10 39
11 51
12 70
13 62
14 72
15 81
16 77
17 53
18 37
19 24
20 11
21 1
22 3
23 4
24 1
25 0
26 1
27 1
28 1
29 2
30 2
31 1
32 1
33 0
last timestep 33
node 1281 iteration 8
0 0
1 3
2 4
3 12
4 21
5 42
6 57
7 67
8 107
9 115
10 101
11 102
12 68
13 39
14 11
15 11
16 5
17 3
18 1
19 1
20 0
21 0
last timestep 21
node 1281 iteration 9
0 0
1 1
2 0
3 0
last timestep 3
