node 1098 iteration 0
0 0
1 5
2 2
3 0
4 0
last timestep 4
node 1098 iteration 1
0 0
1 3
2 8
3 8
4 19
5 32
6 41
7 64
8 86
9 95
10 96
11 97
12 75
13 48
14 27
15 21
16 15
17 16
18 12
19 0
20 5
21 6
22 2
23 2
24 2
25 1
26 2
27 0
last timestep 27
node 1098 iteration 2
0 0
1 3
2 12
3 28
4 34
5 49
6 67
7 85
8 88
9 83
10 66
11 76
12 60
13 49
14 46
15 30
16 13
17 12
18 5
19 3
20 0
21 1
22 0
last timestep 22
node 1098 iteration 3
0 0
1 6
2 14
3 31
4 40
5 41
6 46
7 55
8 70
9 74
10 83
11 81
12 72
13 60
14 42
15 25
16 24
17 16
18 9
19 7
20 7
21 9
22 6
23 5
24 2
25 3
26 2
27 1
28 0
29 0
last timestep 29
node 1098 iteration 4
0 0
1 2
2 3
3 1
4 4
5 3
6 3
7 20
8 13
9 24
10 45
11 38
12 49
13 86
14 81
15 77
16 79
17 76
18 58
19 35
20 39
21 18
22 13
23 9
24 12
25 11
26 7
27 8
28 8
29 2
30 4
31 2
32 0
33 0
last timestep 33
node 1098 iteration 5
0 0
1 3
2 1
3 1
4 1
5 4
6 7
7 12
8 29
9 39
10 51
11 70
12 82
13 112
14 104
15 95
16 73
17 53
18 40
19 18
20 9
21 3
22 2
23 7
24 5
25 0
26 0
last timestep 26
node 1098 iteration 6
0 0
1 3
2 4
3 5
4 4
5 4
6 9
7 14
8 22
9 29
10 40
11 39
12 63
13 74
14 75
15 83
16 69
17 60
18 56
19 45
20 46
21 24
22 14
23 11
24 13
25 5
26 7
27 3
28 2
29 2
30 2
31 0
32 0
last timestep 32
node 1098 iteration 7
0 0
1 2
2 10
3 24
4 29
5 42
6 80
7 64
8 72
9 94
10 106
11 77
12 72
13 62
14 40
15 24
16 13
17 9
18 5
19 0
20 0
last timestep 20
node 1098 iteration 8
0 0
1 2
2 1
3 1
4 3
5 3
6 2
7 6
8 5
9 9
10 9
11 5
12 6
13 11
14 13
15 23
16 33
17 46
18 61
19 95
20 112
21 112
22 83
23 65
24 40
25 28
26 14
27 7
28 3
29 1
30 0
31 0
last timestep 31
node 1098 iteration 9
0 0
1 3
2 7
3 10
4 16
5 24
6 25
7 37
8 75
9 98
10 102
11 89
12 88
13 89
14 78
15 46
16 28
17 21
18 11
19 10
20 9
21 8
22 2
23 1
24 1
25 0
26 0
last timestep 26
