node 747 iteration 0
0 0
1 5
2 10
3 6
4 8
5 7
6 3
7 13
8 19
9 15
10 21
11 37
12 43
13 47
14 64
15 72
16 75
17 69
18 74
19 61
20 44
21 40
22 27
23 26
24 20
25 8
26 4
27 1
28 1
29 0
30 2
31 1
32 1
33 1
34 2
35 1
36 1
37 0
last timestep 37
node 747 iteration 1
0 0
1 3
2 2
3 1
4 2
5 5
6 0
7 0
last timestep 7
node 747 iteration 2
0 0
1 5
2 6
3 17
4 16
5 29
6 42
7 52
8 75
9 100
10 100
11 99
12 83
13 69
14 49
15 21
16 24
17 18
18 11
19 6
20 3
21 0
22 0
last timestep 22
node 747 iteration 3
0 0
1 2
2 3
3 3
4 2
5 3
6 7
7 8
8 11
9 21
10 35
11 64
12 70
13 90
14 85
15 80
16 73
17 75
18 52
19 29
20 14
21 7
22 4
23 2
24 2
25 0
26 0
last timestep 26
node 747 iteration 4
0 0
1 3
2 1
3 1
4 3
5 4
6 6
7 10
8 11
9 26
10 42
11 40
12 66
13 72
14 62
15 50
16 47
17 48
18 47
19 39
20 37
21 18
22 20
23 19
24 7
25 4
26 5
27 8
28 1
29 3
30 4
31 1
32 0
33 0
last timestep 33
node 747 iteration 5
0 0
1 6
2 7
3 31
4 24
5 39
6 52
7 77
8 108
9 101
10 97
11 80
12 67
13 38
14 21
15 10
16 5
17 5
18 1
19 2
20 0
21 0
last timestep 21
node 747 iteration 6
0 0
1 3
2 0
3 2
4 3
5 3
6 3
7 10
8 18
9 26
10 29
11 34
12 50
13 60
14 61
15 65
16 81
17 81
18 56
19 43
20 41
21 33
22 16
23 16
24 11
25 8
26 3
27 1
28 0
last timestep 28
node 747 iteration 7
0 0
1 2
2 2
3 1
4 2
5 2
6 7
7 14
8 22
9 31
10 39
11 50
12 62
13 87
14 88
15 56
16 59
17 43
18 27
19 26
20 22
21 20
22 6
23 5
24 6
25 7
26 9
27 10
28 3
29 1
30 1
31 0
32 2
33 0
last timestep 33
node 747 iteration 8
0 0
1 7
2 9
3 23
4 30
5 37
6 53
7 79
8 107
9 117
10 127
11 82
12 59
13 48
14 40
15 28
16 15
17 8
18 6
19 1
20 1
21 0
22 0
last timestep 22
node 747 iteration 9
0 0
1 2
2 5
3 4
4 5
5 8
6 11
7 23
8 17
9 33
10 47
11 47
12 61
13 75
14 75
15 72
16 57
17 49
18 48
19 46
20 21
21 16
22 4
23 2
24 1
25 0
26 0
last timestep 26
