node 217 iteration 0
0 0
1 4
2 6
3 8
4 10
5 15
6 17
7 13
8 35
9 33
10 44
11 69
12 96
13 105
14 92
15 68
16 44
17 29
18 16
19 11
20 7
21 3
22 0
23 0
last timestep 23
node 217 iteration 1
0 0
1 4
2 4
3 5
4 6
5 16
6 14
7 22
8 48
9 54
10 59
11 65
12 62
13 69
14 61
15 65
16 59
17 33
18 24
19 20
20 14
21 12
22 8
23 7
24 1
25 0
26 0
last timestep 26
node 217 iteration 2
0 0
1 3
2 4
3 8
4 18
5 44
6 75
7 77
8 101
9 82
10 96
11 75
12 78
13 44
14 44
15 28
16 18
17 13
18 8
19 4
20 5
21 3
22 3
23 2
24 0
25 0
last timestep 25
node 217 iteration 3
0 0
1 3
2 2
3 5
4 14
5 24
6 39
7 47
8 59
9 70
10 62
11 73
12 72
13 66
14 43
15 44
16 37
17 25
18 11
19 4
20 1
21 0
22 0
last timestep 22
node 217 iteration 4
0 0
1 0
2 0
last timestep 2
node 217 iteration 5
0 0
1 0
2 0
last timestep 2
node 217 iteration 6
0 0
1 2
2 3
3 5
4 12
5 15
6 31
7 59
8 61
9 74
10 83
11 100
12 88
13 103
14 78
15 50
16 22
17 9
18 7
19 1
20 0
21 0
last timestep 21
node 217 iteration 7
0 0
1 2
2 1
3 0
4 0
last timestep 4
node 217 iteration 8
0 0
1 3
2 2
3 3
4 3
5 2
6 2
7 0
8 0
last timestep 8
node 217 iteration 9
0 0
1 2
2 3
3 4
4 5
5 7
6 11
7 13
8 27
9 38
10 39
11 68
12 63
13 68
14 63
15 62
16 57
17 50
18 36
19 26
20 17
21 11
22 2
23 3
24 5
25 2
26 2
27 1
28 1
29 0
30 0
last timestep 30
