node 1134 iteration 0
0 0
1 7
2 12
3 30
4 34
5 46
6 78
7 72
8 79
9 92
10 60
11 73
12 61
13 50
14 46
15 29
16 15
17 8
18 0
19 0
last timestep 19
node 1134 iteration 1
0 0
1 2
2 1
3 2
4 9
5 3
6 7
7 11
8 7
9 11
10 17
11 19
12 28
13 47
14 68
15 67
16 95
17 73
18 63
19 58
20 42
21 31
22 23
23 21
24 24
25 16
26 10
27 9
28 6
29 4
30 0
31 0
last timestep 31
node 1134 iteration 2
0 0
1 2
2 1
3 2
4 5
5 5
6 11
7 27
8 50
9 55
10 74
11 94
12 112
13 90
14 79
15 69
16 49
17 38
18 19
19 18
20 7
21 3
22 0
23 0
last timestep 23
node 1134 iteration 3
0 0
1 3
2 1
3 3
4 1
5 0
6 0
last timestep 6
node 1134 iteration 4
0 0
1 3
2 4
3 8
4 11
5 13
6 28
7 52
8 64
9 89
10 88
11 75
12 74
13 81
14 55
15 44
16 24
17 17
18 15
19 17
20 13
21 4
22 3
23 2
24 0
25 0
last timestep 25
node 1134 iteration 5
0 0
1 7
2 9
3 14
4 9
5 15
6 37
7 43
8 68
9 73
10 75
11 98
12 90
13 74
14 58
15 46
16 28
17 17
18 19
19 15
20 10
21 1
22 3
23 1
24 2
25 1
26 0
27 0
last timestep 27
node 1134 iteration 6
0 0
1 9
2 19
3 20
4 26
5 51
6 57
7 64
8 81
9 81
10 84
11 87
12 47
13 43
14 33
15 36
16 21
17 18
18 12
19 10
20 4
21 0
22 0
last timestep 22
node 1134 iteration 7
0 0
1 5
2 3
3 8
4 8
5 6
6 6
7 7
8 12
9 20
10 36
11 52
12 71
13 65
14 81
15 84
16 84
17 65
18 43
19 38
20 22
21 19
22 7
23 6
24 3
25 1
26 0
27 0
last timestep 27
node 1134 iteration 8
0 0
1 3
2 1
3 0
4 0
last timestep 4
node 1134 iteration 9
0 0
1 3
2 2
3 1
4 0
5 0
last timestep 5
