node 1057 iteration 0
0 0
1 9
2 16
3 17
4 29
5 42
6 57
7 59
8 85
9 84
10 107
11 76
12 64
13 58
14 42
15 49
16 37
17 18
18 10
19 9
20 3
21 3
22 1
23 2
24 0
25 0
last timestep 25
node 1057 iteration 1
0 0
1 6
2 6
3 11
4 16
5 29
6 43
7 47
8 59
9 66
10 105
11 91
12 86
13 77
14 58
15 37
16 17
17 15
18 10
19 9
20 5
21 1
22 1
23 0
24 0
last timestep 24
node 1057 iteration 2
0 0
1 7
2 13
3 23
4 39
5 48
6 73
7 57
8 79
9 81
10 70
11 50
12 43
13 25
14 20
15 25
16 20
17 12
18 22
19 16
20 12
21 8
22 3
23 1
24 3
25 1
26 0
27 0
last timestep 27
node 1057 iteration 3
0 0
1 9
2 11
3 20
4 23
5 34
6 50
7 54
8 71
9 67
10 65
11 58
12 66
13 47
14 37
15 36
16 19
17 13
18 7
19 5
20 4
21 5
22 4
23 1
24 4
25 4
26 2
27 1
28 1
29 0
30 5
31 4
32 2
33 0
last timestep 33
node 1057 iteration 4
0 0
1 9
2 8
3 12
4 20
5 20
6 33
7 45
8 53
9 46
10 63
11 58
12 53
13 54
14 43
15 38
16 38
17 35
18 18
19 16
20 7
21 4
22 5
23 4
24 6
25 1
26 4
27 2
28 4
29 3
30 4
31 5
32 0
33 1
34 0
last timestep 34
node 1057 iteration 5
0 0
1 10
2 9
3 26
4 34
5 41
6 46
7 58
8 80
9 81
10 74
11 91
12 73
13 46
14 38
15 26
16 22
17 11
18 11
19 13
20 6
21 1
22 1
23 2
24 2
25 1
26 0
27 0
last timestep 27
node 1057 iteration 6
0 0
1 11
2 14
3 16
4 19
5 22
6 21
7 43
8 42
9 61
10 70
11 76
12 86
13 87
14 72
15 41
16 46
17 32
18 22
19 19
20 10
21 2
22 1
23 1
24 2
25 1
26 1
27 0
28 0
last timestep 28
node 1057 iteration 7
0 0
1 9
2 9
3 12
4 27
5 35
6 54
7 80
8 83
9 100
10 86
11 75
12 69
13 46
14 28
15 12
16 8
17 4
18 3
19 2
20 1
21 0
22 1
23 0
last timestep 23
node 1057 iteration 8
0 0
1 7
2 11
3 18
4 24
5 23
6 21
7 40
8 58
9 72
10 82
11 75
12 69
13 67
14 49
15 36
16 21
17 22
18 13
19 16
20 9
21 3
22 2
23 1
24 1
25 0
26 0
last timestep 26
node 1057 iteration 9
0 0
1 8
2 4
3 4
4 9
5 18
6 38
7 30
8 41
9 61
10 72
11 81
12 89
13 86
14 89
15 82
16 45
17 43
18 27
19 26
20 13
21 6
22 5
23 3
24 4
25 3
26 3
27 3
28 5
29 2
30 1
31 0
32 0
last timestep 32
