node 1161 iteration 0
0 0
1 4
2 4
3 3
4 5
5 9
6 14
7 17
8 20
9 38
10 45
11 74
12 106
13 111
14 109
15 75
16 50
17 24
18 15
19 13
20 13
21 10
22 8
23 6
24 8
25 4
26 5
27 0
28 0
last timestep 28
node 1161 iteration 1
0 0
1 5
2 5
3 6
4 9
5 24
6 36
7 42
8 50
9 52
10 74
11 80
12 71
13 70
14 57
15 43
16 46
17 34
18 23
19 31
20 28
21 11
22 19
23 9
24 4
25 1
26 1
27 0
28 0
last timestep 28
node 1161 iteration 2
0 0
1 4
2 7
3 7
4 10
5 6
6 9
7 10
8 14
9 12
10 24
11 43
12 49
13 54
14 58
15 49
16 57
17 46
18 59
19 46
20 44
21 31
22 29
23 12
24 17
25 10
26 10
27 6
28 7
29 8
30 12
31 8
32 7
33 6
34 7
35 5
36 2
37 2
38 0
39 0
last timestep 39
node 1161 iteration 3
0 0
1 5
2 1
3 1
4 0
5 0
last timestep 5
node 1161 iteration 4
0 0
1 5
2 1
3 5
4 3
5 1
6 5
7 5
8 9
9 9
10 12
11 16
12 11
13 21
14 29
15 33
16 50
17 55
18 74
19 77
20 72
21 49
22 36
23 14
24 16
25 17
26 22
27 24
28 16
29 11
30 7
31 5
32 2
33 2
34 4
35 2
36 1
37 1
38 0
39 0
last timestep 39
node 1161 iteration 5
0 0
1 4
2 3
3 3
4 8
5 10
6 10
7 10
8 13
9 24
10 33
11 43
12 57
13 60
14 65
15 56
16 64
17 66
18 54
19 42
20 31
21 18
22 14
23 19
24 8
25 5
26 5
27 9
28 11
29 1
30 0
31 0
last timestep 31
node 1161 iteration 6
0 0
1 2
2 1
3 0
4 0
last timestep 4
node 1161 iteration 7
0 0
1 2
2 1
3 1
4 5
5 4
6 15
7 9
8 9
9 15
10 17
11 33
12 60
13 69
14 85
15 84
16 89
17 75
18 52
19 30
20 30
21 26
22 16
23 17
24 11
25 3
26 3
27 3
28 2
29 5
30 2
31 1
32 0
33 0
last timestep 33
node 1161 iteration 8
0 0
1 6
2 3
3 6
4 16
5 24
6 38
7 71
8 84
9 103
10 106
11 119
12 97
13 72
14 44
15 25
16 20
17 6
18 11
19 4
20 7
21 3
22 1
23 0
24 0
last timestep 24
node 1161 iteration 9
0 0
1 1
2 1
3 0
4 0
last timestep 4
