node 983 iteration 0
0 0
1 3
2 5
3 4
4 2
5 2
6 2
7 4
8 9
9 12
10 15
11 7
12 7
13 2
14 6
15 15
16 20
17 24
18 26
19 32
20 37
21 39
22 55
23 69
24 76
25 57
26 46
27 37
28 23
29 17
30 15
31 13
32 10
33 4
34 1
35 0
36 0
last timestep 36
node 983 iteration 1
0 0
1 1
2 1
3 1
4 4
5 1
6 1
7 0
8 0
last timestep 8
node 983 iteration 2
0 0
1 4
2 2
3 4
4 4
5 2
6 3
7 10
8 9
9 16
10 18
11 44
12 64
13 57
14 82
15 87
16 70
17 72
18 56
19 40
20 19
21 10
22 7
23 4
24 1
25 1
26 0
27 0
last timestep 27
node 983 iteration 3
0 0
1 4
2 0
3 1
4 2
5 4
6 11
7 13
8 20
9 29
10 31
11 74
12 95
13 103
14 86
15 78
16 74
17 51
18 55
19 31
20 24
21 27
22 13
23 14
24 6
25 3
26 0
last timestep 26
node 983 iteration 4
0 0
1 4
2 3
3 10
4 7
5 10
6 15
7 19
8 28
9 34
10 48
11 49
12 49
13 58
14 68
15 68
16 60
17 51
18 39
19 38
20 12
21 7
22 8
23 2
24 1
25 0
26 0
last timestep 26
node 983 iteration 5
0 0
1 2
2 0
3 1
4 0
last timestep 4
node 983 iteration 6
0 0
1 5
2 3
3 3
4 4
5 5
6 2
7 5
8 10
9 8
10 8
11 2
12 1
13 0
14 0
last timestep 14
node 983 iteration 7
0 0
1 0
2 0
last timestep 2
node 983 iteration 8
0 0
1 0
2 0
last timestep 2
node 983 iteration 9
0 0
1 2
2 7
3 8
4 12
5 28
6 35
7 45
8 46
9 77
10 90
11 93
12 83
13 92
14 71
15 56
16 24
17 19
18 10
19 4
20 2
21 2
22 3
23 0
24 0
last timestep 24
