node 511 iteration 0
0 0
1 4
2 7
3 8
4 3
5 7
6 11
7 28
8 40
9 49
10 57
11 62
12 81
13 80
14 74
15 86
16 66
17 55
18 42
19 31
20 15
21 11
22 14
23 4
24 3
25 1
26 0
27 0
last timestep 27
node 511 iteration 1
0 0
1 6
2 3
3 2
4 0
5 0
last timestep 5
node 511 iteration 2
0 0
1 2
2 10
3 10
4 11
5 7
6 2
7 1
8 4
9 20
10 40
11 66
12 63
13 78
14 95
15 95
16 102
17 101
18 56
19 39
20 25
21 24
22 10
23 9
24 8
25 3
26 2
27 0
28 0
last timestep 28
node 511 iteration 3
0 0
1 3
2 6
3 7
4 7
5 0
6 0
last timestep 6
node 511 iteration 4
0 0
1 2
2 7
3 3
4 11
5 18
6 17
7 26
8 49
9 49
10 52
11 58
12 67
13 76
14 64
15 63
16 59
17 44
18 49
19 29
20 19
21 10
22 8
23 7
24 3
25 0
26 0
last timestep 26
node 511 iteration 5
0 0
1 0
2 0
last timestep 2
node 511 iteration 6
0 0
1 1
2 1
3 3
4 0
5 0
last timestep 5
node 511 iteration 7
0 0
1 1
2 0
3 2
4 2
5 2
6 5
7 4
8 6
9 7
10 7
11 19
12 21
13 22
14 19
15 34
16 37
17 40
18 53
19 64
20 60
21 60
22 72
23 45
24 26
25 19
26 17
27 9
28 9
29 5
30 2
31 4
32 1
33 1
34 5
35 3
36 2
37 0
last timestep 37
node 511 iteration 8
0 0
1 3
2 1
3 1
4 1
5 1
6 6
7 11
8 16
9 20
10 27
11 41
12 63
13 54
14 76
15 69
16 62
17 34
18 32
19 21
20 32
21 30
22 22
23 25
24 27
25 18
26 23
27 23
28 27
29 15
30 8
31 6
32 2
33 0
34 3
35 3
36 3
37 5
38 3
39 3
40 2
41 0
last timestep 41
node 511 iteration 9
0 0
1 6
2 7
3 9
4 14
5 14
6 20
7 30
8 39
9 42
10 59
11 54
12 60
13 59
14 72
15 63
16 62
17 53
18 59
19 39
20 26
21 14
22 18
23 19
24 8
25 4
26 1
27 1
28 0
29 0
last timestep 29
