node 619 iteration 0
0 0
1 5
2 5
3 13
4 21
5 30
6 41
7 75
8 88
9 99
10 98
11 93
12 70
13 48
14 29
15 35
16 22
17 12
18 10
19 2
20 3
21 0
22 0
last timestep 22
node 619 iteration 1
0 0
1 4
2 5
3 5
4 11
5 17
6 22
7 33
8 44
9 49
10 65
11 74
12 66
13 56
14 60
15 67
16 49
17 40
18 32
19 27
20 15
21 11
22 6
23 3
24 2
25 2
26 0
27 0
last timestep 27
node 619 iteration 2
0 0
1 2
2 0
3 0
last timestep 3
node 619 iteration 3
0 0
1 3
2 4
3 7
4 4
5 8
6 21
7 28
8 49
9 60
10 76
11 75
12 74
13 77
14 78
15 51
16 30
17 18
18 18
19 20
20 17
21 8
22 8
23 2
24 6
25 2
26 0
27 0
last timestep 27
node 619 iteration 4
0 0
1 3
2 2
3 5
4 5
5 5
6 1
7 3
8 6
9 13
10 10
11 12
12 15
13 33
14 49
15 50
16 43
17 44
18 47
19 59
20 60
21 49
22 54
23 51
24 56
25 38
26 30
27 21
28 16
29 12
30 6
31 4
32 3
33 0
34 0
last timestep 34
node 619 iteration 5
0 0
1 2
2 0
3 1
4 0
last timestep 4
node 619 iteration 6
0 0
1 2
2 3
3 8
4 20
5 17
6 33
7 61
8 81
9 92
10 107
11 108
12 102
13 80
14 68
15 31
16 22
17 7
18 9
19 1
20 0
21 0
last timestep 21
node 619 iteration 7
0 0
1 3
2 7
3 14
4 19
5 21
6 24
7 46
8 63
9 75
10 75
11 77
12 90
13 80
14 74
15 56
16 52
17 36
18 24
19 10
20 11
21 3
22 3
23 1
24 0
25 0
last timestep 25
node 619 iteration 8
0 0
1 3
2 2
3 2
4 5
5 3
6 5
7 14
8 35
9 48
10 52
11 70
12 57
13 64
14 73
15 70
16 81
17 70
18 56
19 47
20 34
21 26
22 18
23 8
24 4
25 0
26 0
last timestep 26
node 619 iteration 9
0 0
1 4
2 1
3 2
4 7
5 9
6 20
7 26
8 35
9 65
10 51
11 64
12 80
13 85
14 68
15 47
16 36
17 31
18 17
19 15
20 6
21 1
22 0
23 0
last timestep 23
