node 1210 iteration 0
0 0
1 3
2 4
3 6
4 8
5 24
6 55
7 70
8 98
9 112
10 102
11 92
12 90
13 64
14 51
15 35
16 26
17 14
18 4
19 1
20 0
21 0
last timestep 21
node 1210 iteration 1
0 0
1 1
2 0
3 0
last timestep 3
node 1210 iteration 2
0 0
1 0
2 0
last timestep 2
node 1210 iteration 3
0 0
1 6
2 5
3 2
4 1
5 1
6 1
7 0
8 0
last timestep 8
node 1210 iteration 4
0 0
1 2
2 2
3 3
4 8
5 8
6 23
7 24
8 30
9 29
10 58
11 86
12 79
13 75
14 65
15 44
16 48
17 56
18 52
19 37
20 16
21 10
22 5
23 6
24 5
25 3
26 4
27 1
28 3
29 1
30 0
31 0
last timestep 31
node 1210 iteration 5
0 0
1 1
2 5
3 5
4 5
5 7
6 12
7 24
8 44
9 81
10 103
11 108
12 108
13 98
14 68
15 62
16 32
17 27
18 14
19 11
20 7
21 4
22 0
23 1
24 3
25 0
last timestep 25
node 1210 iteration 6
0 0
1 3
2 3
3 2
4 8
5 20
6 29
7 53
8 74
9 94
10 94
11 121
12 97
13 84
14 51
15 47
16 33
17 23
18 11
19 6
20 5
21 7
22 0
23 3
24 6
25 0
last timestep 25
node 1210 iteration 7
0 0
1 1
2 0
3 0
last timestep 3
node 1210 iteration 8
0 0
1 0
2 0
last timestep 2
node 1210 iteration 9
0 0
1 7
2 13
3 19
4 20
5 37
6 59
7 96
8 94
9 105
10 90
11 85
12 70
13 49
14 38
15 27
16 17
17 6
18 5
19 5
20 1
21 3
22 3
23 0
24 0
last timestep 24
