node 1056 iteration 0
0 0
1 4
2 7
3 4
4 6
5 10
6 11
7 14
8 23
9 34
10 45
11 59
12 63
13 82
14 74
15 68
16 82
17 42
18 35
19 21
20 16
21 15
22 13
23 5
24 7
25 8
26 4
27 8
28 9
29 7
30 4
31 5
32 0
33 2
34 1
35 3
36 3
37 0
last timestep 37
node 1056 iteration 1
0 0
1 4
2 2
3 6
4 14
5 14
6 23
7 27
8 38
9 44
10 63
11 85
12 101
13 110
14 92
15 91
16 61
17 36
18 15
19 13
20 10
21 6
22 2
23 0
24 0
last timestep 24
node 1056 iteration 2
0 0
1 1
2 1
3 3
4 2
5 1
6 0
7 0
last timestep 7
node 1056 iteration 3
0 0
1 5
2 6
3 15
4 30
5 56
6 82
7 76
8 82
9 81
10 63
11 60
12 44
13 31
14 25
15 28
16 18
17 9
18 13
19 6
20 6
21 5
22 7
23 4
24 5
25 7
26 2
27 1
28 0
29 0
last timestep 29
node 1056 iteration 4
0 0
1 2
2 11
3 20
4 26
5 28
6 28
7 21
8 21
9 24
10 29
11 20
12 22
13 37
14 38
15 31
16 35
17 42
18 58
19 51
20 51
21 51
22 40
23 14
24 8
25 6
26 5
27 1
28 0
29 0
last timestep 29
node 1056 iteration 5
0 0
1 1
2 5
3 8
4 5
5 2
6 0
7 0
last timestep 7
node 1056 iteration 6
0 0
1 2
2 1
3 0
4 0
last timestep 4
node 1056 iteration 7
0 0
1 2
2 3
3 1
4 3
5 5
6 6
7 5
8 15
9 19
10 28
11 41
12 66
13 66
14 88
15 64
16 79
17 72
18 61
19 69
20 57
21 45
22 30
23 19
24 14
25 12
26 8
27 6
28 3
29 1
30 0
31 0
last timestep 31
node 1056 iteration 8
0 0
1 2
2 3
3 4
4 8
5 16
6 18
7 27
8 23
9 26
10 27
11 45
12 50
13 63
14 80
15 89
16 77
17 57
18 51
19 40
20 27
21 17
22 14
23 9
24 7
25 2
26 4
27 4
28 1
29 0
30 0
last timestep 30
node 1056 iteration 9
0 0
1 3
2 8
3 10
4 14
5 17
6 50
7 75
8 111
9 115
10 127
11 103
12 74
13 47
14 39
15 34
16 18
17 19
18 13
19 10
20 3
21 2
22 0
23 0
last timestep 23
