node 1019 iteration 0
0 0
1 6
2 7
3 9
4 11
5 11
6 16
7 21
8 23
9 26
10 24
11 23
12 21
13 19
14 30
15 30
16 48
17 51
18 50
19 77
20 74
21 60
22 56
23 52
24 20
25 19
26 16
27 9
28 8
29 9
30 10
31 9
32 4
33 0
34 1
35 0
last timestep 35
node 1019 iteration 1
0 0
1 6
2 4
3 6
4 11
5 10
6 27
7 27
8 28
9 29
10 33
11 46
12 73
13 66
14 66
15 72
16 70
17 52
18 38
19 32
20 32
21 18
22 12
23 8
24 4
25 1
26 3
27 3
28 0
29 0
last timestep 29
node 1019 iteration 2
0 0
1 13
2 12
3 25
4 19
5 24
6 53
7 73
8 78
9 85
10 83
11 71
12 68
13 68
14 39
15 27
16 13
17 8
18 4
19 2
20 3
21 2
22 1
23 1
24 0
25 0
last timestep 25
node 1019 iteration 3
0 0
1 8
2 10
3 24
4 19
5 22
6 15
7 21
8 22
9 43
10 55
11 68
12 62
13 55
14 55
15 49
16 39
17 34
18 26
19 24
20 22
21 14
22 12
23 4
24 2
25 3
26 1
27 0
28 0
last timestep 28
node 1019 iteration 4
0 0
1 7
2 1
3 3
4 6
5 12
6 15
7 27
8 36
9 58
10 60
11 69
12 82
13 81
14 80
15 68
16 57
17 46
18 23
19 13
20 9
21 5
22 3
23 1
24 0
25 0
last timestep 25
node 1019 iteration 5
0 0
1 6
2 5
3 6
4 9
5 10
6 8
7 12
8 15
9 24
10 26
11 40
12 48
13 57
14 42
15 55
16 81
17 67
18 57
19 36
20 41
21 28
22 21
23 8
24 9
25 6
26 4
27 2
28 0
29 0
last timestep 29
node 1019 iteration 6
0 0
1 6
2 5
3 6
4 4
5 9
6 14
7 21
8 8
9 9
10 12
11 15
12 24
13 27
14 25
15 26
16 38
17 53
18 67
19 65
20 62
21 45
22 41
23 33
24 29
25 19
26 17
27 10
28 7
29 5
30 2
31 2
32 4
33 5
34 3
35 1
36 0
37 0
last timestep 37
node 1019 iteration 7
0 0
1 5
2 11
3 13
4 36
5 43
6 50
7 75
8 78
9 101
10 96
11 102
12 73
13 62
14 38
15 31
16 28
17 23
18 9
19 11
20 1
21 3
22 0
23 0
last timestep 23
node 1019 iteration 8
0 0
1 8
2 7
3 15
4 20
5 36
6 41
7 80
8 97
9 102
10 67
11 68
12 55
13 49
14 25
15 21
16 15
17 10
18 10
19 4
20 5
21 4
22 1
23 0
24 0
last timestep 24
node 1019 iteration 9
0 0
1 6
2 2
3 3
4 7
5 10
6 8
7 8
8 13
9 27
10 27
11 40
12 32
13 46
14 43
15 41
16 55
17 70
18 39
19 44
20 50
21 37
22 39
23 27
24 32
25 18
26 18
27 13
28 7
29 5
30 9
31 16
32 14
33 9
34 2
35 0
36 0
last timestep 36
