node 1081 iteration 0
0 0
1 7
2 9
3 22
4 22
5 35
6 56
7 64
8 68
9 62
10 75
11 70
12 58
13 52
14 39
15 23
16 32
17 19
18 12
19 8
20 7
21 4
22 1
23 2
24 5
25 3
26 0
27 0
last timestep 27
node 1081 iteration 1
0 0
1 8
2 8
3 6
4 10
5 14
6 13
7 11
8 7
9 9
10 14
11 13
12 26
13 28
14 39
15 48
16 69
17 85
18 54
19 56
20 52
21 53
22 33
23 31
24 16
25 9
26 8
27 4
28 3
29 4
30 7
31 2
32 3
33 2
34 5
35 6
36 5
37 7
38 0
39 0
last timestep 39
node 1081 iteration 2
0 0
1 3
2 2
3 11
4 20
5 18
6 27
7 46
8 63
9 83
10 96
11 108
12 91
13 68
14 52
15 37
16 25
17 17
18 13
19 7
20 10
21 4
22 1
23 1
24 1
25 0
26 0
last timestep 26
node 1081 iteration 3
0 0
1 9
2 4
3 12
4 11
5 6
6 8
7 7
8 6
9 13
10 11
11 18
12 21
13 35
14 42
15 54
16 73
17 76
18 87
19 75
20 75
21 43
22 32
23 25
24 16
25 10
26 3
27 3
28 2
29 0
30 0
last timestep 30
node 1081 iteration 4
0 0
1 4
2 7
3 9
4 16
5 25
6 44
7 71
8 88
9 82
10 81
11 78
12 55
13 51
14 44
15 33
16 17
17 13
18 14
19 6
20 5
21 3
22 1
23 1
24 0
25 0
last timestep 25
node 1081 iteration 5
0 0
1 4
2 1
3 2
4 11
5 11
6 14
7 12
8 16
9 25
10 26
11 46
12 79
13 76
14 82
15 78
16 68
17 61
18 46
19 39
20 24
21 20
22 10
23 7
24 3
25 6
26 4
27 3
28 4
29 0
30 0
last timestep 30
node 1081 iteration 6
0 0
1 8
2 11
3 26
4 34
5 49
6 58
7 68
8 86
9 74
10 74
11 67
12 75
13 54
14 34
15 27
16 15
17 13
18 13
19 9
20 5
21 1
22 0
23 0
last timestep 23
node 1081 iteration 7
0 0
1 2
2 2
3 2
4 0
5 0
last timestep 5
node 1081 iteration 8
0 0
1 2
2 1
3 5
4 16
5 21
6 37
7 34
8 34
9 39
10 51
11 52
12 51
13 55
14 34
15 27
16 23
17 17
18 13
19 19
20 17
21 18
22 11
23 4
24 3
25 5
26 4
27 4
28 6
29 3
30 0
31 0
last timestep 31
node 1081 iteration 9
0 0
1 8
2 17
3 18
4 49
5 63
6 86
7 89
8 89
9 92
10 87
11 86
12 69
13 37
14 35
15 18
16 9
17 4
18 3
19 0
20 0
last timestep 20
