node 253 iteration 0
0 0
1 3
2 4
3 4
4 1
5 0
6 0
last timestep 6
node 253 iteration 1
0 0
1 5
2 8
3 11
4 30
5 41
6 77
7 86
8 108
9 111
10 92
11 90
12 49
13 35
14 28
15 12
16 13
17 8
18 5
19 8
20 6
21 6
22 2
23 2
24 1
25 1
26 0
27 0
last timestep 27
node 253 iteration 2
0 0
1 2
2 1
3 1
4 2
5 0
6 0
last timestep 6
node 253 iteration 3
0 0
1 1
2 1
3 0
4 0
last timestep 4
node 253 iteration 4
0 0
1 0
2 1
3 9
4 9
5 13
6 27
7 35
8 50
9 63
10 76
11 77
12 80
13 64
14 41
15 49
16 50
17 41
18 42
19 22
20 22
21 18
22 8
23 5
24 4
25 1
26 0
last timestep 26
node 253 iteration 5
0 0
1 2
2 0
3 0
last timestep 3
node 253 iteration 6
0 0
1 2
2 2
3 5
4 8
5 13
6 31
7 40
8 82
9 102
10 109
11 104
12 84
13 69
14 61
15 43
16 22
17 8
18 6
19 2
20 1
21 0
22 0
last timestep 22
node 253 iteration 7
0 0
1 3
2 5
3 7
4 12
5 14
6 21
7 34
8 63
9 81
10 98
11 114
12 98
13 94
14 68
15 43
16 42
17 21
18 9
19 10
20 11
21 8
22 3
23 2
24 2
25 1
26 0
27 0
last timestep 27
node 253 iteration 8
0 0
1 2
2 1
3 2
4 3
5 4
6 5
7 12
8 19
9 22
10 31
11 36
12 49
13 71
14 86
15 99
16 97
17 93
18 58
19 42
20 28
21 26
22 13
23 3
24 1
25 0
26 0
last timestep 26
node 253 iteration 9
0 0
1 2
2 6
3 4
4 11
5 4
6 4
7 9
8 14
9 13
10 25
11 39
12 44
13 64
14 69
15 93
16 79
17 62
18 52
19 55
20 45
21 25
22 29
23 18
24 9
25 8
26 4
27 1
28 0
29 0
last timestep 29
