node 1084 iteration 0
0 0
1 3
2 6
3 8
4 10
5 30
6 66
7 88
8 113
9 122
10 126
11 98
12 70
13 53
14 33
15 25
16 6
17 11
18 3
19 1
20 1
21 0
22 0
last timestep 22
node 1084 iteration 1
0 0
1 2
2 0
3 0
last timestep 3
node 1084 iteration 2
0 0
1 5
2 4
3 7
4 11
5 31
6 21
7 49
8 58
9 78
10 77
11 73
12 80
13 47
14 48
15 44
16 30
17 33
18 28
19 14
20 8
21 6
22 6
23 5
24 8
25 5
26 1
27 0
28 0
last timestep 28
node 1084 iteration 3
0 0
1 1
2 1
3 4
4 5
5 7
6 3
7 2
8 2
9 5
10 13
11 39
12 63
13 79
14 118
15 113
16 89
17 80
18 64
19 48
20 34
21 24
22 14
23 10
24 9
25 2
26 0
27 0
last timestep 27
node 1084 iteration 4
0 0
1 6
2 8
3 20
4 19
5 50
6 56
7 88
8 93
9 100
10 104
11 99
12 68
13 41
14 32
15 13
16 13
17 12
18 6
19 7
20 2
21 2
22 0
23 0
last timestep 23
node 1084 iteration 5
0 0
1 2
2 4
3 12
4 6
5 10
6 12
7 17
8 19
9 27
10 33
11 38
12 60
13 88
14 109
15 103
16 96
17 63
18 37
19 28
20 20
21 15
22 6
23 7
24 3
25 1
26 0
27 1
28 0
last timestep 28
node 1084 iteration 6
0 0
1 1
2 3
3 3
4 5
5 4
6 5
7 9
8 13
9 17
10 27
11 38
12 35
13 46
14 49
15 61
16 90
17 71
18 79
19 76
20 53
21 35
22 31
23 23
24 22
25 17
26 11
27 6
28 2
29 3
30 0
31 0
last timestep 31
node 1084 iteration 7
0 0
1 2
2 6
3 10
4 18
5 22
6 32
7 55
8 65
9 80
10 80
11 72
12 76
13 57
14 46
15 38
16 25
17 25
18 26
19 17
20 9
21 4
22 2
23 0
24 0
last timestep 24
node 1084 iteration 8
0 0
1 2
2 6
3 7
4 7
5 5
6 16
7 30
8 48
9 55
10 67
11 63
12 43
13 41
14 45
15 31
16 26
17 23
18 23
19 13
20 10
21 12
22 11
23 3
24 2
25 3
26 2
27 1
28 0
29 0
last timestep 29
node 1084 iteration 9
0 0
1 5
2 13
3 33
4 39
5 57
6 71
7 99
8 90
9 71
10 61
11 56
12 62
13 40
14 30
15 24
16 8
17 12
18 3
19 3
20 0
21 1
22 2
23 1
24 0
last timestep 24
