node 114 iteration 0
0 0
1 6
2 17
3 17
4 33
5 38
6 48
7 39
8 36
9 71
10 58
11 68
12 68
13 64
14 46
15 37
16 32
17 23
18 19
19 11
20 11
21 3
22 1
23 1
24 0
25 0
last timestep 25
node 114 iteration 1
0 0
1 6
2 4
3 6
4 7
5 21
6 25
7 50
8 76
9 72
10 102
11 111
12 88
13 72
14 60
15 30
16 21
17 13
18 13
19 13
20 2
21 0
22 0
last timestep 22
node 114 iteration 2
0 0
1 14
2 17
3 26
4 25
5 35
6 35
7 65
8 71
9 82
10 92
11 75
12 57
13 54
14 50
15 40
16 37
17 31
18 11
19 7
20 4
21 2
22 3
23 1
24 0
25 0
last timestep 25
node 114 iteration 3
0 0
1 5
2 6
3 12
4 18
5 22
6 29
7 39
8 44
9 76
10 85
11 76
12 62
13 57
14 57
15 57
16 41
17 30
18 24
19 20
20 11
21 7
22 7
23 6
24 6
25 0
26 0
last timestep 26
node 114 iteration 4
0 0
1 8
2 8
3 22
4 21
5 40
6 67
7 86
8 97
9 102
10 92
11 90
12 71
13 40
14 30
15 23
16 14
17 8
18 4
19 1
20 1
21 0
22 0
last timestep 22
node 114 iteration 5
0 0
1 7
2 14
3 16
4 34
5 46
6 49
7 51
8 62
9 81
10 87
11 62
12 63
13 52
14 40
15 33
16 19
17 10
18 10
19 3
20 2
21 1
22 0
23 0
last timestep 23
node 114 iteration 6
0 0
1 6
2 9
3 6
4 16
5 14
6 14
7 23
8 34
9 44
10 69
11 74
12 69
13 82
14 70
15 61
16 70
17 44
18 35
19 28
20 21
21 14
22 11
23 5
24 3
25 2
26 2
27 1
28 2
29 0
30 0
last timestep 30
node 114 iteration 7
0 0
1 11
2 25
3 30
4 43
5 100
6 117
7 112
8 110
9 112
10 85
11 74
12 58
13 26
14 24
15 18
16 4
17 2
18 0
19 0
last timestep 19
node 114 iteration 8
0 0
1 10
2 9
3 15
4 15
5 42
6 58
7 62
8 72
9 82
10 83
11 77
12 75
13 72
14 54
15 35
16 28
17 24
18 9
19 9
20 5
21 4
22 2
23 1
24 0
25 0
last timestep 25
node 114 iteration 9
0 0
1 5
2 5
3 16
4 16
5 15
6 11
7 20
8 24
9 40
10 61
11 86
12 102
13 95
14 79
15 72
16 55
17 39
18 37
19 17
20 6
21 6
22 7
23 2
24 3
25 1
26 1
27 0
28 0
last timestep 28
