node 674 iteration 0
0 0
1 4
2 0
3 0
last timestep 3
node 674 iteration 1
0 0
1 5
2 9
3 3
4 5
5 8
6 4
7 5
8 12
9 25
10 27
11 47
12 51
13 55
14 58
15 71
16 69
17 51
18 57
19 62
20 45
21 25
22 19
23 12
24 7
25 4
26 5
27 5
28 4
29 5
30 4
31 3
32 0
33 0
last timestep 33
node 674 iteration 2
0 0
1 6
2 4
3 14
4 14
5 20
6 20
7 36
8 41
9 60
10 73
11 77
12 84
13 101
14 78
15 57
16 45
17 27
18 24
19 10
20 6
21 5
22 4
23 0
24 1
25 0
last timestep 25
node 674 iteration 3
0 0
1 0
2 0
last timestep 2
node 674 iteration 4
0 0
1 1
2 1
3 1
4 2
5 0
6 0
last timestep 6
node 674 iteration 5
0 0
1 4
2 2
3 2
4 4
5 15
6 11
7 25
8 47
9 63
10 69
11 80
12 59
13 63
14 60
15 57
16 42
17 43
18 34
19 20
20 21
21 15
22 13
23 13
24 5
25 3
26 1
27 0
28 0
last timestep 28
node 674 iteration 6
0 0
1 2
2 1
3 1
4 2
5 6
6 8
7 7
8 8
9 11
10 21
11 35
12 59
13 63
14 69
15 66
16 66
17 72
18 43
19 36
20 31
21 23
22 14
23 18
24 12
25 13
26 10
27 7
28 5
29 4
30 3
31 0
32 2
33 0
last timestep 33
node 674 iteration 7
0 0
1 4
2 5
3 8
4 16
5 26
6 33
7 38
8 58
9 56
10 65
11 68
12 68
13 67
14 65
15 45
16 29
17 19
18 20
19 13
20 8
21 7
22 9
23 6
24 5
25 5
26 6
27 4
28 8
29 7
30 3
31 3
32 1
33 0
34 0
last timestep 34
node 674 iteration 8
0 0
1 4
2 4
3 8
4 9
5 23
6 40
7 70
8 78
9 89
10 112
11 93
12 103
13 81
14 54
15 41
16 24
17 16
18 9
19 5
20 0
21 0
last timestep 21
node 674 iteration 9
0 0
1 4
2 19
3 21
4 33
5 40
6 49
7 78
8 90
9 105
10 86
11 92
12 73
13 55
14 28
15 28
16 19
17 10
18 6
19 3
20 2
21 1
22 0
23 0
last timestep 23
