node 629 iteration 0
0 0
1 7
2 20
3 25
4 42
5 62
6 76
7 50
8 52
9 56
10 64
11 47
12 36
13 34
14 20
15 23
16 24
17 13
18 14
19 15
20 18
21 14
22 11
23 6
24 5
25 2
26 2
27 1
28 0
29 0
last timestep 29
node 629 iteration 1
0 0
1 8
2 11
3 9
4 10
5 6
6 14
7 22
8 26
9 29
10 64
11 83
12 111
13 108
14 85
15 71
16 57
17 39
18 32
19 19
20 12
21 5
22 1
23 2
24 0
25 0
last timestep 25
node 629 iteration 2
0 0
1 1
2 2
3 3
4 7
5 14
6 30
7 35
8 42
9 60
10 62
11 71
12 73
13 83
14 58
15 52
16 40
17 40
18 28
19 11
20 9
21 18
22 9
23 6
24 6
25 5
26 1
27 2
28 0
29 0
last timestep 29
node 629 iteration 3
0 0
1 1
2 0
3 0
last timestep 3
node 629 iteration 4
0 0
1 5
2 7
3 9
4 12
5 10
6 30
7 40
8 55
9 59
10 86
11 79
12 66
13 69
14 60
15 63
16 51
17 37
18 23
19 16
20 12
21 7
22 7
23 6
24 2
25 0
26 1
27 0
last timestep 27
node 629 iteration 5
0 0
1 8
2 10
3 23
4 32
5 46
6 43
7 82
8 89
9 86
10 54
11 47
12 59
13 39
14 30
15 19
16 16
17 11
18 15
19 7
20 8
21 8
22 7
23 6
24 6
25 2
26 2
27 0
28 0
last timestep 28
node 629 iteration 6
0 0
1 2
2 6
3 10
4 4
5 2
6 5
7 4
8 5
9 11
10 10
11 15
12 19
13 30
14 42
15 57
16 58
17 54
18 78
19 69
20 61
21 48
22 28
23 25
24 21
25 8
26 6
27 5
28 2
29 3
30 1
31 0
32 0
last timestep 32
node 629 iteration 7
0 0
1 3
2 1
3 5
4 8
5 12
6 18
7 20
8 43
9 57
10 69
11 87
12 101
13 90
14 81
15 83
16 65
17 47
18 28
19 20
20 10
21 3
22 0
23 0
last timestep 23
node 629 iteration 8
0 0
1 5
2 3
3 14
4 25
5 40
6 42
7 69
8 59
9 60
10 59
11 48
12 48
13 33
14 31
15 19
16 17
17 8
18 8
19 3
20 4
21 8
22 10
23 10
24 7
25 10
26 7
27 2
28 2
29 0
30 0
last timestep 30
node 629 iteration 9
0 0
1 6
2 6
3 16
4 24
5 28
6 45
7 54
8 58
9 66
10 59
11 73
12 83
13 65
14 74
15 46
16 24
17 27
18 17
19 5
20 2
21 4
22 2
23 1
24 1
25 1
26 0
27 0
last timestep 27
