node 284 iteration 0
0 0
1 3
2 2
3 2
4 0
5 2
6 1
7 7
8 4
9 9
10 10
11 26
12 45
13 80
14 95
15 118
16 122
17 101
18 71
19 37
20 29
21 24
22 17
23 9
24 7
25 9
26 3
27 5
28 1
29 0
last timestep 29
node 284 iteration 1
0 0
1 3
2 1
3 1
4 1
5 0
6 0
last timestep 6
node 284 iteration 2
0 0
1 2
2 2
3 0
4 1
5 0
last timestep 5
node 284 iteration 3
0 0
1 0
2 0
last timestep 2
node 284 iteration 4
0 0
1 0
2 0
last timestep 2
node 284 iteration 5
0 0
1 1
2 5
3 6
4 4
5 8
6 9
7 15
8 19
9 22
10 33
11 63
12 85
13 86
14 85
15 72
16 47
17 66
18 46
19 51
20 44
21 30
22 19
23 5
24 4
25 4
26 4
27 2
28 0
29 0
last timestep 29
node 284 iteration 6
0 0
1 1
2 1
3 2
4 2
5 8
6 23
7 28
8 42
9 45
10 48
11 64
12 82
13 74
14 71
15 42
16 55
17 44
18 51
19 29
20 18
21 18
22 11
23 7
24 4
25 2
26 2
27 1
28 0
29 0
last timestep 29
node 284 iteration 7
0 0
1 3
2 0
3 0
last timestep 3
node 284 iteration 8
0 0
1 5
2 9
3 9
4 10
5 29
6 44
7 53
8 75
9 79
10 96
11 116
12 95
13 71
14 41
15 23
16 21
17 14
18 15
19 7
20 6
21 2
22 1
23 3
24 3
25 2
26 0
27 0
last timestep 27
node 284 iteration 9
0 0
1 4
2 3
3 6
4 9
5 11
6 20
7 40
8 44
9 60
10 82
11 84
12 110
13 99
14 101
15 66
16 43
17 32
18 16
19 6
20 2
21 2
22 3
23 2
24 1
25 1
26 0
27 0
last timestep 27
