node 1730 iteration 0
0 0
1 5
2 8
3 8
4 9
5 13
6 11
7 24
8 36
9 35
10 58
11 68
12 88
13 78
14 75
15 60
16 28
17 34
18 15
19 16
20 13
21 12
22 12
23 9
24 3
25 2
26 1
27 2
28 1
29 2
30 1
31 1
32 2
33 1
34 2
35 0
36 0
last timestep 36
node 1730 iteration 1
0 0
1 1
2 3
3 0
4 1
5 1
6 0
last timestep 6
node 1730 iteration 2
0 0
1 1
2 2
3 1
4 0
5 0
last timestep 5
node 1730 iteration 3
0 0
1 0
2 0
last timestep 2
node 1730 iteration 4
0 0
1 3
2 1
3 5
4 7
5 10
6 16
7 20
8 34
9 82
10 128
11 139
12 156
13 122
14 71
15 52
16 29
17 24
18 20
19 9
20 3
21 3
22 1
23 1
24 0
25 0
last timestep 25
node 1730 iteration 5
0 0
1 1
2 1
3 0
4 0
last timestep 4
node 1730 iteration 6
0 0
1 1
2 1
3 1
4 0
5 0
last timestep 5
node 1730 iteration 7
0 0
1 1
2 3
3 11
4 12
5 21
6 26
7 52
8 80
9 83
10 82
11 74
12 63
13 76
14 58
15 48
16 34
17 26
18 25
19 11
20 5
21 2
22 4
23 3
24 3
25 0
26 1
27 0
last timestep 27
node 1730 iteration 8
0 0
1 1
2 2
3 1
4 2
5 3
6 3
7 7
8 12
9 22
10 29
11 49
12 72
13 96
14 120
15 104
16 101
17 70
18 45
19 29
20 19
21 12
22 9
23 5
24 2
25 0
26 0
last timestep 26
node 1730 iteration 9
0 0
1 3
2 1
3 3
4 10
5 8
6 14
7 25
8 30
9 60
10 75
11 71
12 81
13 93
14 85
15 74
16 54
17 35
18 18
19 24
20 14
21 10
22 10
23 1
24 0
25 0
last timestep 25
