node 56 iteration 0
0 0
1 5
2 0
3 0
last timestep 3
node 56 iteration 1
0 0
1 6
2 2
3 0
4 2
5 2
6 6
7 25
8 32
9 47
10 60
11 69
12 75
13 79
14 70
15 63
16 43
17 34
18 32
19 22
20 13
21 12
22 14
23 6
24 2
25 1
26 1
27 0
last timestep 27
node 56 iteration 2
0 0
1 1
2 6
3 7
4 4
5 4
6 3
7 9
8 17
9 28
10 43
11 69
12 96
13 120
14 134
15 117
16 86
17 41
18 36
19 28
20 12
21 13
22 8
23 1
24 0
25 0
last timestep 25
node 56 iteration 3
0 0
1 2
2 3
3 4
4 5
5 3
6 3
7 3
8 2
9 4
10 6
11 21
12 28
13 35
14 47
15 96
16 82
17 99
18 72
19 58
20 67
21 47
22 35
23 17
24 12
25 7
26 7
27 4
28 5
29 6
30 4
31 5
32 0
33 1
34 1
35 1
36 1
37 0
last timestep 37
node 56 iteration 4
0 0
1 3
2 4
3 8
4 15
5 24
6 24
7 35
8 45
9 54
10 67
11 68
12 79
13 87
14 72
15 89
16 59
17 42
18 30
19 20
20 9
21 9
22 6
23 3
24 2
25 1
26 0
27 2
28 1
29 2
30 0
last timestep 30
node 56 iteration 5
0 0
1 3
2 0
3 0
last timestep 3
node 56 iteration 6
0 0
1 2
2 3
3 9
4 13
5 18
6 27
7 37
8 43
9 78
10 77
11 97
12 80
13 82
14 79
15 57
16 51
17 37
18 34
19 19
20 15
21 13
22 10
23 11
24 4
25 6
26 1
27 1
28 0
29 0
last timestep 29
node 56 iteration 7
0 0
1 2
2 3
3 1
4 0
5 0
last timestep 5
node 56 iteration 8
0 0
1 4
2 3
3 0
4 0
last timestep 4
node 56 iteration 9
0 0
1 2
2 1
3 0
4 0
last timestep 4
