node 809 iteration 0
0 0
1 5
2 17
3 12
4 18
5 28
6 38
7 62
8 74
9 90
10 76
11 73
12 73
13 41
14 38
15 18
16 14
17 4
18 4
19 0
20 0
last timestep 20
node 809 iteration 1
0 0
1 2
2 0
3 0
last timestep 3
node 809 iteration 2
0 0
1 3
2 17
3 34
4 48
5 57
6 79
7 98
8 116
9 112
10 125
11 89
12 43
13 33
14 24
15 11
16 8
17 11
18 5
19 6
20 1
21 0
22 2
23 1
24 0
last timestep 24
node 809 iteration 3
0 0
1 1
2 1
3 1
4 1
5 1
6 3
7 3
8 5
9 5
10 9
11 23
12 24
13 39
14 75
15 115
16 86
17 78
18 72
19 61
20 49
21 34
22 24
23 12
24 8
25 5
26 2
27 1
28 1
29 1
30 0
31 0
last timestep 31
node 809 iteration 4
0 0
1 3
2 7
3 8
4 15
5 18
6 34
7 49
8 57
9 62
10 80
11 80
12 86
13 59
14 55
15 46
16 44
17 46
18 26
19 10
20 13
21 4
22 5
23 5
24 5
25 1
26 1
27 3
28 1
29 0
30 0
last timestep 30
node 809 iteration 5
0 0
1 3
2 6
3 12
4 16
5 37
6 44
7 50
8 78
9 106
10 86
11 99
12 98
13 78
14 53
15 36
16 18
17 9
18 7
19 7
20 8
21 6
22 5
23 1
24 0
25 0
last timestep 25
node 809 iteration 6
0 0
1 1
2 2
3 3
4 0
5 0
last timestep 5
node 809 iteration 7
0 0
1 1
2 1
3 1
4 2
5 11
6 17
7 25
8 29
9 40
10 31
11 37
12 46
13 52
14 54
15 49
16 47
17 25
18 24
19 36
20 33
21 35
22 31
23 30
24 14
25 12
26 9
27 5
28 12
29 10
30 3
31 4
32 4
33 2
34 0
35 0
last timestep 35
node 809 iteration 8
0 0
1 1
2 0
3 0
last timestep 3
node 809 iteration 9
0 0
1 4
2 4
3 2
4 2
5 2
6 12
7 15
8 33
9 31
10 47
11 100
12 125
13 114
14 105
15 92
16 46
17 36
18 31
19 32
20 13
21 4
22 3
23 0
24 0
last timestep 24
