node 1722 iteration 0
0 0
1 6
2 15
3 9
4 21
5 21
6 18
7 29
8 31
9 42
10 43
11 53
12 81
13 75
14 74
15 79
16 71
17 51
18 35
19 23
20 22
21 10
22 6
23 9
24 10
25 5
26 5
27 0
28 4
29 0
last timestep 29
node 1722 iteration 1
0 0
1 5
2 12
3 18
4 32
5 36
6 62
7 76
8 91
9 83
10 73
11 48
12 50
13 38
14 31
15 21
16 19
17 20
18 15
19 16
20 7
21 1
22 1
23 1
24 1
25 0
26 0
last timestep 26
node 1722 iteration 2
0 0
1 2
2 1
3 0
4 0
last timestep 4
node 1722 iteration 3
0 0
1 5
2 1
3 4
4 7
5 20
6 30
7 25
8 63
9 74
10 86
11 97
12 88
13 84
14 63
15 60
16 39
17 20
18 12
19 7
20 4
21 1
22 0
23 0
last timestep 23
node 1722 iteration 4
0 0
1 3
2 5
3 3
4 1
5 2
6 4
7 3
8 5
9 7
10 7
11 9
12 4
13 4
14 2
15 1
16 4
17 9
18 15
19 13
20 29
21 34
22 59
23 61
24 62
25 63
26 77
27 58
28 61
29 46
30 31
31 19
32 5
33 9
34 5
35 9
36 0
37 1
38 2
39 2
40 2
41 0
last timestep 41
node 1722 iteration 5
0 0
1 5
2 9
3 14
4 16
5 24
6 28
7 35
8 49
9 78
10 84
11 77
12 77
13 71
14 61
15 58
16 35
17 21
18 14
19 5
20 4
21 5
22 2
23 1
24 2
25 0
26 0
last timestep 26
node 1722 iteration 6
0 0
1 2
2 0
3 0
last timestep 3
node 1722 iteration 7
0 0
1 2
2 2
3 0
4 0
last timestep 4
node 1722 iteration 8
0 0
1 6
2 10
3 6
4 7
5 16
6 28
7 37
8 66
9 88
10 98
11 87
12 86
13 67
14 55
15 39
16 18
17 19
18 13
19 3
20 3
21 1
22 0
23 1
24 1
25 0
last timestep 25
node 1722 iteration 9
0 0
1 6
2 3
3 4
4 11
5 18
6 19
7 20
8 19
9 29
10 40
11 63
12 73
13 72
14 71
15 75
16 57
17 48
18 31
19 20
20 21
21 15
22 13
23 13
24 6
25 3
26 2
27 1
28 0
29 0
last timestep 29
