node 2239 iteration 0
0 0
1 4
2 6
3 9
4 10
5 14
6 25
7 33
8 46
9 68
10 58
11 69
12 68
13 55
14 45
15 46
16 48
17 38
18 25
19 18
20 10
21 11
22 6
23 1
24 1
25 0
26 0
last timestep 26
node 2239 iteration 1
0 0
1 2
2 3
3 7
4 4
5 10
6 42
7 42
8 50
9 60
10 78
11 77
12 94
13 75
14 71
15 58
16 48
17 40
18 40
19 29
20 7
21 3
22 3
23 1
24 2
25 0
26 0
last timestep 26
node 2239 iteration 2
0 0
1 5
2 1
3 3
4 6
5 1
6 6
7 8
8 8
9 12
10 11
11 18
12 22
13 42
14 39
15 48
16 46
17 72
18 43
19 51
20 54
21 46
22 40
23 19
24 16
25 17
26 12
27 13
28 7
29 5
30 1
31 0
32 0
last timestep 32
node 2239 iteration 3
0 0
1 1
2 2
3 3
4 8
5 14
6 20
7 27
8 40
9 55
10 107
11 100
12 96
13 73
14 70
15 50
16 38
17 26
18 21
19 17
20 9
21 8
22 4
23 5
24 8
25 6
26 8
27 2
28 3
29 1
30 1
31 0
32 0
last timestep 32
node 2239 iteration 4
0 0
1 1
2 3
3 0
4 0
last timestep 4
node 2239 iteration 5
0 0
1 1
2 2
3 5
4 4
5 8
6 13
7 14
8 15
9 34
10 45
11 52
12 69
13 59
14 51
15 77
16 55
17 64
18 46
19 32
20 22
21 15
22 10
23 5
24 4
25 4
26 5
27 4
28 3
29 3
30 5
31 5
32 1
33 0
34 0
last timestep 34
node 2239 iteration 6
0 0
1 5
2 11
3 9
4 20
5 25
6 45
7 72
8 74
9 87
10 82
11 86
12 77
13 69
14 55
15 53
16 28
17 18
18 14
19 10
20 5
21 0
22 0
last timestep 22
node 2239 iteration 7
0 0
1 3
2 1
3 1
4 3
5 3
6 0
7 0
last timestep 7
node 2239 iteration 8
0 0
1 2
2 0
3 0
last timestep 3
node 2239 iteration 9
0 0
1 4
2 5
3 7
4 11
5 21
6 32
7 44
8 62
9 69
10 78
11 67
12 94
13 58
14 66
15 59
16 45
17 38
18 32
19 8
20 5
21 8
22 10
23 2
24 0
25 1
26 0
last timestep 26
