node 979 iteration 0
0 0
1 5
2 2
3 3
4 2
5 1
6 2
7 8
8 5
9 19
10 20
11 22
12 27
13 49
14 51
15 59
16 57
17 57
18 62
19 81
20 62
21 46
22 23
23 21
24 11
25 6
26 3
27 2
28 0
29 0
last timestep 29
node 979 iteration 1
0 0
1 0
2 5
3 4
4 5
5 12
6 17
7 23
8 36
9 66
10 78
11 98
12 111
13 97
14 84
15 76
16 51
17 39
18 27
19 7
20 8
21 1
22 0
last timestep 22
node 979 iteration 2
0 0
1 4
2 3
3 3
4 5
5 6
6 4
7 5
8 14
9 21
10 24
11 30
12 37
13 54
14 69
15 78
16 83
17 83
18 76
19 57
20 30
21 32
22 27
23 13
24 9
25 8
26 2
27 1
28 0
29 0
last timestep 29
node 979 iteration 3
0 0
1 3
2 0
3 0
last timestep 3
node 979 iteration 4
0 0
1 3
2 1
3 0
4 2
5 4
6 12
7 17
8 23
9 36
10 50
11 70
12 76
13 98
14 93
15 74
16 80
17 63
18 41
19 38
20 15
21 14
22 14
23 8
24 3
25 4
26 0
last timestep 26
node 979 iteration 5
0 0
1 0
2 0
last timestep 2
node 979 iteration 6
0 0
1 3
2 1
3 0
4 0
last timestep 4
node 979 iteration 7
0 0
1 4
2 4
3 9
4 9
5 15
6 31
7 43
8 74
9 95
10 99
11 101
12 113
13 96
14 73
15 36
16 29
17 27
18 8
19 4
20 4
21 2
22 1
23 3
24 2
25 2
26 0
27 0
last timestep 27
node 979 iteration 8
0 0
1 1
2 3
3 12
4 15
5 24
6 28
7 64
8 79
9 85
10 95
11 102
12 107
13 91
14 55
15 24
16 15
17 8
18 3
19 6
20 1
21 1
22 0
23 0
last timestep 23
node 979 iteration 9
0 0
1 5
2 5
3 11
4 28
5 38
6 59
7 73
8 77
9 81
10 84
11 95
12 80
13 64
14 54
15 29
16 12
17 3
18 0
19 0
last timestep 19
