node 1605 iteration 0
0 0
1 3
2 2
3 2
4 7
5 9
6 18
7 30
8 52
9 79
10 71
11 104
12 85
13 98
14 82
15 55
16 37
17 27
18 21
19 15
20 6
21 7
22 5
23 2
24 2
25 0
26 0
last timestep 26
node 1605 iteration 1
0 0
1 5
2 5
3 12
4 21
5 20
6 38
7 47
8 56
9 56
10 77
11 72
12 75
13 71
14 41
15 58
16 35
17 27
18 30
19 20
20 19
21 14
22 12
23 9
24 2
25 3
26 1
27 4
28 4
29 1
30 3
31 1
32 0
33 0
last timestep 33
node 1605 iteration 2
0 0
1 4
2 8
3 6
4 22
5 40
6 38
7 75
8 95
9 95
10 84
11 77
12 83
13 83
14 59
15 35
16 21
17 12
18 6
19 7
20 8
21 3
22 3
23 2
24 1
25 0
26 0
last timestep 26
node 1605 iteration 3
0 0
1 6
2 11
3 16
4 25
5 49
6 60
7 89
8 82
9 96
10 78
11 65
12 53
13 35
14 28
15 27
16 27
17 15
18 22
19 11
20 11
21 11
22 3
23 6
24 4
25 0
26 2
27 7
28 1
29 0
last timestep 29
node 1605 iteration 4
0 0
1 8
2 8
3 7
4 7
5 10
6 17
7 40
8 43
9 85
10 110
11 120
12 108
13 83
14 65
15 48
16 21
17 13
18 7
19 4
20 3
21 0
22 0
last timestep 22
node 1605 iteration 5
0 0
1 5
2 11
3 15
4 28
5 29
6 49
7 54
8 84
9 106
10 110
11 87
12 76
13 46
14 38
15 25
16 19
17 11
18 2
19 2
20 3
21 0
22 1
23 1
24 0
last timestep 24
node 1605 iteration 6
0 0
1 2
2 0
3 0
last timestep 3
node 1605 iteration 7
0 0
1 3
2 3
3 2
4 3
5 4
6 8
7 10
8 31
9 47
10 74
11 92
12 88
13 78
14 87
15 69
16 50
17 30
18 27
19 21
20 20
21 12
22 11
23 7
24 1
25 2
26 0
27 0
last timestep 27
node 1605 iteration 8
0 0
1 3
2 5
3 8
4 13
5 23
6 22
7 35
8 50
9 67
10 66
11 56
12 51
13 47
14 73
15 50
16 54
17 38
18 26
19 21
20 15
21 16
22 9
23 8
24 6
25 6
26 4
27 2
28 9
29 9
30 4
31 2
32 1
33 1
34 0
35 0
last timestep 35
node 1605 iteration 9
0 0
1 2
2 2
3 11
4 13
5 21
6 33
7 60
8 84
9 79
10 97
11 99
12 94
13 76
14 62
15 38
16 20
17 11
18 15
19 10
20 5
21 2
22 2
23 3
24 1
25 0
26 0
last timestep 26
