node 1655 iteration 0
0 0
1 2
2 2
3 1
4 8
5 5
6 4
7 6
8 13
9 15
10 15
11 32
12 40
13 42
14 62
15 56
16 71
17 67
18 78
19 72
20 53
21 42
22 21
23 13
24 4
25 4
26 7
27 3
28 3
29 1
30 1
31 0
32 0
last timestep 32
node 1655 iteration 1
0 0
1 6
2 3
3 5
4 4
5 5
6 5
7 16
8 48
9 57
10 64
11 82
12 104
13 80
14 80
15 59
16 37
17 26
18 25
19 18
20 13
21 9
22 5
23 4
24 11
25 1
26 1
27 0
28 0
last timestep 28
node 1655 iteration 2
0 0
1 6
2 14
3 21
4 36
5 45
6 65
7 77
8 71
9 83
10 68
11 63
12 62
13 53
14 40
15 33
16 24
17 18
18 8
19 11
20 15
21 6
22 2
23 5
24 2
25 2
26 0
27 0
last timestep 27
node 1655 iteration 3
0 0
1 2
2 5
3 6
4 20
5 29
6 31
7 42
8 47
9 73
10 94
11 97
12 108
13 69
14 36
15 24
16 23
17 18
18 16
19 12
20 8
21 7
22 6
23 2
24 2
25 0
26 0
last timestep 26
node 1655 iteration 4
0 0
1 5
2 4
3 2
4 3
5 3
6 5
7 9
8 8
9 11
10 13
11 8
12 11
13 13
14 17
15 31
16 41
17 46
18 68
19 67
20 71
21 84
22 58
23 46
24 31
25 16
26 12
27 2
28 2
29 0
30 0
last timestep 30
node 1655 iteration 5
0 0
1 4
2 7
3 10
4 25
5 38
6 45
7 51
8 83
9 70
10 94
11 78
12 68
13 59
14 43
15 26
16 10
17 2
18 1
19 0
20 1
21 0
last timestep 21
node 1655 iteration 6
0 0
1 3
2 2
3 2
4 3
5 3
6 2
7 1
8 0
9 0
last timestep 9
node 1655 iteration 7
0 0
1 2
2 11
3 17
4 25
5 50
6 71
7 76
8 114
9 110
10 93
11 92
12 72
13 47
14 36
15 23
16 22
17 8
18 5
19 4
20 2
21 2
22 1
23 0
24 0
last timestep 24
node 1655 iteration 8
0 0
1 2
2 0
3 0
last timestep 3
node 1655 iteration 9
0 0
1 6
2 7
3 7
4 4
5 5
6 4
7 3
8 1
9 0
10 2
11 10
12 8
13 23
14 29
15 42
16 65
17 71
18 98
19 107
20 113
21 100
22 68
23 60
24 44
25 13
26 11
27 11
28 8
29 4
30 1
31 3
32 1
33 0
last timestep 33
