node 1864 iteration 0
0 0
1 4
2 7
3 8
4 10
5 14
6 12
7 30
8 50
9 72
10 68
11 79
12 79
13 53
14 41
15 46
16 47
17 30
18 25
19 14
20 8
21 7
22 4
23 8
24 1
25 2
26 0
27 0
last timestep 27
node 1864 iteration 1
0 0
1 5
2 5
3 6
4 10
5 23
6 45
7 66
8 81
9 91
10 89
11 110
12 84
13 74
14 59
15 39
16 22
17 22
18 11
19 6
20 5
21 1
22 1
23 2
24 1
25 5
26 1
27 0
28 3
29 4
30 1
31 1
32 0
last timestep 32
node 1864 iteration 2
0 0
1 1
2 4
3 11
4 13
5 12
6 24
7 41
8 41
9 45
10 35
11 45
12 44
13 39
14 35
15 33
16 18
17 21
18 18
19 19
20 8
21 8
22 7
23 10
24 8
25 8
26 10
27 2
28 6
29 7
30 3
31 11
32 6
33 2
34 3
35 3
36 1
37 2
38 3
39 5
40 3
41 3
42 2
43 2
44 2
45 3
46 10
47 7
48 1
49 5
50 1
51 1
52 0
53 0
last timestep 53
node 1864 iteration 3
0 0
1 4
2 5
3 4
4 8
5 6
6 12
7 15
8 35
9 26
10 50
11 87
12 82
13 76
14 72
15 53
16 42
17 37
18 24
19 18
20 9
21 10
22 8
23 7
24 6
25 4
26 5
27 5
28 2
29 0
30 0
last timestep 30
node 1864 iteration 4
0 0
1 4
2 2
3 0
4 0
last timestep 4
node 1864 iteration 5
0 0
1 3
2 1
3 3
4 2
5 0
6 0
last timestep 6
node 1864 iteration 6
0 0
1 1
2 0
3 0
last timestep 3
node 1864 iteration 7
0 0
1 3
2 2
3 0
4 1
5 1
6 3
7 7
8 3
9 4
10 12
11 10
12 28
13 51
14 35
15 39
16 57
17 51
18 77
19 63
20 63
21 42
22 34
23 17
24 23
25 19
26 17
27 14
28 13
29 13
30 6
31 2
32 1
33 0
last timestep 33
node 1864 iteration 8
0 0
1 2
2 0
3 0
last timestep 3
node 1864 iteration 9
0 0
1 1
2 2
3 4
4 8
5 10
6 18
7 10
8 13
9 20
10 34
11 47
12 68
13 92
14 94
15 84
16 77
17 66
18 38
19 34
20 28
21 18
22 9
23 7
24 1
25 0
26 0
last timestep 26
