node 1348 iteration 0
0 0
1 4
2 3
3 3
4 12
5 25
6 30
7 49
8 85
9 109
10 106
11 119
12 81
13 59
14 48
15 35
16 22
17 14
18 12
19 9
20 9
21 5
22 0
23 4
24 6
25 5
26 3
27 2
28 2
29 1
30 0
last timestep 30
node 1348 iteration 1
0 0
1 3
2 0
3 0
last timestep 3
node 1348 iteration 2
0 0
1 2
2 1
3 0
4 0
last timestep 4
node 1348 iteration 3
0 0
1 1
2 7
3 18
4 19
5 24
6 26
7 25
8 36
9 41
10 62
11 73
12 68
13 79
14 91
15 78
16 54
17 44
18 17
19 12
20 8
21 10
22 5
23 1
24 2
25 2
26 0
27 1
28 1
29 1
30 0
last timestep 30
node 1348 iteration 4
0 0
1 5
2 4
3 3
4 2
5 8
6 8
7 6
8 3
9 4
10 4
11 14
12 25
13 35
14 57
15 69
16 66
17 81
18 75
19 63
20 56
21 40
22 31
23 24
24 16
25 7
26 4
27 5
28 1
29 0
30 1
31 0
last timestep 31
node 1348 iteration 5
0 0
1 4
2 3
3 11
4 17
5 38
6 26
7 34
8 44
9 60
10 111
11 81
12 90
13 89
14 61
15 43
16 21
17 18
18 18
19 8
20 5
21 3
22 0
23 1
24 0
last timestep 24
node 1348 iteration 6
0 0
1 3
2 4
3 3
4 5
5 5
6 6
7 10
8 25
9 39
10 81
11 113
12 125
13 124
14 110
15 81
16 60
17 31
18 19
19 12
20 6
21 3
22 2
23 1
24 1
25 0
26 0
last timestep 26
node 1348 iteration 7
0 0
1 2
2 0
3 0
last timestep 3
node 1348 iteration 8
0 0
1 2
2 0
3 0
last timestep 3
node 1348 iteration 9
0 0
1 4
2 4
3 4
4 10
5 15
6 10
7 28
8 47
9 57
10 58
11 81
12 72
13 89
14 88
15 86
16 80
17 51
18 26
19 25
20 17
21 14
22 6
23 5
24 2
25 1
26 2
27 2
28 1
29 0
30 0
last timestep 30
