node 356 iteration 0
0 0
1 4
2 4
3 8
4 6
5 11
6 23
7 28
8 48
9 57
10 80
11 105
12 90
13 94
14 67
15 45
16 38
17 30
18 13
19 8
20 11
21 3
22 3
23 0
24 0
last timestep 24
node 356 iteration 1
0 0
1 6
2 8
3 12
4 39
5 53
6 74
7 84
8 96
9 80
10 70
11 66
12 69
13 49
14 43
15 42
16 26
17 18
18 9
19 7
20 5
21 9
22 6
23 3
24 1
25 1
26 0
27 0
last timestep 27
node 356 iteration 2
0 0
1 4
2 7
3 1
4 3
5 5
6 2
7 3
8 0
9 0
last timestep 9
node 356 iteration 3
0 0
1 3
2 6
3 7
4 12
5 22
6 47
7 70
8 90
9 103
10 97
11 102
12 90
13 52
14 36
15 24
16 12
17 6
18 1
19 0
20 0
last timestep 20
node 356 iteration 4
0 0
1 3
2 12
3 10
4 13
5 12
6 21
7 17
8 33
9 53
10 51
11 49
12 41
13 33
14 40
15 52
16 44
17 44
18 40
19 28
20 31
21 21
22 20
23 13
24 17
25 17
26 8
27 8
28 4
29 4
30 3
31 0
32 1
33 0
last timestep 33
node 356 iteration 5
0 0
1 6
2 4
3 11
4 7
5 9
6 14
7 14
8 17
9 35
10 49
11 69
12 87
13 97
14 93
15 86
16 81
17 47
18 40
19 23
20 16
21 12
22 10
23 2
24 0
25 1
26 0
last timestep 26
node 356 iteration 6
0 0
1 5
2 12
3 11
4 14
5 33
6 33
7 55
8 62
9 114
10 98
11 77
12 59
13 49
14 28
15 20
16 12
17 13
18 4
19 3
20 3
21 0
22 0
last timestep 22
node 356 iteration 7
0 0
1 4
2 1
3 1
4 3
5 4
6 4
7 6
8 9
9 11
10 16
11 19
12 36
13 41
14 55
15 62
16 72
17 75
18 72
19 63
20 49
21 56
22 42
23 26
24 18
25 17
26 17
27 15
28 12
29 7
30 11
31 8
32 1
33 1
34 1
35 0
36 0
last timestep 36
node 356 iteration 8
0 0
1 2
2 0
3 0
last timestep 3
node 356 iteration 9
0 0
1 4
2 6
3 8
4 11
5 20
6 20
7 61
8 87
9 88
10 98
11 80
12 66
13 90
14 74
15 52
16 54
17 31
18 17
19 8
20 4
21 0
22 0
last timestep 22
