node 630 iteration 0
0 0
1 4
2 12
3 36
4 53
5 62
6 97
7 90
8 91
9 80
10 78
11 45
12 29
13 25
14 24
15 11
16 12
17 13
18 2
19 1
20 0
21 1
22 0
last timestep 22
node 630 iteration 1
0 0
1 2
2 4
3 3
4 5
5 8
6 11
7 8
8 6
9 6
10 7
11 12
12 19
13 26
14 28
15 40
16 50
17 36
18 45
19 47
20 48
21 53
22 50
23 45
24 43
25 40
26 41
27 40
28 31
29 31
30 27
31 24
32 10
33 16
34 6
35 4
36 1
37 0
38 0
last timestep 38
node 630 iteration 2
0 0
1 6
2 14
3 27
4 33
5 63
6 61
7 93
8 96
9 79
10 81
11 61
12 53
13 33
14 22
15 12
16 10
17 6
18 4
19 4
20 6
21 1
22 2
23 2
24 1
25 0
26 0
last timestep 26
node 630 iteration 3
0 0
1 2
2 1
3 4
4 2
5 1
6 2
7 5
8 13
9 24
10 24
11 28
12 37
13 46
14 67
15 71
16 85
17 52
18 49
19 36
20 32
21 28
22 26
23 13
24 11
25 18
26 15
27 13
28 4
29 3
30 0
31 0
last timestep 31
node 630 iteration 4
0 0
1 3
2 1
3 4
4 0
5 0
last timestep 5
node 630 iteration 5
0 0
1 3
2 3
3 7
4 20
5 33
6 48
7 69
8 92
9 94
10 94
11 69
12 65
13 65
14 46
15 22
16 18
17 10
18 4
19 4
20 3
21 0
22 0
last timestep 22
node 630 iteration 6
0 0
1 4
2 6
3 9
4 15
5 22
6 24
7 38
8 45
9 78
10 85
11 103
12 103
13 76
14 61
15 45
16 19
17 6
18 7
19 9
20 2
21 7
22 1
23 0
24 0
last timestep 24
node 630 iteration 7
0 0
1 3
2 5
3 7
4 9
5 10
6 27
7 16
8 17
9 20
10 16
11 28
12 40
13 77
14 92
15 107
16 99
17 82
18 60
19 56
20 35
21 21
22 7
23 7
24 4
25 4
26 0
27 0
last timestep 27
node 630 iteration 8
0 0
1 1
2 6
3 5
4 8
5 1
6 3
7 3
8 14
9 11
10 18
11 26
12 38
13 49
14 64
15 65
16 88
17 93
18 80
19 77
20 63
21 43
22 50
23 27
24 17
25 15
26 11
27 6
28 2
29 3
30 0
31 1
32 1
33 0
last timestep 33
node 630 iteration 9
0 0
1 2
2 3
3 6
4 7
5 4
6 9
7 6
8 15
9 24
10 29
11 47
12 74
13 93
14 101
15 97
16 107
17 74
18 59
19 46
20 36
21 17
22 13
23 7
24 5
25 5
26 3
27 0
28 0
last timestep 28
