node 236 iteration 0
0 0
1 4
2 5
3 3
4 7
5 7
6 9
7 12
8 21
9 26
10 40
11 53
12 45
13 51
14 57
15 58
16 55
17 36
18 28
19 26
20 44
21 34
22 35
23 27
24 18
25 10
26 7
27 0
28 0
last timestep 28
node 236 iteration 1
0 0
1 2
2 0
3 2
4 0
last timestep 4
node 236 iteration 2
0 0
1 4
2 4
3 6
4 10
5 20
6 28
7 41
8 49
9 74
10 107
11 115
12 95
13 88
14 65
15 63
16 49
17 29
18 24
19 21
20 9
21 3
22 1
23 0
24 0
last timestep 24
node 236 iteration 3
0 0
1 1
2 0
3 0
last timestep 3
node 236 iteration 4
0 0
1 3
2 1
3 0
4 1
5 0
last timestep 5
node 236 iteration 5
0 0
1 5
2 9
3 17
4 22
5 47
6 46
7 44
8 82
9 62
10 67
11 65
12 47
13 48
14 35
15 26
16 18
17 13
18 10
19 9
20 6
21 4
22 3
23 2
24 0
25 0
last timestep 25
node 236 iteration 6
0 0
1 5
2 3
3 16
4 19
5 22
6 29
7 55
8 68
9 81
10 74
11 74
12 69
13 60
14 46
15 34
16 17
17 19
18 15
19 6
20 8
21 9
22 11
23 10
24 4
25 4
26 3
27 1
28 1
29 0
30 0
last timestep 30
node 236 iteration 7
0 0
1 2
2 2
3 3
4 4
5 10
6 21
7 14
8 17
9 27
10 43
11 54
12 52
13 65
14 50
15 62
16 53
17 49
18 55
19 36
20 32
21 21
22 13
23 8
24 7
25 6
26 2
27 2
28 1
29 1
30 0
31 0
last timestep 31
node 236 iteration 8
0 0
1 5
2 5
3 6
4 10
5 23
6 47
7 93
8 104
9 101
10 105
11 84
12 73
13 55
14 36
15 47
16 20
17 12
18 11
19 13
20 7
21 7
22 3
23 4
24 3
25 0
26 0
last timestep 26
node 236 iteration 9
0 0
1 1
2 0
3 0
last timestep 3
