node 613 iteration 0
0 0
1 3
2 0
3 0
last timestep 3
node 613 iteration 1
0 0
1 4
2 5
3 5
4 7
5 8
6 19
7 26
8 34
9 49
10 81
11 113
12 98
13 117
14 101
15 73
16 53
17 39
18 23
19 8
20 6
21 0
22 0
last timestep 22
node 613 iteration 2
0 0
1 2
2 2
3 1
4 1
5 1
6 0
7 0
last timestep 7
node 613 iteration 3
0 0
1 0
2 0
last timestep 2
node 613 iteration 4
0 0
1 5
2 5
3 4
4 9
5 6
6 13
7 28
8 33
9 67
10 80
11 84
12 83
13 81
14 48
15 64
16 36
17 39
18 34
19 16
20 14
21 7
22 7
23 3
24 1
25 1
26 0
27 0
last timestep 27
node 613 iteration 5
0 0
1 7
2 6
3 6
4 2
5 4
6 2
7 2
8 0
9 0
last timestep 9
node 613 iteration 6
0 0
1 2
2 5
3 4
4 16
5 16
6 24
7 41
8 67
9 71
10 97
11 89
12 69
13 53
14 56
15 42
16 48
17 32
18 21
19 14
20 9
21 6
22 1
23 0
24 0
last timestep 24
node 613 iteration 7
0 0
1 3
2 3
3 2
4 4
5 9
6 19
7 23
8 41
9 48
10 75
11 104
12 100
13 118
14 97
15 72
16 46
17 33
18 25
19 7
20 3
21 3
22 2
23 1
24 3
25 3
26 1
27 1
28 0
29 0
last timestep 29
node 613 iteration 8
0 0
1 4
2 9
3 8
4 9
5 24
6 50
7 63
8 93
9 102
10 109
11 88
12 88
13 69
14 46
15 28
16 24
17 10
18 8
19 5
20 1
21 0
22 0
last timestep 22
node 613 iteration 9
0 0
1 2
2 0
3 0
last timestep 3
